SMILES;X0A;ATSC8p;F06[O-Cl];nR_5_False_False_False_True;PEOE_VSA2;C-025;B06[N-F];F06[N-F];B06[N-Cl];B06[N-Br];B06[O-O];F06[O-O];B06[O-S];B06[O-F];B06[O-Cl];predicted
Cc1ccccc1N1C(=O)CC(N2CCN(C(=O)c3ccco3)CC2)C1=O;-0.5069950751905825;-0.5519731002732988;-0.16957679805484424;1.6258289027286723;2.9671054917269384;-0.9731903819644286;-0.6209838283181613;-0.49920768260333204;-0.24710536429033883;-0.030729254193150108;-0.48521256726432327;-0.4361122207682917;-0.15220388682955227;-0.40599897147057507;-0.18749999999999997;0.0
Cc1ccccc1N1C(=O)CN(S(C)(=O)=O)CC1(C)C(=O)NCc1ccc(Cl)cc1;1.7314401084602635;-0.10339755248339015;-0.16957679805484424;-0.3851146642402806;1.8377432168892844;-0.4038847501309328;-0.6209838283181613;-0.49920768260333204;4.046856703705712;-0.030729254193150108;2.060952389667274;2.536742788970546;-0.15220388682955227;-0.40599897147057507;-0.18749999999999997;0.0
Cc1ccccc1N1C(=O)CSC1=C(C#N)C#N;1.2193722130921765;0.46748306866619493;-0.16957679805484424;1.6258289027286723;0.708380942051631;-0.9731903819644286;-0.6209838283181613;-0.49920768260333204;-0.24710536429033883;-0.030729254193150108;-0.48521256726432327;-0.4361122207682917;-0.15220388682955227;-0.40599897147057507;-0.18749999999999997;0.0
Cc1ccccc1N1C(=O)CSC1c1cccc(NC(=O)C(Cl)c2ccccc2)c1;-0.4765973345702188;0.43852408807679527;-0.16957679805484424;1.6258289027286723;1.8377432168892844;0.16542088170256303;-0.6209838283181613;-0.49920768260333204;-0.24710536429033883;-0.030729254193150108;-0.48521256726432327;-0.4361122207682917;-0.15220388682955227;-0.40599897147057507;-0.18749999999999997;0.0
Cc1ccccc1N1C(=O)NC(NC(=O)CCC2CCCCC2)(C(F)(F)F)C1=O;1.4316953611318741;0.1255498685311741;-0.16957679805484424;1.6258289027286723;1.9359398215757906;-0.9731903819644286;-0.6209838283181613;-0.49920768260333204;-0.24710536429033883;-0.030729254193150108;2.060952389667274;1.050315284101127;-0.15220388682955227;-0.40599897147057507;-0.18749999999999997;0.0
Cc1ccccc1N1C(=O)c2cc(-c3ccco3)nn2CC1(C)C(=O)NC1CCCCC1;-0.881103453539297;1.28338004705158;-0.16957679805484424;-0.3851146642402806;2.9405507268076323;-0.9731903819644286;-0.6209838283181613;-0.49920768260333204;-0.24710536429033883;-0.030729254193150108;2.060952389667274;1.050315284101127;-0.15220388682955227;-0.40599897147057507;-0.18749999999999997;1.0
Cc1ccccc1N1C(=O)c2cc(S(N)(=O)=O)c(Cl)cc2NC1C;1.6300168763947624;-0.5048035384219592;4.3242083503985285;-0.3851146642402806;0.708380942051631;-0.4038847501309328;-0.6209838283181613;-0.49920768260333204;4.046856703705712;-0.030729254193150108;2.060952389667274;2.536742788970546;-0.15220388682955227;-0.40599897147057507;5.333333333333333;0.0
Cc1ccccc1N1C(=O)c2cc3sccc3n2CC1(C)C(=O)NC1CCCCC1;-0.9263091725094571;1.3565450179817888;-0.16957679805484424;-0.3851146642402806;1.8377432168892844;-0.9731903819644286;-0.6209838283181613;-0.49920768260333204;-0.24710536429033883;-0.030729254193150108;-0.48521256726432327;-0.4361122207682917;-0.15220388682955227;-0.40599897147057507;-0.18749999999999997;0.0
Cc1ccccc1N1C(=O)c2ccc(Oc3ccc([N+](=O)[O-])cc3)cc2C1=O;-0.11660104461291448;-0.38214085310800194;-0.16957679805484424;1.6258289027286723;3.06600698088233;0.16542088170256303;-0.6209838283181613;-0.49920768260333204;-0.24710536429033883;-0.030729254193150108;2.060952389667274;4.023170293839964;-0.15220388682955227;-0.40599897147057507;-0.18749999999999997;0.0
Cc1ccccc1N1C(=O)c2ccccc2NC1c1ccc2c(c1)OCO2;-1.920303031575906;-1.295290878533753;-0.16957679805484424;1.6258289027286723;0.708380942051631;0.16542088170256303;-0.6209838283181613;-0.49920768260333204;-0.24710536429033883;-0.030729254193150108;-0.48521256726432327;-0.4361122207682917;-0.15220388682955227;-0.40599897147057507;-0.18749999999999997;0.0
Cc1ccccc1N1C(=O)c2cccnc2C1=O;-0.31019775204296585;-0.5363992849286882;-0.16957679805484424;1.6258289027286723;1.8575457789263279;-0.4038847501309328;-0.6209838283181613;-0.49920768260333204;-0.24710536429033883;-0.030729254193150108;-0.48521256726432327;-0.4361122207682917;-0.15220388682955227;-0.40599897147057507;-0.18749999999999997;0.0
Cc1ccccc1N1C(=S)NC2c3cc([N+](=O)[O-])ccc3OC1(C)C2C;0.43008116627184906;0.7478032813970307;-0.16957679805484424;-0.3851146642402806;1.9614654081409564;-0.4038847501309328;-0.6209838283181613;-0.49920768260333204;-0.24710536429033883;-0.030729254193150108;2.060952389667274;2.536742788970546;-0.15220388682955227;-0.40599897147057507;-0.18749999999999997;0.0
Cc1ccccc1N1C=C(C#N)S(=O)(=O)c2ccc(Cl)cc21;0.8305604305229932;0.022158002875806746;8.817993498851902;-0.3851146642402806;-1.5751643097199564;-0.9731903819644286;-0.6209838283181613;-0.49920768260333204;-0.24710536429033883;-0.030729254193150108;-0.48521256726432327;-0.4361122207682917;-0.15220388682955227;-0.40599897147057507;5.333333333333333;1.0
Cc1ccccc1N1CC(C(=O)N(C)C)CC1=O;1.809764182535012;-0.14731506472117847;-0.16957679805484424;1.6258289027286723;0.6835602399553516;-0.9731903819644286;-0.6209838283181613;-0.49920768260333204;-0.24710536429033883;-0.030729254193150108;-0.48521256726432327;-0.4361122207682917;-0.15220388682955227;-0.40599897147057507;-0.18749999999999997;0.0
Cc1ccccc1N1CC(C(=O)N2CC(C)OC(C)C2)CC1=O;0.6371940442710681;1.3870120142137399;-0.16957679805484424;1.6258289027286723;0.6835602399553516;-0.9731903819644286;-0.6209838283181613;-0.49920768260333204;-0.24710536429033883;-0.030729254193150108;-0.48521256726432327;-0.4361122207682917;-0.15220388682955227;-0.40599897147057507;-0.18749999999999997;0.0
Cc1ccccc1N1CC(C(=O)N2CCCC2)CC1=O;-0.2994797437373544;0.4101824283785504;-0.16957679805484424;3.636772469697625;0.6835602399553516;-0.9731903819644286;-0.6209838283181613;-0.49920768260333204;-0.24710536429033883;-0.030729254193150108;-0.48521256726432327;-0.4361122207682917;-0.15220388682955227;-0.40599897147057507;-0.18749999999999997;0.0
Cc1ccccc1N1CC(C(=O)N2CCc3ccccc32)CC1=O;-0.9877862280481674;1.0697609940864197;-0.16957679805484424;3.636772469697625;0.6835602399553516;-0.4038847501309328;-0.6209838283181613;-0.49920768260333204;-0.24710536429033883;-0.030729254193150108;-0.48521256726432327;-0.4361122207682917;-0.15220388682955227;-0.40599897147057507;-0.18749999999999997;0.0
Cc1ccccc1N1CC(C(=O)Nc2ccc(S(=O)(=O)NC(C)(C)C)cc2)CC1=O;1.7314401084602709;1.6969461702252342;-0.16957679805484424;1.6258289027286723;0.6835602399553516;-0.9731903819644286;-0.6209838283181613;-0.49920768260333204;-0.24710536429033883;-0.030729254193150108;-0.48521256726432327;-0.4361122207682917;-0.15220388682955227;-0.40599897147057507;-0.18749999999999997;0.0
Cc1ccccc1N1CC(C(=O)Nc2ccc3c(c2)OCO3)CC1=O;-0.9563954856857148;0.8907023275623303;-0.16957679805484424;3.636772469697625;0.6835602399553516;-0.9731903819644286;-0.6209838283181613;-0.49920768260333204;-0.24710536429033883;-0.030729254193150108;2.060952389667274;1.050315284101127;-0.15220388682955227;-0.40599897147057507;-0.18749999999999997;0.0
Cc1ccccc1N1CC(C(=O)Nc2ccccc2C(=O)N2CCOCC2)CC1=O;-0.4765973345702188;1.4761715783094795;-0.16957679805484424;1.6258289027286723;1.812922514793006;-0.4038847501309328;-0.6209838283181613;-0.49920768260333204;-0.24710536429033883;-0.030729254193150108;2.060952389667274;1.050315284101127;-0.15220388682955227;-0.40599897147057507;-0.18749999999999997;0.0
Cc1ccccc1N1CC(C(=O)Nc2nnc(CCCc3ccccc3)s2)CC1=O;-0.8308325162359259;0.477980312081584;-0.16957679805484424;1.6258289027286723;0.6835602399553516;-0.4038847501309328;-0.6209838283181613;-0.49920768260333204;-0.24710536429033883;-0.030729254193150108;-0.48521256726432327;-0.4361122207682917;-0.15220388682955227;-0.40599897147057507;-0.18749999999999997;0.0
Cc1ccccc1N1CC(C(=O)Nc2nnc(CSc3ccccc3)s2)CC1=O;-0.8524813040720981;0.5182604177341245;-0.16957679805484424;1.6258289027286723;0.6835602399553516;-0.9731903819644286;-0.6209838283181613;-0.49920768260333204;-0.24710536429033883;-0.030729254193150108;-0.48521256726432327;-0.4361122207682917;-0.15220388682955227;-0.40599897147057507;-0.18749999999999997;0.0
Cc1ccccc1N1CC(c2nc3ccccc3n2CC(=O)N2CCCC2)CC1=O;-1.3943393136513027;-0.33366488455620635;-0.16957679805484424;3.636772469697625;0.6835602399553516;-0.9731903819644286;-0.6209838283181613;-0.49920768260333204;-0.24710536429033883;-0.030729254193150108;-0.48521256726432327;-0.4361122207682917;-0.15220388682955227;-0.40599897147057507;-0.18749999999999997;0.0
Cc1ccccc1N1CC(c2nc3ccccc3n2CC(=O)c2ccccc2)CC1=O;-1.355909583178265;0.35376864577255807;-0.16957679805484424;1.6258289027286723;0.6835602399553516;-0.4038847501309328;-0.6209838283181613;-0.49920768260333204;-0.24710536429033883;-0.030729254193150108;-0.48521256726432327;-0.4361122207682917;-0.15220388682955227;-0.40599897147057507;-0.18749999999999997;0.0
Cc1ccccc1N1CC(c2nnc(NC(=O)CCCN3C(=O)c4ccccc4C3=O)s2)CC1=O;-0.6168901958437569;-0.5479823119208251;-0.16957679805484424;3.636772469697625;4.096467766564593;0.16542088170256303;-0.6209838283181613;-0.49920768260333204;-0.24710536429033883;-0.030729254193150108;-0.48521256726432327;-0.4361122207682917;-0.15220388682955227;-0.40599897147057507;-0.18749999999999997;0.0
Cc1ccccc1N1CC(c2nnc(NC(=O)CCSc3ccccc3)s2)CC1=O;-0.8308325162359259;-0.0932069506580371;-0.16957679805484424;1.6258289027286723;0.6835602399553516;-0.9731903819644286;-0.6209838283181613;-0.49920768260333204;-0.24710536429033883;-0.030729254193150108;-0.48521256726432327;-0.4361122207682917;-0.15220388682955227;-0.40599897147057507;-0.18749999999999997;0.0
Cc1ccccc1N1CC(c2nnc(NC(=O)c3ccc(F)cc3)s2)CC1=O;-0.49613873925473884;-1.0971348221213628;-0.16957679805484424;1.6258289027286723;1.9359398215757906;-0.4038847501309328;1.6103478937742153;0.364022567901614;-0.24710536429033883;-0.030729254193150108;-0.48521256726432327;-0.4361122207682917;-0.15220388682955227;2.463060426921489;-0.18749999999999997;0.0
Cc1ccccc1N1CC(c2nnc(NC(=O)c3cccc(NC(=O)c4ccccc4)c3)s2)CC1=O;-0.9005897214858231;-1.4862512118673794;-0.16957679805484424;1.6258289027286723;3.065302096413445;0.16542088170256303;-0.6209838283181613;-0.49920768260333204;-0.24710536429033883;-0.030729254193150108;-0.48521256726432327;-0.4361122207682917;-0.15220388682955227;-0.40599897147057507;-0.18749999999999997;0.0
Cc1ccccc1N1CCC(C(=O)NCc2ccccn2)C1=O;-0.2868977339872869;-0.020094711957986584;-0.16957679805484424;1.6258289027286723;1.8575457789263279;-0.9731903819644286;-0.6209838283181613;-0.49920768260333204;-0.24710536429033883;-0.030729254193150108;-0.48521256726432327;-0.4361122207682917;-0.15220388682955227;-0.40599897147057507;-0.18749999999999997;0.0
Cc1ccccc1N1CCN(C(=O)CCC2CCCN(C(=O)Nc3ccccc3)C2)CC1;-0.7915940882828728;-0.5330002076444329;-0.16957679805484424;-0.3851146642402806;-0.4458020348823024;-0.9731903819644286;-0.6209838283181613;-0.49920768260333204;-0.24710536429033883;-0.030729254193150108;-0.48521256726432327;-0.4361122207682917;-0.15220388682955227;-0.40599897147057507;-0.18749999999999997;0.0
Cc1ccccc1N1CCN(C(=O)c2ccc(-c3nccnc3N3CCCC3)cc2)CC1;-1.651977193671389;1.2371582592693353;-0.16957679805484424;1.6258289027286723;0.728183504088674;0.16542088170256303;-0.6209838283181613;-0.49920768260333204;-0.24710536429033883;-0.030729254193150108;-0.48521256726432327;-0.4361122207682917;-0.15220388682955227;-0.40599897147057507;-0.18749999999999997;0.0
Cc1ccccc1N1CCN(C(=O)c2ccccc2N2CCC(NC(=O)C3CC3)CC2)CC1;-1.2860373459545424;1.4184208675886898;-0.16957679805484424;-0.3851146642402806;0.6835602399553516;-0.4038847501309328;-0.6209838283181613;-0.49920768260333204;-0.24710536429033883;-0.030729254193150108;-0.48521256726432327;-0.4361122207682917;-0.15220388682955227;-0.40599897147057507;-0.18749999999999997;1.0
Cc1ccccc1N1CCN(C(=O)c2n[nH]c3c2CN(C(=O)c2ccccc2)CC3)CC1;-1.3198817108597927;0.5463831334457407;-0.16957679805484424;-0.3851146642402806;1.8845643545602042;0.16542088170256303;-0.6209838283181613;-0.49920768260333204;-0.24710536429033883;-0.030729254193150108;-0.48521256726432327;-0.4361122207682917;-0.15220388682955227;-0.40599897147057507;-0.18749999999999997;1.0
Cc1ccccc1N1CCN(C(=O)c2n[nH]c3c2CN(C(=O)c2ccoc2)CC3)CC1;-1.3559095831782724;0.2853893735027692;-0.16957679805484424;-0.3851146642402806;1.8845643545602042;0.16542088170256303;-0.6209838283181613;-0.49920768260333204;-0.24710536429033883;-0.030729254193150108;-0.48521256726432327;-0.4361122207682917;-0.15220388682955227;-0.40599897147057507;-0.18749999999999997;0.0
Cc1ccccc1N1CCN(C(=O)c2nc(-c3ccnc(N4CCCCC4)c3)no2)CC1;-1.651977193671389;-0.18573827317112496;-0.16957679805484424;-0.3851146642402806;-0.4458020348823024;-0.4038847501309328;-0.6209838283181613;-0.49920768260333204;-0.24710536429033883;-0.030729254193150108;-0.48521256726432327;-0.4361122207682917;-0.15220388682955227;-0.40599897147057507;-0.18749999999999997;1.0
Cc1ccccc1N1CCN(C(=O)c2snc(-c3ccccn3)c2N)CC1;-0.9005897214858086;1.3609520526708332;-0.16957679805484424;-0.3851146642402806;0.728183504088674;-0.9731903819644286;-0.6209838283181613;-0.49920768260333204;-0.24710536429033883;-0.030729254193150108;-0.48521256726432327;-0.4361122207682917;-0.15220388682955227;-0.40599897147057507;-0.18749999999999997;0.0
Cc1ccccc1N1CCN(C2CCCN(C(=O)c3ccc([N+](=O)[O-])cc3)C2)CC1;-0.4765973345702188;-0.0774894538569786;-0.16957679805484424;-0.3851146642402806;3.09082768297861;-0.4038847501309328;-0.6209838283181613;-0.49920768260333204;-0.24710536429033883;-0.030729254193150108;-0.48521256726432327;-0.4361122207682917;-0.15220388682955227;-0.40599897147057507;-0.18749999999999997;1.0
Cc1ccccc1N1CCN(CC(=O)Nc2c(C)n(C)n(-c3ccccc3)c2=O)CC1;-0.12496394374588732;-0.6206218007624902;-0.16957679805484424;-0.3851146642402806;2.9405507268076323;-0.9731903819644286;-0.6209838283181613;-0.49920768260333204;-0.24710536429033883;-0.030729254193150108;-0.48521256726432327;-0.4361122207682917;-0.15220388682955227;-0.40599897147057507;-0.18749999999999997;0.0
Cc1ccccc1N1CCN(CCc2nnc3n2CCCC3)CC1;-1.8733741822124244;-1.014307830104018;-0.16957679805484424;-0.3851146642402806;-0.4209813327860232;-0.9731903819644286;-0.6209838283181613;-0.49920768260333204;-0.24710536429033883;-0.030729254193150108;-0.48521256726432327;-0.4361122207682917;-0.15220388682955227;-0.40599897147057507;-0.18749999999999997;1.0
Cc1ccccc1N1CCN(S(=O)(=O)c2cc3n(c2)CCCNC3=O)CC1;-0.3805562313282031;-0.9144528096787863;-0.16957679805484424;-0.3851146642402806;-0.4458020348823024;-0.9731903819644286;-0.6209838283181613;-0.49920768260333204;-0.24710536429033883;-0.030729254193150108;2.060952389667274;2.536742788970546;-0.15220388682955227;-0.40599897147057507;-0.18749999999999997;0.0
Cc1ccccc1N1CCN(S(=O)(=O)c2ccc(Cl)cc2)C(C)C1=O;1.131613276580655;0.8587886783482659;8.817993498851902;-0.3851146642402806;-0.4458020348823024;-0.9731903819644286;-0.6209838283181613;-0.49920768260333204;4.046856703705712;-0.030729254193150108;-0.48521256726432327;-0.4361122207682917;-0.15220388682955227;-0.40599897147057507;5.333333333333333;0.0
Cc1ccccc1N1CCN(S(=O)(=O)c2cccc3nonc23)CC1;-0.8198415343143514;0.05417499909739424;-0.16957679805484424;-0.3851146642402806;-1.5751643097199564;-0.9731903819644286;-0.6209838283181613;-0.49920768260333204;-0.24710536429033883;-0.030729254193150108;-0.48521256726432327;-0.4361122207682917;-0.15220388682955227;-0.40599897147057507;-0.18749999999999997;1.0
Cc1ccccc1N1CCN(S(=O)(=O)c2nnc(NC(=O)CC(C)C)s2)CC1;0.9886171038412561;-0.0027964312651169243;-0.16957679805484424;-0.3851146642402806;-0.4458020348823024;-0.9731903819644286;-0.6209838283181613;-0.49920768260333204;-0.24710536429033883;-0.030729254193150108;-0.48521256726432327;-0.4361122207682917;6.5701344481423405;-0.40599897147057507;-0.18749999999999997;0.0
Cc1ccccc1N1CCN(S(=O)(=O)c2nnc(NC(=O)c3ccco3)s2)CC1;-0.36831219254605563;-0.07864114119424126;-0.16957679805484424;-0.3851146642402806;0.8065775467381363;-0.9731903819644286;-0.6209838283181613;-0.49920768260333204;-0.24710536429033883;-0.030729254193150108;-0.48521256726432327;-0.4361122207682917;6.5701344481423405;-0.40599897147057507;-0.18749999999999997;1.0
Cc1ccccc1N1CCN(S(=O)(=O)c2nnc(NC(=O)c3cccs3)s2)CC1;-0.36831219254605563;-0.8378116517664363;-0.16957679805484424;-0.3851146642402806;0.8065775467381363;-0.9731903819644286;-0.6209838283181613;-0.49920768260333204;-0.24710536429033883;-0.030729254193150108;-0.48521256726432327;-0.4361122207682917;6.5701344481423405;-0.40599897147057507;-0.18749999999999997;0.0
Cc1ccccc1N1CCN(c2nc(-c3ccc(F)cc3)ncc2C(=O)NCC2CC2)CC1;-1.2860373459545424;0.4611320927879892;-0.16957679805484424;-0.3851146642402806;-0.4458020348823024;0.16542088170256303;1.6103478937742153;1.22725281840656;-0.24710536429033883;-0.030729254193150108;-0.48521256726432327;-0.4361122207682917;-0.15220388682955227;-0.40599897147057507;-0.18749999999999997;1.0
Cc1ccccc1N1CCn2c1nc1c2c(=O)n(CC(=O)O)c(=O)n1C;0.29877928995321257;0.2928180180070853;-0.16957679805484424;1.6258289027286723;1.7593491742398217;-0.9731903819644286;-0.6209838283181613;-0.49920768260333204;-0.24710536429033883;-0.030729254193150108;-0.48521256726432327;-0.4361122207682917;-0.15220388682955227;-0.40599897147057507;-0.18749999999999997;0.0
Cc1ccccc1N1CN(Cc2ccccc2)CNC1=S;-0.8009365711288127;1.5227728838889358;-0.16957679805484424;-0.3851146642402806;-0.4209813327860232;-0.4038847501309328;-0.6209838283181613;-0.49920768260333204;-0.24710536429033883;-0.030729254193150108;-0.48521256726432327;-0.4361122207682917;-0.15220388682955227;-0.40599897147057507;-0.18749999999999997;0.0
Cc1ccccc1N1CSC2=C(C#N)C(c3ccc(F)cc3)CC(=O)N2C1;-0.5069950751905825;-0.6758662076234009;-0.16957679805484424;-0.3851146642402806;0.708380942051631;-0.4038847501309328;-0.6209838283181613;-0.49920768260333204;-0.24710536429033883;-0.030729254193150108;-0.48521256726432327;-0.4361122207682917;-0.15220388682955227;-0.40599897147057507;-0.18749999999999997;0.0
Cc1ccccc1N1CSC2=C(C#N)C(c3ccccc3)CC(=O)N2C1;-0.9274194158126849;-0.6349352101470714;-0.16957679805484424;-0.3851146642402806;0.708380942051631;-0.4038847501309328;-0.6209838283181613;-0.49920768260333204;-0.24710536429033883;-0.030729254193150108;-0.48521256726432327;-0.4361122207682917;-0.15220388682955227;-0.40599897147057507;-0.18749999999999997;0.0
Cc1ccccc1N1OC2C(=O)N(c3ccc(Cl)cc3)C(=O)C2C1c1ccco1;-1.0689691824338277;0.3595979416363317;-0.16957679805484424;3.636772469697625;1.823063353166712;-0.9731903819644286;-0.6209838283181613;-0.49920768260333204;-0.24710536429033883;-0.030729254193150108;2.060952389667274;1.050315284101127;-0.15220388682955227;-0.40599897147057507;-0.18749999999999997;0.0
Cc1ccccc1N1OC2C(=O)N(c3cccc([N+](=O)[O-])c3)C(=O)C2C1c1cccs1;-0.6702931025349614;0.6348768176816653;-0.16957679805484424;3.636772469697625;4.205510094093692;-0.9731903819644286;-0.6209838283181613;-0.49920768260333204;-0.24710536429033883;-0.030729254193150108;-0.48521256726432327;-0.4361122207682917;6.5701344481423405;-0.40599897147057507;-0.18749999999999997;0.0
Cc1ccccc1NC(=O)/C(C#N)=C/c1ccc(SCc2ccc(Cl)cc2)o1;0.10761854369031555;-0.20547248737882398;-0.16957679805484424;-0.3851146642402806;-0.4458020348823024;-0.4038847501309328;-0.6209838283181613;-0.49920768260333204;-0.24710536429033883;-0.030729254193150108;-0.48521256726432327;-0.4361122207682917;-0.15220388682955227;-0.40599897147057507;-0.18749999999999997;1.0
Cc1ccccc1NC(=O)/C(C#N)=C/c1ccc2c(c1)OCO2;-0.2868977339872869;-0.07408996685943084;-0.16957679805484424;1.6258289027286723;-0.4458020348823024;-0.4038847501309328;-0.6209838283181613;-0.49920768260333204;-0.24710536429033883;-0.030729254193150108;-0.48521256726432327;-0.4361122207682917;-0.15220388682955227;-0.40599897147057507;-0.18749999999999997;1.0
Cc1ccccc1NC(=O)C(=O)NCC(c1ccc2c(c1)OCO2)N1CCN(C)CC1;-0.4677721840675391;-0.13283356816274783;-0.16957679805484424;1.6258289027286723;1.8377432168892849;-0.4038847501309328;-0.6209838283181613;-0.49920768260333204;-0.24710536429033883;-0.030729254193150108;-0.48521256726432327;-0.4361122207682917;-0.15220388682955227;-0.40599897147057507;-0.18749999999999997;0.0
Cc1ccccc1NC(=O)C(=O)NCC(c1ccc2c(c1)OCO2)N1CCOCC1;-0.8308325162359331;-0.08789613909369212;-0.16957679805484424;1.6258289027286723;1.8377432168892849;-0.4038847501309328;-0.6209838283181613;-0.49920768260333204;-0.24710536429033883;-0.030729254193150108;-0.48521256726432327;-0.4361122207682917;-0.15220388682955227;-0.40599897147057507;-0.18749999999999997;0.0
Cc1ccccc1NC(=O)C(=O)NCCCn1ccnc1;0.5101233989870257;-0.3679375048177186;-0.16957679805484424;-0.3851146642402806;0.6835602399553516;-0.9731903819644286;-0.6209838283181613;-0.49920768260333204;-0.24710536429033883;-0.030729254193150108;-0.48521256726432327;-0.4361122207682917;-0.15220388682955227;-0.40599897147057507;-0.18749999999999997;0.0
Cc1ccccc1NC(=O)C(=O)NCCOc1ccc(Cl)cc1;0.9101570213358601;-0.9138495704165297;-0.16957679805484424;-0.3851146642402806;0.6835602399553516;-0.9731903819644286;-0.6209838283181613;-0.49920768260333204;-0.24710536429033883;-0.030729254193150108;2.060952389667274;1.050315284101127;-0.15220388682955227;-0.40599897147057507;-0.18749999999999997;0.0
Cc1ccccc1NC(=O)C(=O)c1cn(Cc2ccc(F)cc2)c2ccccc12;-0.48603111614206007;-0.7410259173054348;-0.16957679805484424;-0.3851146642402806;0.6835602399553516;0.7347265135360589;1.6103478937742153;0.364022567901614;-0.24710536429033883;-0.030729254193150108;-0.48521256726432327;-0.4361122207682917;-0.15220388682955227;-0.40599897147057507;-0.18749999999999997;0.0
Cc1ccccc1NC(=O)C(C)N(c1ccccc1)S(C)(=O)=O;1.9826770076065774;-0.07878686069810731;-0.16957679805484424;-0.3851146642402806;0.5682997102768662;-0.9731903819644286;-0.6209838283181613;-0.49920768260333204;-0.24710536429033883;-0.030729254193150108;-0.48521256726432327;-0.4361122207682917;-0.15220388682955227;-0.40599897147057507;-0.18749999999999997;0.0
Cc1ccccc1NC(=O)C(C)Oc1ccccc1Br;1.0771332248842715;2.1692454992442114;-0.16957679805484424;-0.3851146642402806;-0.4458020348823024;-0.9731903819644286;-0.6209838283181613;-0.49920768260333204;-0.24710536429033883;32.54228019054596;-0.48521256726432327;-0.4361122207682917;-0.15220388682955227;-0.40599897147057507;-0.18749999999999997;0.0
Cc1ccccc1NC(=O)C(C)Sc1cc(C)c2cc(S(=O)(=O)N(C)C)ccc2n1;1.6176451489841324;-0.20297254556519953;-0.16957679805484424;-0.3851146642402806;-0.4458020348823024;0.16542088170256303;-0.6209838283181613;-0.49920768260333204;-0.24710536429033883;-0.030729254193150108;-0.48521256726432327;-0.4361122207682917;-0.15220388682955227;-0.40599897147057507;-0.18749999999999997;0.0
Cc1ccccc1NC(=O)C(C)Sc1nc2c(c(=O)[nH]1)CCCC2;0.15939124580318756;0.06962296267274237;-0.16957679805484424;-0.3851146642402806;0.6835602399553516;-0.4038847501309328;-0.6209838283181613;-0.49920768260333204;-0.24710536429033883;-0.030729254193150108;-0.48521256726432327;-0.4361122207682917;-0.15220388682955227;-0.40599897147057507;-0.18749999999999997;0.0
Cc1ccccc1NC(=O)C(C)Sc1nc2ncccc2o1;-0.29071046421457947;0.3162538648869663;-0.16957679805484424;-0.3851146642402806;-0.4458020348823024;-0.9731903819644286;-0.6209838283181613;-0.49920768260333204;-0.24710536429033883;-0.030729254193150108;-0.48521256726432327;-0.4361122207682917;-0.15220388682955227;-0.40599897147057507;-0.18749999999999997;0.0
Cc1ccccc1NC(=O)C(C)n1c(C)nc2onc(C)c2c1=O;1.0449791999674445;1.697389716517051;-0.16957679805484424;-0.3851146642402806;1.7593491742398217;-0.4038847501309328;-0.6209838283181613;-0.49920768260333204;-0.24710536429033883;-0.030729254193150108;-0.48521256726432327;-0.4361122207682917;-0.15220388682955227;-0.40599897147057507;-0.18749999999999997;0.0
Cc1ccccc1NC(=O)C(C)n1cnc2nc3c(cc2c1=O)CCCC3;-0.5069950751905897;-0.13462501300951066;-0.16957679805484424;-0.3851146642402806;1.7593491742398217;0.16542088170256303;-0.6209838283181613;-0.49920768260333204;-0.24710536429033883;-0.030729254193150108;-0.48521256726432327;-0.4361122207682917;-0.15220388682955227;-0.40599897147057507;-0.18749999999999997;0.0
Cc1ccccc1NC(=O)C(C)n1nc(C)n2cncc2c1=O;0.6371940442710681;1.3758096017904922;-0.16957679805484424;-0.3851146642402806;1.720152152915091;-0.9731903819644286;-0.6209838283181613;-0.49920768260333204;-0.24710536429033883;-0.030729254193150108;-0.48521256726432327;-0.4361122207682917;-0.15220388682955227;-0.40599897147057507;-0.18749999999999997;0.0
Cc1ccccc1NC(=O)C1(C)Cc2ccccc2C(=O)O1;0.34751245552430693;1.4551193125553714;-0.16957679805484424;-0.3851146642402806;-0.4458020348823024;0.16542088170256303;-0.6209838283181613;-0.49920768260333204;-0.24710536429033883;-0.030729254193150108;-0.48521256726432327;-0.4361122207682917;-0.15220388682955227;-0.40599897147057507;-0.18749999999999997;0.0
Cc1ccccc1NC(=O)C1(N(C(=O)Cn2nnnc2N)c2ccccc2)CCCCC1;-0.35281583096239155;-1.2374435008989035;-0.16957679805484424;-0.3851146642402806;1.8377432168892844;-0.9731903819644286;-0.6209838283181613;-0.49920768260333204;-0.24710536429033883;-0.030729254193150108;-0.48521256726432327;-0.4361122207682917;-0.15220388682955227;-0.40599897147057507;-0.18749999999999997;0.0
Cc1ccccc1NC(=O)C1=Cc2cc(Cl)ccc2OC=C1;-0.29071046421457947;0.22068635996326394;-0.16957679805484424;-0.3851146642402806;-0.4458020348823024;-0.4038847501309328;-0.6209838283181613;-0.49920768260333204;-0.24710536429033883;-0.030729254193150108;-0.48521256726432327;-0.4361122207682917;-0.15220388682955227;-0.40599897147057507;-0.18749999999999997;0.0
Cc1ccccc1NC(=O)C1C(=O)N(CCO)C2(C)CC1c1ccccc1O2;0.005322126254384615;0.3369619083449942;-0.16957679805484424;-0.3851146642402806;0.6835602399553516;-0.4038847501309328;-0.6209838283181613;-0.49920768260333204;-0.24710536429033883;-0.030729254193150108;2.060952389667274;1.050315284101127;-0.15220388682955227;-0.40599897147057507;-0.18749999999999997;0.0
Cc1ccccc1NC(=O)C1CC(=O)N(CCc2c[nH]c3ccc(Cl)cc23)C1;-0.49613873925473884;1.0692686469343007;-0.16957679805484424;1.6258289027286723;0.6835602399553516;0.16542088170256303;-0.6209838283181613;-0.49920768260333204;-0.24710536429033883;-0.030729254193150108;-0.48521256726432327;-0.4361122207682917;-0.15220388682955227;-0.40599897147057507;-0.18749999999999997;0.0
Cc1ccccc1NC(=O)C1CC(=O)N(CCc2c[nH]c3ccc(F)cc23)C1;-0.49613873925473884;0.37672069163243793;-0.16957679805484424;1.6258289027286723;0.6835602399553516;0.16542088170256303;-0.6209838283181613;-0.49920768260333204;-0.24710536429033883;-0.030729254193150108;-0.48521256726432327;-0.4361122207682917;-0.15220388682955227;-0.40599897147057507;-0.18749999999999997;0.0
Cc1ccccc1NC(=O)C1CC(=O)N(c2ccc3c(c2)CCN3C(=O)C2CC2)C1;-1.0401041319855957;1.5419847307787127;-0.16957679805484424;3.636772469697625;1.812922514793006;-0.4038847501309328;-0.6209838283181613;-0.49920768260333204;-0.24710536429033883;-0.030729254193150108;-0.48521256726432327;-0.4361122207682917;-0.15220388682955227;-0.40599897147057507;-0.18749999999999997;0.0
Cc1ccccc1NC(=O)C1CC(=O)N(c2n[nH]c3ccccc23)C1;-0.956395485685722;1.2651224118434923;-0.16957679805484424;1.6258289027286723;3.0387473314941382;-0.4038847501309328;-0.6209838283181613;-0.49920768260333204;-0.24710536429033883;-0.030729254193150108;-0.48521256726432327;-0.4361122207682917;-0.15220388682955227;-0.40599897147057507;-0.18749999999999997;0.0
Cc1ccccc1NC(=O)C1CCC(=O)N1;0.732979982728865;-0.31030967120655656;-0.16957679805484424;1.6258289027286723;0.6835602399553516;-0.9731903819644286;-0.6209838283181613;-0.49920768260333204;-0.24710536429033883;-0.030729254193150108;-0.48521256726432327;-0.4361122207682917;-0.15220388682955227;-0.40599897147057507;-0.18749999999999997;0.0
Cc1ccccc1NC(=O)C1CCC(C)(C(=O)O)C1(C)C;2.859452892722894;-2.2802122324479557;-0.16957679805484424;-0.3851146642402806;0.6835602399553516;-0.9731903819644286;-0.6209838283181613;-0.49920768260333204;-0.24710536429033883;-0.030729254193150108;2.060952389667274;2.536742788970546;-0.15220388682955227;-0.40599897147057507;-0.18749999999999997;1.0
Cc1ccccc1NC(=O)C1CCC(CNS(=O)(=O)c2cccc3nsnc23)CC1;-0.36280237509408025;-0.234975425646863;-0.16957679805484424;-0.3851146642402806;-0.4458020348823024;-0.9731903819644286;-0.6209838283181613;-0.49920768260333204;-0.24710536429033883;-0.030729254193150108;-0.48521256726432327;-0.4361122207682917;-0.15220388682955227;-0.40599897147057507;-0.18749999999999997;1.0
Cc1ccccc1NC(=O)C1CCCN(C(=O)c2nn(C)c3c2CN(C(=O)C2CCCCC2)CC3)C1;-0.6053937367644089;-0.13261178606910975;-0.16957679805484424;-0.3851146642402806;2.9157300247113525;-0.4038847501309328;-0.6209838283181613;-0.49920768260333204;-0.24710536429033883;-0.030729254193150108;2.060952389667274;1.050315284101127;-0.15220388682955227;-0.40599897147057507;-0.18749999999999997;1.0
Cc1ccccc1NC(=O)C1CCCN(S(=O)(=O)c2c(C)noc2/C=C/c2cccs2)C1;-0.020720348150787975;-0.059206391388877365;-0.16957679805484424;-0.3851146642402806;-0.4458020348823024;-0.9731903819644286;-0.6209838283181613;-0.49920768260333204;-0.24710536429033883;-0.030729254193150108;2.060952389667274;2.536742788970546;-0.15220388682955227;-0.40599897147057507;-0.18749999999999997;0.0
Cc1ccccc1NC(=O)C1CCCN(S(=O)(=O)c2cc3c(cc2C)NC(=O)C(C)O3)C1;0.6434706174724192;0.6096901463907765;-0.16957679805484424;-0.3851146642402806;0.6835602399553516;-0.4038847501309328;-0.6209838283181613;-0.49920768260333204;-0.24710536429033883;-0.030729254193150108;2.060952389667274;2.536742788970546;-0.15220388682955227;-0.40599897147057507;-0.18749999999999997;0.0
Cc1ccccc1NC(=O)C1CCCN(S(=O)(=O)c2cc3c(cc2C)NC(=O)CO3)C1;0.32796845090752225;0.6815050587327801;-0.16957679805484424;-0.3851146642402806;0.6835602399553516;-0.4038847501309328;-0.6209838283181613;-0.49920768260333204;-0.24710536429033883;-0.030729254193150108;2.060952389667274;2.536742788970546;-0.15220388682955227;-0.40599897147057507;-0.18749999999999997;0.0
Cc1ccccc1NC(=O)C1CCCN(S(=O)(=O)c2cc3c(cc2Cl)NC(=O)CO3)C1;0.32796845090752225;0.007687912041970458;4.3242083503985285;-0.3851146642402806;0.6835602399553516;-0.9731903819644286;-0.6209838283181613;-0.49920768260333204;-0.24710536429033883;-0.030729254193150108;2.060952389667274;2.536742788970546;-0.15220388682955227;-0.40599897147057507;5.333333333333333;0.0
Cc1ccccc1NC(=O)C1CCCN(S(=O)(=O)c2cccc3nsnc23)C1;-0.37421556838743975;0.8149208235209761;-0.16957679805484424;-0.3851146642402806;-0.4458020348823024;-0.9731903819644286;-0.6209838283181613;-0.49920768260333204;-0.24710536429033883;-0.030729254193150108;2.060952389667274;2.536742788970546;-0.15220388682955227;-0.40599897147057507;-0.18749999999999997;0.0
Cc1ccccc1NC(=O)C1CCCN(c2ccc(=O)n(-c3ccc(F)cc3)n2)C1;-0.4765973345702188;0.22958574158498832;-0.16957679805484424;-0.3851146642402806;0.6835602399553516;-0.9731903819644286;1.6103478937742153;0.364022567901614;-0.24710536429033883;-0.030729254193150108;-0.48521256726432327;-0.4361122207682917;-0.15220388682955227;-0.40599897147057507;-0.18749999999999997;0.0
Cc1ccccc1NC(=O)C1CCCN(c2ncnc3onc(-c4ccc(F)cc4)c23)C1;-1.3198817108597782;0.5788453493009037;-0.16957679805484424;-0.3851146642402806;-0.4458020348823024;0.16542088170256303;1.6103478937742153;0.364022567901614;-0.24710536429033883;-0.030729254193150108;-0.48521256726432327;-0.4361122207682917;-0.15220388682955227;-0.40599897147057507;-0.18749999999999997;1.0
Cc1ccccc1NC(=O)C1CCCN1S(=O)(=O)c1cc2c(cc1C)NC(=O)CO2;0.34566798823733397;0.10469883059859253;-0.16957679805484424;1.6258289027286723;0.6835602399553516;-0.4038847501309328;-0.6209838283181613;-0.49920768260333204;-0.24710536429033883;-0.030729254193150108;-0.48521256726432327;-0.4361122207682917;-0.15220388682955227;-0.40599897147057507;-0.18749999999999997;0.0
Cc1ccccc1NC(=O)C1CCCN1S(=O)(=O)c1cccc2nsnc12;-0.3805562313282031;-2.5448306696405965;-0.16957679805484424;1.6258289027286723;-0.4458020348823024;-0.9731903819644286;-0.6209838283181613;-0.49920768260333204;-0.24710536429033883;-0.030729254193150108;-0.48521256726432327;-0.4361122207682917;-0.15220388682955227;-0.40599897147057507;-0.18749999999999997;0.0
Cc1ccccc1NC(=O)C1CCN(Cc2noc(-c3ccc(F)cc3)n2)CC1;-0.8524813040721054;-0.5000640176397718;-0.16957679805484424;-0.3851146642402806;0.708380942051631;-0.4038847501309328;1.6103478937742153;0.364022567901614;-0.24710536429033883;-0.030729254193150108;-0.48521256726432327;-0.4361122207682917;-0.15220388682955227;2.463060426921489;-0.18749999999999997;0.0
Cc1ccccc1NC(=O)C1CCN(S(=O)(=O)Cc2ccc(F)cc2)CC1;0.6391570787618942;0.26682574135336196;-0.16957679805484424;-0.3851146642402806;-0.4458020348823024;-0.4038847501309328;-0.6209838283181613;-0.49920768260333204;-0.24710536429033883;-0.030729254193150108;-0.48521256726432327;-0.4361122207682917;6.5701344481423405;-0.40599897147057507;-0.18749999999999997;0.0
Cc1ccccc1NC(=O)C1CCN(S(=O)(=O)c2cc3c(cc2C)NC(=O)CO3)CC1;0.32796845090752225;1.0069707933396044;-0.16957679805484424;-0.3851146642402806;0.6835602399553516;-0.4038847501309328;-0.6209838283181613;-0.49920768260333204;-0.24710536429033883;-0.030729254193150108;-0.48521256726432327;-0.4361122207682917;6.5701344481423405;-0.40599897147057507;-0.18749999999999997;0.0
Cc1ccccc1NC(=O)C1CCN(c2c(C#N)cnc3ccccc23)CC1;-0.8756764338965705;0.22985389278328286;-0.16957679805484424;-0.3851146642402806;0.728183504088674;0.16542088170256303;-0.6209838283181613;-0.49920768260333204;-0.24710536429033883;-0.030729254193150108;-0.48521256726432327;-0.4361122207682917;-0.15220388682955227;-0.40599897147057507;-0.18749999999999997;0.0
Cc1ccccc1NC(=O)C1CCN(c2nc3ccccc3[nH]2)CC1;-1.3814777036845647;0.052034589797680546;-0.16957679805484424;-0.3851146642402806;-0.4458020348823024;-0.9731903819644286;-0.6209838283181613;-0.49920768260333204;-0.24710536429033883;-0.030729254193150108;-0.48521256726432327;-0.4361122207682917;-0.15220388682955227;-0.40599897147057507;-0.18749999999999997;1.0
Cc1ccccc1NC(=O)C1CCN(c2ncnc3c2nc2n3CCCCC2)CC1;-1.748574495317017;-0.713470768852977;-0.16957679805484424;-0.3851146642402806;-0.4458020348823024;-0.9731903819644286;-0.6209838283181613;-0.49920768260333204;-0.24710536429033883;-0.030729254193150108;-0.48521256726432327;-0.4361122207682917;-0.15220388682955227;-0.40599897147057507;-0.18749999999999997;1.0
Cc1ccccc1NC(=O)C1COc2ccccc2O1;-0.8308325162359043;1.1558405094806345;-0.16957679805484424;-0.3851146642402806;-0.4458020348823024;-0.9731903819644286;-0.6209838283181613;-0.49920768260333204;-0.24710536429033883;-0.030729254193150108;-0.48521256726432327;-0.4361122207682917;-0.15220388682955227;-0.40599897147057507;-0.18749999999999997;0.0
Cc1ccccc1NC(=O)C1Cc2ccccc2CN1S(=O)(=O)c1ccc2ccccc2c1;-0.8605553994619515;-0.8780615573167263;-0.16957679805484424;-0.3851146642402806;-0.4458020348823024;1.3040321453695547;-0.6209838283181613;-0.49920768260333204;-0.24710536429033883;-0.030729254193150108;-0.48521256726432327;-0.4361122207682917;-0.15220388682955227;-0.40599897147057507;-0.18749999999999997;1.0
Cc1ccccc1NC(=O)C1Sc2nnc(C)n2NC1c1ccc(F)cc1;-0.5069950751905825;-0.14314177995454777;-0.16957679805484424;-0.3851146642402806;-0.4458020348823024;-0.4038847501309328;1.6103478937742153;0.364022567901614;-0.24710536429033883;-0.030729254193150108;-0.48521256726432327;-0.4361122207682917;-0.15220388682955227;-0.40599897147057507;-0.18749999999999997;1.0
Cc1ccccc1NC(=O)C1c2cccc[n+]2CC(=O)N1c1cccc(Cl)c1C;-0.11958092821201476;-0.7862417140858448;4.3242083503985285;-0.3851146642402806;1.8377432168892849;-0.4038847501309328;-0.6209838283181613;-0.49920768260333204;-0.24710536429033883;-0.030729254193150108;-0.48521256726432327;-0.4361122207682917;-0.15220388682955227;-0.40599897147057507;5.333333333333333;0.0
Cc1ccccc1NC(=O)CC(C)S(=O)(=O)c1ccc2c(c1)CCN2C(=O)C1CC1;0.34566798823733397;-0.4208887101014999;-0.16957679805484424;1.6258289027286723;0.6835602399553516;-0.4038847501309328;-0.6209838283181613;-0.49920768260333204;-0.24710536429033883;-0.030729254193150108;-0.48521256726432327;-0.4361122207682917;-0.15220388682955227;-0.40599897147057507;-0.18749999999999997;0.0
Cc1ccccc1NC(=O)CC(C)S(=O)(=O)c1ccc2c(c1)NC(=O)CS2;1.0327517250571203;-2.156254166098277;-0.16957679805484424;-0.3851146642402806;0.6835602399553516;-0.9731903819644286;-0.6209838283181613;-0.49920768260333204;-0.24710536429033883;-0.030729254193150108;-0.48521256726432327;-0.4361122207682917;6.5701344481423405;-0.40599897147057507;-0.18749999999999997;0.0
Cc1ccccc1NC(=O)CC1C(=O)N(C2CCCC2)c2nc3ccccc3n21;-1.4354193703638658;0.5604572582033175;-0.16957679805484424;1.6258289027286723;2.9135321511737553;-0.9731903819644286;-0.6209838283181613;-0.49920768260333204;-0.24710536429033883;-0.030729254193150108;-0.48521256726432327;-0.4361122207682917;-0.15220388682955227;-0.40599897147057507;-0.18749999999999997;0.0
Cc1ccccc1NC(=O)CC1C(=O)Nc2nc3ccccc3n21;-0.9877862280481674;0.6989835787353668;-0.16957679805484424;1.6258289027286723;3.0117287558602617;-0.9731903819644286;-0.6209838283181613;-0.49920768260333204;-0.24710536429033883;-0.030729254193150108;-0.48521256726432327;-0.4361122207682917;-0.15220388682955227;-0.40599897147057507;-0.18749999999999997;0.0
Cc1ccccc1NC(=O)CC1CCCN(c2cnn(C)c(=O)c2)C1;0.1448948892115773;-0.2526899512746846;-0.16957679805484424;-0.3851146642402806;0.6835602399553516;-0.9731903819644286;-0.6209838283181613;-0.49920768260333204;-0.24710536429033883;-0.030729254193150108;-0.48521256726432327;-0.4361122207682917;-0.15220388682955227;-0.40599897147057507;-0.18749999999999997;0.0
Cc1ccccc1NC(=O)CC1COc2ccccc2NC1=O;-0.2868977339872869;-0.45983698191755673;-0.16957679805484424;-0.3851146642402806;0.6835602399553516;-0.9731903819644286;-0.6209838283181613;-0.49920768260333204;-0.24710536429033883;-0.030729254193150108;-0.48521256726432327;-0.4361122207682917;-0.15220388682955227;-0.40599897147057507;-0.18749999999999997;0.0
Cc1ccccc1NC(=O)CC1SCCNC1=O;0.628980243649341;-1.178794020877772;-0.16957679805484424;-0.3851146642402806;0.6835602399553516;-0.9731903819644286;-0.6209838283181613;-0.49920768260333204;-0.24710536429033883;-0.030729254193150108;-0.48521256726432327;-0.4361122207682917;-0.15220388682955227;-0.40599897147057507;-0.18749999999999997;0.0
Cc1ccccc1NC(=O)CC1Sc2ccccc2NC1=O;-0.29071046421457947;-0.6547640441735777;-0.16957679805484424;-0.3851146642402806;0.6835602399553516;-0.9731903819644286;-0.6209838283181613;-0.49920768260333204;-0.24710536429033883;-0.030729254193150108;-0.48521256726432327;-0.4361122207682917;-0.15220388682955227;-0.40599897147057507;-0.18749999999999997;0.0
Cc1ccccc1NC(=O)CCC(=O)N/N=C/c1ccc(Br)cc1;0.863774742572414;0.02427918232241545;-0.16957679805484424;-0.3851146642402806;0.6835602399553516;-0.4038847501309328;-0.6209838283181613;-0.49920768260333204;-0.24710536429033883;32.54228019054596;-0.48521256726432327;-0.4361122207682917;-0.15220388682955227;-0.40599897147057507;-0.18749999999999997;0.0
Cc1ccccc1NC(=O)CCC(=O)N1CCCN(c2nc3cccnc3s2)CC1;-0.8308325162359331;0.6143436575392496;-0.16957679805484424;-0.3851146642402806;0.6835602399553516;-0.9731903819644286;-0.6209838283181613;-0.49920768260333204;-0.24710536429033883;-0.030729254193150108;-0.48521256726432327;-0.4361122207682917;-0.15220388682955227;-0.40599897147057507;-0.18749999999999997;0.0
Cc1ccccc1NC(=O)CCC(=O)N1CCCn2nc(-c3cccn3C)cc21;-0.48603111614206007;-0.5312309795098205;-0.16957679805484424;-0.3851146642402806;1.8377432168892849;-0.9731903819644286;-0.6209838283181613;-0.49920768260333204;-0.24710536429033883;-0.030729254193150108;-0.48521256726432327;-0.4361122207682917;-0.15220388682955227;-0.40599897147057507;-0.18749999999999997;0.0
Cc1ccccc1NC(=O)CCC1CCCC1;0.05280038851199068;0.2663250386821514;-0.16957679805484424;-0.3851146642402806;-0.4458020348823024;-0.9731903819644286;-0.6209838283181613;-0.49920768260333204;-0.24710536429033883;-0.030729254193150108;-0.48521256726432327;-0.4361122207682917;-0.15220388682955227;-0.40599897147057507;-0.18749999999999997;0.0
Cc1ccccc1NC(=O)CCCc1nc(-c2cccnc2)no1;-0.7261967083610693;-0.10938019851887515;-0.16957679805484424;-0.3851146642402806;0.728183504088674;-0.4038847501309328;-0.6209838283181613;-0.49920768260333204;-0.24710536429033883;-0.030729254193150108;2.060952389667274;1.050315284101127;-0.15220388682955227;-0.40599897147057507;-0.18749999999999997;1.0
Cc1ccccc1NC(=O)CCCc1nc(-c2cccs2)no1;-0.7489436231164645;-0.1263898973905557;-0.16957679805484424;-0.3851146642402806;-0.4458020348823024;-0.9731903819644286;-0.6209838283181613;-0.49920768260333204;-0.24710536429033883;-0.030729254193150108;2.060952389667274;1.050315284101127;-0.15220388682955227;-0.40599897147057507;-0.18749999999999997;1.0
Cc1ccccc1NC(=O)CCCn1nnc2cc(S(=O)(=O)N(C)C)ccc21;0.9886171038412634;0.2809537285818788;-0.16957679805484424;-0.3851146642402806;-0.4458020348823024;-0.9731903819644286;-0.6209838283181613;-0.49920768260333204;-0.24710536429033883;-0.030729254193150108;-0.48521256726432327;-0.4361122207682917;-0.15220388682955227;-0.40599897147057507;-0.18749999999999997;0.0
Cc1ccccc1NC(=O)CCCn1sc2ccccc2c1=O;-0.2868977339872869;0.9059129130705509;-0.16957679805484424;-0.3851146642402806;1.6155592251403879;-0.4038847501309328;-0.6209838283181613;-0.49920768260333204;-0.24710536429033883;-0.030729254193150108;-0.48521256726432327;-0.4361122207682917;6.5701344481423405;-0.40599897147057507;-0.18749999999999997;1.0
Cc1ccccc1NC(=O)CCN1C(=O)c2ccccc2C1=O;0.17514815514189058;1.3444035406730128;-0.16957679805484424;1.6258289027286723;2.9671054917269384;0.16542088170256303;-0.6209838283181613;-0.49920768260333204;-0.24710536429033883;-0.030729254193150108;2.060952389667274;2.536742788970546;-0.15220388682955227;-0.40599897147057507;-0.18749999999999997;0.0
Cc1ccccc1NC(=O)CCNS(=O)(=O)c1ccc2c(c1)CCN2C(=O)C1CC1;-0.008567193428365903;1.5884040690790457;-0.16957679805484424;1.6258289027286723;0.6835602399553516;-0.4038847501309328;-0.6209838283181613;-0.49920768260333204;-0.24710536429033883;-0.030729254193150108;2.060952389667274;2.536742788970546;-0.15220388682955227;-0.40599897147057507;-0.18749999999999997;0.0
Cc1ccccc1NC(=O)CCNS(=O)(=O)c1ccc2c(c1)oc(=O)n2C;1.0327517250571276;1.4122843206210547;-0.16957679805484424;-0.3851146642402806;0.6299868994021683;-0.9731903819644286;-0.6209838283181613;-0.49920768260333204;-0.24710536429033883;-0.030729254193150108;2.060952389667274;2.536742788970546;6.5701344481423405;-0.40599897147057507;-0.18749999999999997;0.0
Cc1ccccc1NC(=O)CCc1c(C)nn(-c2ccc(N3CCOCC3)nn2)c1C;-0.4677721840675391;1.3690406345927513;-0.16957679805484424;-0.3851146642402806;-0.4458020348823024;-0.4038847501309328;-0.6209838283181613;-0.49920768260333204;-0.24710536429033883;-0.030729254193150108;-0.48521256726432327;-0.4361122207682917;-0.15220388682955227;-0.40599897147057507;-0.18749999999999997;0.0
Cc1ccccc1NC(=O)CCc1nc(-c2ccc(S(=O)(=O)N3CCCC3)cc2)no1;-0.3576480297357886;0.6753602520096686;-0.16957679805484424;1.6258289027286723;-0.4458020348823024;-0.4038847501309328;-0.6209838283181613;-0.49920768260333204;-0.24710536429033883;-0.030729254193150108;-0.48521256726432327;-0.4361122207682917;-0.15220388682955227;-0.40599897147057507;-0.18749999999999997;0.0
Cc1ccccc1NC(=O)CCc1nc(CS(=O)(=O)c2ccc(F)cc2)no1;0.6090794091994318;0.2405285699411118;-0.16957679805484424;-0.3851146642402806;-0.4458020348823024;-0.9731903819644286;-0.6209838283181613;-0.49920768260333204;-0.24710536429033883;-0.030729254193150108;-0.48521256726432327;-0.4361122207682917;-0.15220388682955227;2.463060426921489;-0.18749999999999997;0.0
Cc1ccccc1NC(=O)CCn1c(=O)sc2ccccc21;-0.29071046421457947;2.0506961421182375;-0.16957679805484424;-0.3851146642402806;1.7593491742398217;-0.9731903819644286;-0.6209838283181613;-0.49920768260333204;-0.24710536429033883;-0.030729254193150108;2.060952389667274;1.050315284101127;6.5701344481423405;-0.40599897147057507;-0.18749999999999997;1.0
Cc1ccccc1NC(=O)CCn1cnc2c1c(=O)n(C)c(=O)n2C;0.9950593252092772;1.3574736062290842;-0.16957679805484424;-0.3851146642402806;2.835138108524294;-0.9731903819644286;-0.6209838283181613;-0.49920768260333204;-0.24710536429033883;-0.030729254193150108;-0.48521256726432327;-0.4361122207682917;-0.15220388682955227;-0.40599897147057507;-0.18749999999999997;0.0
Cc1ccccc1NC(=O)CCn1nc(C(=O)N2CCc3ccccc32)ccc1=O;-0.4765973345702188;0.7973256257099374;-0.16957679805484424;1.6258289027286723;1.812922514793006;-0.4038847501309328;-0.6209838283181613;-0.49920768260333204;-0.24710536429033883;-0.030729254193150108;2.060952389667274;2.536742788970546;-0.15220388682955227;-0.40599897147057507;-0.18749999999999997;0.0
Cc1ccccc1NC(=O)CCn1nc(C(=O)N2c3ccccc3CC2C)ccc1=O;-0.12496394374588009;0.2898551260266454;-0.16957679805484424;1.6258289027286723;1.812922514793006;-0.4038847501309328;-0.6209838283181613;-0.49920768260333204;-0.24710536429033883;-0.030729254193150108;2.060952389667274;2.536742788970546;-0.15220388682955227;-0.40599897147057507;-0.18749999999999997;0.0
Cc1ccccc1NC(=O)CN(C)S(=O)(=O)c1c[nH]c(C(=O)N2CCCCC2)c1;0.9475262496057955;-1.0777145422815153;-0.16957679805484424;-0.3851146642402806;0.6835602399553516;-0.9731903819644286;-0.6209838283181613;-0.49920768260333204;-0.24710536429033883;-0.030729254193150108;2.060952389667274;2.536742788970546;-0.15220388682955227;-0.40599897147057507;-0.18749999999999997;0.0
Cc1ccccc1NC(=O)CN(C)S(=O)(=O)c1ccc2c(c1)C(C)(C)C(=O)N2C;2.1645957369919504;-2.7459477438140754;-0.16957679805484424;1.6258289027286723;0.6835602399553516;-0.4038847501309328;-0.6209838283181613;-0.49920768260333204;-0.24710536429033883;-0.030729254193150108;-0.48521256726432327;-0.4361122207682917;6.5701344481423405;-0.40599897147057507;-0.18749999999999997;0.0
Cc1ccccc1NC(=O)CN(C)S(=O)(=O)c1ccc2c(c1)CC(C)N2C(=O)C1CC1;0.670776691229174;-0.06318450796276963;-0.16957679805484424;1.6258289027286723;0.6835602399553516;-0.4038847501309328;-0.6209838283181613;-0.49920768260333204;-0.24710536429033883;-0.030729254193150108;-0.48521256726432327;-0.4361122207682917;-0.15220388682955227;-0.40599897147057507;-0.18749999999999997;0.0
Cc1ccccc1NC(=O)CN(C)S(=O)(=O)c1ccc2c(c1)CC(C)N2C(=O)C1CCC1;0.6434706174724192;0.35372847923199136;-0.16957679805484424;1.6258289027286723;0.6835602399553516;-0.4038847501309328;-0.6209838283181613;-0.49920768260333204;-0.24710536429033883;-0.030729254193150108;-0.48521256726432327;-0.4361122207682917;-0.15220388682955227;-0.40599897147057507;-0.18749999999999997;0.0
Cc1ccccc1NC(=O)CN(Cc1ccc(Cl)cc1)S(C)(=O)=O;1.8916063960818605;-1.4959112929301068;-0.16957679805484424;-0.3851146642402806;-0.4458020348823024;-0.4038847501309328;-0.6209838283181613;-0.49920768260333204;4.046856703705712;-0.030729254193150108;-0.48521256726432327;-0.4361122207682917;-0.15220388682955227;-0.40599897147057507;-0.18749999999999997;0.0
Cc1ccccc1NC(=O)CN(c1cccc(C)c1C)S(=O)(=O)c1ccccc1;0.9475262496058027;-0.8062817579990526;-0.16957679805484424;-0.3851146642402806;0.5682997102768662;0.16542088170256303;-0.6209838283181613;-0.49920768260333204;-0.24710536429033883;-0.030729254193150108;-0.48521256726432327;-0.4361122207682917;-0.15220388682955227;-0.40599897147057507;-0.18749999999999997;0.0
Cc1ccccc1NC(=O)CN1C(=O)C(C(=O)N2CCCCCC2)Sc2ccccc21;-0.4677721840675391;0.07138120783165078;-0.16957679805484424;-0.3851146642402806;1.812922514793006;-0.9731903819644286;-0.6209838283181613;-0.49920768260333204;-0.24710536429033883;-0.030729254193150108;-0.48521256726432327;-0.4361122207682917;6.5701344481423405;-0.40599897147057507;-0.18749999999999997;0.0
Cc1ccccc1NC(=O)CN1C(=O)C(C)(C)c2cc(S(=O)(=O)N3CCC(C)CC3)ccc21;1.043301403769267;-1.435020034104066;-0.16957679805484424;1.6258289027286723;0.6835602399553516;-0.4038847501309328;-0.6209838283181613;-0.49920768260333204;-0.24710536429033883;-0.030729254193150108;-0.48521256726432327;-0.4361122207682917;6.5701344481423405;-0.40599897147057507;-0.18749999999999997;0.0
Cc1ccccc1NC(=O)CN1C(=O)C(C)(C)c2cc(S(=O)(=O)N3CCCC3)ccc21;0.7809008455609173;-1.1665832248861498;-0.16957679805484424;3.636772469697625;0.6835602399553516;-0.4038847501309328;-0.6209838283181613;-0.49920768260333204;-0.24710536429033883;-0.030729254193150108;-0.48521256726432327;-0.4361122207682917;6.5701344481423405;-0.40599897147057507;-0.18749999999999997;0.0
Cc1ccccc1NC(=O)CN1C(=O)C(C)(C)c2cc(S(=O)(=O)N3CCOCC3)ccc21;0.7501533919812968;-1.1945167287956926;-0.16957679805484424;1.6258289027286723;0.6835602399553516;-0.4038847501309328;-0.6209838283181613;-0.49920768260333204;-0.24710536429033883;-0.030729254193150108;-0.48521256726432327;-0.4361122207682917;6.5701344481423405;-0.40599897147057507;-0.18749999999999997;0.0
Cc1ccccc1NC(=O)CN1C(=O)C(c2ccc(F)cc2)=NC12CCCC2;-0.37421556838743975;-0.2897443774964162;-0.16957679805484424;1.6258289027286723;1.8595305889789766;-0.4038847501309328;1.6103478937742153;0.364022567901614;-0.24710536429033883;-0.030729254193150108;-0.48521256726432327;-0.4361122207682917;-0.15220388682955227;-0.40599897147057507;-0.18749999999999997;0.0
Cc1ccccc1NC(=O)CN1C(=O)C(c2ccc(F)cc2)=NC12CCCCC2;-0.3683121925460484;-0.45373331436913944;-0.16957679805484424;1.6258289027286723;1.8595305889789766;-0.4038847501309328;1.6103478937742153;0.364022567901614;-0.24710536429033883;-0.030729254193150108;-0.48521256726432327;-0.4361122207682917;-0.15220388682955227;-0.40599897147057507;-0.18749999999999997;0.0
Cc1ccccc1NC(=O)CN1C(=O)COc2ccc(S(=O)(=O)N3CCCC3)cc21;-0.008567193428365903;-0.0875195016272789;-0.16957679805484424;1.6258289027286723;1.8377432168892844;-0.9731903819644286;-0.6209838283181613;-0.49920768260333204;-0.24710536429033883;-0.030729254193150108;2.060952389667274;4.023170293839964;6.5701344481423405;-0.40599897147057507;-0.18749999999999997;0.0
Cc1ccccc1NC(=O)CN1C(=O)COc2ccc(S(=O)(=O)NC3CCCC3)cc21;-0.014839789414129567;0.2560970019650143;-0.16957679805484424;-0.3851146642402806;1.8377432168892844;-0.9731903819644286;-0.6209838283181613;-0.49920768260333204;-0.24710536429033883;-0.030729254193150108;2.060952389667274;4.023170293839964;6.5701344481423405;-0.40599897147057507;-0.18749999999999997;0.0
Cc1ccccc1NC(=O)CN1C(=O)c2ccccc2C1=O;0.19233751078410677;0.12879934544887664;-0.16957679805484424;1.6258289027286723;2.9671054917269384;0.16542088170256303;-0.6209838283181613;-0.49920768260333204;-0.24710536429033883;-0.030729254193150108;-0.48521256726432327;-0.4361122207682917;-0.15220388682955227;-0.40599897147057507;-0.18749999999999997;0.0
Cc1ccccc1NC(=O)CN1C(=S)NC(C)(C)CC1C;2.190838405377389;0.10698796441330204;-0.16957679805484424;-0.3851146642402806;-0.4458020348823024;-0.9731903819644286;-0.6209838283181613;-0.49920768260333204;-0.24710536429033883;-0.030729254193150108;-0.48521256726432327;-0.4361122207682917;-0.15220388682955227;-0.40599897147057507;-0.18749999999999997;0.0
Cc1ccccc1NC(=O)CN1CCC(c2nc(-c3cccs3)no2)CC1;-1.2941843677810418;-2.8201001175610387;-0.16957679805484424;-0.3851146642402806;0.708380942051631;-0.9731903819644286;-0.6209838283181613;-0.49920768260333204;-0.24710536429033883;-0.030729254193150108;-0.48521256726432327;-0.4361122207682917;-0.15220388682955227;-0.40599897147057507;-0.18749999999999997;0.0
Cc1ccccc1NC(=O)CN1CCCN(Cc2ccccc2F)S1(=O)=O;0.6391570787619086;-1.4313236514393188;-0.16957679805484424;-0.3851146642402806;-0.4458020348823024;-0.4038847501309328;1.6103478937742153;0.364022567901614;-0.24710536429033883;-0.030729254193150108;-0.48521256726432327;-0.4361122207682917;-0.15220388682955227;2.463060426921489;-0.18749999999999997;0.0
Cc1ccccc1NC(=O)CN1CCN(C(=O)c2ccco2)CC1;-0.2834027312789409;-0.6679614900001599;-0.16957679805484424;-0.3851146642402806;1.8377432168892844;-0.9731903819644286;-0.6209838283181613;-0.49920768260333204;-0.24710536429033883;-0.030729254193150108;-0.48521256726432327;-0.4361122207682917;-0.15220388682955227;-0.40599897147057507;-0.18749999999999997;0.0
Cc1ccccc1NC(=O)CN1CCN(S(=O)(=O)c2cnn(C)c2C)CC1;1.0327517250571276;-0.5876139270520361;-0.16957679805484424;-0.3851146642402806;1.8111884519699784;-0.9731903819644286;-0.6209838283181613;-0.49920768260333204;-0.24710536429033883;-0.030729254193150108;-0.48521256726432327;-0.4361122207682917;-0.15220388682955227;-0.40599897147057507;-0.18749999999999997;0.0
Cc1ccccc1NC(=O)COCc1cc(-c2ccc(F)cc2)on1;-0.2801873287872654;-0.15007643804982274;-0.16957679805484424;-0.3851146642402806;-0.4458020348823024;-0.4038847501309328;-0.6209838283181613;-0.49920768260333204;-0.24710536429033883;-0.030729254193150108;-0.48521256726432327;-0.4361122207682917;-0.15220388682955227;2.463060426921489;-0.18749999999999997;1.0
Cc1ccccc1NC(=O)COCc1cc(-c2ccc3c(c2)OCO3)on1;-1.2941843677810418;-0.0784080999297354;-0.16957679805484424;1.6258289027286723;-0.4458020348823024;-0.4038847501309328;-0.6209838283181613;-0.49920768260333204;-0.24710536429033883;-0.030729254193150108;2.060952389667274;1.050315284101127;-0.15220388682955227;-0.40599897147057507;-0.18749999999999997;1.0
Cc1ccccc1NC(=O)COc1ccc(Br)cc1CNCCCO;0.8211030461100339;-0.028718019604772882;-0.16957679805484424;-0.3851146642402806;-0.4458020348823024;-0.4038847501309328;-0.6209838283181613;-0.49920768260333204;-0.24710536429033883;-0.030729254193150108;-0.48521256726432327;-0.4361122207682917;-0.15220388682955227;-0.40599897147057507;-0.18749999999999997;1.0
Cc1ccccc1NC(=O)COc1ccc(S(=O)(=O)N2CCCC2)cc1C;0.6391570787618942;0.8054900663501094;-0.16957679805484424;1.6258289027286723;-0.4458020348823024;-0.4038847501309328;-0.6209838283181613;-0.49920768260333204;-0.24710536429033883;-0.030729254193150108;2.060952389667274;2.536742788970546;-0.15220388682955227;-0.40599897147057507;-0.18749999999999997;0.0
Cc1ccccc1NC(=O)COc1ccccc1/C=N/c1c(C)n[nH]c1C;0.11912358860428872;0.15502670079021832;-0.16957679805484424;-0.3851146642402806;1.9311724287461756;-0.4038847501309328;-0.6209838283181613;-0.49920768260333204;-0.24710536429033883;-0.030729254193150108;-0.48521256726432327;-0.4361122207682917;-0.15220388682955227;-0.40599897147057507;-0.18749999999999997;1.0
Cc1ccccc1NC(=O)CSC1=C(C#N)C(c2ccccc2F)CC(=O)N1;0.48715623833213995;-0.10557985069673832;-0.16957679805484424;-0.3851146642402806;0.6835602399553516;-0.4038847501309328;1.6103478937742153;1.22725281840656;-0.24710536429033883;-0.030729254193150108;-0.48521256726432327;-0.4361122207682917;-0.15220388682955227;2.463060426921489;-0.18749999999999997;0.0
Cc1ccccc1NC(=O)CSC1=NC2(CCN(C)CC2)N=C1c1ccc(F)cc1;-0.362802375094073;-0.36681032329825974;-0.16957679805484424;1.6258289027286723;0.7301683141413231;-0.4038847501309328;1.6103478937742153;0.364022567901614;-0.24710536429033883;-0.030729254193150108;-0.48521256726432327;-0.4361122207682917;-0.15220388682955227;-0.40599897147057507;-0.18749999999999997;0.0
Cc1ccccc1NC(=O)CSc1ccc(N2CCN(c3ccc(F)cc3)CC2)nn1;-0.8105804243891837;-1.3507711243139509;-0.16957679805484424;-0.3851146642402806;-0.4458020348823024;-0.9731903819644286;-0.6209838283181613;-0.49920768260333204;-0.24710536429033883;-0.030729254193150108;-0.48521256726432327;-0.4361122207682917;-0.15220388682955227;-0.40599897147057507;-0.18749999999999997;0.0
Cc1ccccc1NC(=O)CSc1cn(CC(=O)N2CCCC2)c2ccccc12;-0.8524813040720981;-0.8616055466720424;-0.16957679805484424;1.6258289027286723;0.6835602399553516;-0.4038847501309328;-0.6209838283181613;-0.49920768260333204;-0.24710536429033883;-0.030729254193150108;-0.48521256726432327;-0.4361122207682917;6.5701344481423405;-0.40599897147057507;-0.18749999999999997;0.0
Cc1ccccc1NC(=O)CSc1nc(=O)n(Cc2cccnc2)c2c1CCC2;-0.8524813040720981;0.651136641713871;-0.16957679805484424;-0.3851146642402806;1.8039724383731446;0.16542088170256303;-0.6209838283181613;-0.49920768260333204;-0.24710536429033883;-0.030729254193150108;-0.48521256726432327;-0.4361122207682917;-0.15220388682955227;-0.40599897147057507;-0.18749999999999997;0.0
Cc1ccccc1NC(=O)CSc1nc2c(c(=O)n1C)SCC2;0.17514815514189058;0.054781610859225185;-0.16957679805484424;1.6258289027286723;1.7593491742398217;-0.9731903819644286;-0.6209838283181613;-0.49920768260333204;-0.24710536429033883;-0.030729254193150108;-0.48521256726432327;-0.4361122207682917;-0.15220388682955227;-0.40599897147057507;-0.18749999999999997;0.0
Cc1ccccc1NC(=O)CSc1nc2c(c(=O)n1CCc1ccccc1)SCC2;-0.8308325162359331;0.01343932830864568;-0.16957679805484424;1.6258289027286723;1.7593491742398217;-0.4038847501309328;-0.6209838283181613;-0.49920768260333204;-0.24710536429033883;-0.030729254193150108;-0.48521256726432327;-0.4361122207682917;-0.15220388682955227;-0.40599897147057507;-0.18749999999999997;0.0
Cc1ccccc1NC(=O)CSc1nc2c(c(=O)n1Cc1ccccc1)SCC2;-0.8524813040721054;-1.5603778187113442;-0.16957679805484424;1.6258289027286723;1.7593491742398217;-0.4038847501309328;-0.6209838283181613;-0.49920768260333204;-0.24710536429033883;-0.030729254193150108;-0.48521256726432327;-0.4361122207682917;-0.15220388682955227;-0.40599897147057507;-0.18749999999999997;0.0
Cc1ccccc1NC(=O)CSc1nc2ccc(N)cc2s1;-0.29071046421457947;0.21307902253936636;-0.16957679805484424;-0.3851146642402806;-0.4458020348823024;-0.9731903819644286;-0.6209838283181613;-0.49920768260333204;-0.24710536429033883;-0.030729254193150108;-0.48521256726432327;-0.4361122207682917;-0.15220388682955227;-0.40599897147057507;-0.18749999999999997;0.0
Cc1ccccc1NC(=O)CSc1ncc(CO)n1CC(=O)NCc1ccc(F)cc1;0.42036521504318686;1.561327557497554;-0.16957679805484424;-0.3851146642402806;0.6835602399553516;-0.4038847501309328;1.6103478937742153;0.364022567901614;-0.24710536429033883;-0.030729254193150108;2.060952389667274;1.050315284101127;-0.15220388682955227;-0.40599897147057507;-0.18749999999999997;1.0
Cc1ccccc1NC(=O)CSc1ncc(CO)n1Cc1ccc(F)cc1;0.11912358860428872;-0.08592474681168509;-0.16957679805484424;-0.3851146642402806;-0.4458020348823024;-0.4038847501309328;1.6103478937742153;0.364022567901614;-0.24710536429033883;-0.030729254193150108;-0.48521256726432327;-0.4361122207682917;-0.15220388682955227;-0.40599897147057507;-0.18749999999999997;1.0
Cc1ccccc1NC(=O)CSc1ncc(S(=O)(=O)c2ccc(Cl)cc2)c(=O)[nH]1;0.9475262496058099;-0.934653324621697;8.817993498851902;-0.3851146642402806;0.6835602399553516;-0.9731903819644286;-0.6209838283181613;-0.49920768260333204;-0.24710536429033883;-0.030729254193150108;-0.48521256726432327;-0.4361122207682917;6.5701344481423405;-0.40599897147057507;5.333333333333333;0.0
Cc1ccccc1NC(=O)CSc1nccn(-c2ccc(F)cc2)c1=O;0.131513636973184;-0.6147059406395168;-0.16957679805484424;-0.3851146642402806;1.7593491742398217;-0.9731903819644286;-0.6209838283181613;-0.49920768260333204;-0.24710536429033883;-0.030729254193150108;2.060952389667274;1.050315284101127;-0.15220388682955227;-0.40599897147057507;-0.18749999999999997;0.0
Cc1ccccc1NC(=O)CSc1ncnc2c1sc1nc3c(cc12)COC(C)(C)C3;-0.9029771885248483;-1.3671806183124926;-0.16957679805484424;-0.3851146642402806;-0.4458020348823024;0.16542088170256303;-0.6209838283181613;-0.49920768260333204;-0.24710536429033883;-0.030729254193150108;-0.48521256726432327;-0.4361122207682917;6.5701344481423405;-0.40599897147057507;-0.18749999999999997;1.0
Cc1ccccc1NC(=O)CSc1ncnc2nc(N3CCCC(C)C3)sc12;-0.8756764338965632;-0.31410754249274936;-0.16957679805484424;-0.3851146642402806;-0.4458020348823024;-0.9731903819644286;-0.6209838283181613;-0.49920768260333204;-0.24710536429033883;-0.030729254193150108;-0.48521256726432327;-0.4361122207682917;6.5701344481423405;-0.40599897147057507;-0.18749999999999997;1.0
Cc1ccccc1NC(=O)CSc1ncnc2nc(N3CCCCC3)sc12;-1.2941843677810347;-0.8205042686667935;-0.16957679805484424;-0.3851146642402806;-0.4458020348823024;-0.9731903819644286;-0.6209838283181613;-0.49920768260333204;-0.24710536429033883;-0.030729254193150108;-0.48521256726432327;-0.4361122207682917;6.5701344481423405;-0.40599897147057507;-0.18749999999999997;1.0
Cc1ccccc1NC(=O)CSc1nnc(C2CC(=O)N(c3ccc(Cl)cc3)C2)o1;-0.4765973345702188;0.11494969312987621;-0.16957679805484424;1.6258289027286723;0.6835602399553516;-0.9731903819644286;-0.6209838283181613;-0.49920768260333204;-0.24710536429033883;-0.030729254193150108;-0.48521256726432327;-0.4361122207682917;-0.15220388682955227;-0.40599897147057507;-0.18749999999999997;0.0
Cc1ccccc1NC(=O)Cc1csc(NC(=O)C2CC2)n1;-0.29071046421457947;0.2904433236721285;-0.16957679805484424;-0.3851146642402806;0.6835602399553516;-0.9731903819644286;-0.6209838283181613;-0.49920768260333204;-0.24710536429033883;-0.030729254193150108;-0.48521256726432327;-0.4361122207682917;-0.15220388682955227;-0.40599897147057507;-0.18749999999999997;0.0
Cc1ccccc1NC(=O)Cn1c(C(F)(F)F)nc2cc3c(cc21)OCCO3;0.005322126254384615;-1.2116836630508763;-0.16957679805484424;-0.3851146642402806;-0.4458020348823024;-0.9731903819644286;1.6103478937742153;2.090483068911506;-0.24710536429033883;-0.030729254193150108;-0.48521256726432327;-0.4361122207682917;-0.15220388682955227;2.463060426921489;-0.18749999999999997;0.0
Cc1ccccc1NC(=O)Cn1c(N)nc(C)c(C)c1=O;2.0282741775543234;-0.0961484081896399;-0.16957679805484424;-0.3851146642402806;1.7593491742398217;-0.4038847501309328;-0.6209838283181613;-0.49920768260333204;-0.24710536429033883;-0.030729254193150108;-0.48521256726432327;-0.4361122207682917;-0.15220388682955227;-0.40599897147057507;-0.18749999999999997;0.0
Cc1ccccc1NC(=O)Cn1cc(C(=O)c2ccc(F)cc2)c(=O)c2cc(Cl)ccc21;0.20469236015193792;0.0041722968882919554;-0.16957679805484424;-0.3851146642402806;1.812922514793006;0.7347265135360589;-0.6209838283181613;-0.49920768260333204;-0.24710536429033883;-0.030729254193150108;-0.48521256726432327;-0.4361122207682917;-0.15220388682955227;2.463060426921489;-0.18749999999999997;1.0
Cc1ccccc1NC(=O)Cn1cc(S(=O)(=O)N2CCCCC2)ccc1=O;0.6391570787618942;0.22378379672421292;-0.16957679805484424;-0.3851146642402806;0.6835602399553516;-0.9731903819644286;-0.6209838283181613;-0.49920768260333204;-0.24710536429033883;-0.030729254193150108;2.060952389667274;2.536742788970546;6.5701344481423405;-0.40599897147057507;-0.18749999999999997;0.0
Cc1ccccc1NC(=O)Cn1cc(S(=O)(=O)N2CCCCCC2)ccc1=O;0.6090794091994318;0.4419806046353224;-0.16957679805484424;-0.3851146642402806;0.6835602399553516;-0.9731903819644286;-0.6209838283181613;-0.49920768260333204;-0.24710536429033883;-0.030729254193150108;2.060952389667274;2.536742788970546;6.5701344481423405;-0.40599897147057507;-0.18749999999999997;0.0
Cc1ccccc1NC(=O)Cn1cc(S(=O)(=O)c2ccc(F)cc2)c(=O)c2cc3c(cc21)OCO3;-0.21572150343645963;0.0014253239619512312;-0.16957679805484424;1.6258289027286723;0.6835602399553516;-0.4038847501309328;-0.6209838283181613;-0.49920768260333204;-0.24710536429033883;-0.030729254193150108;2.060952389667274;1.050315284101127;6.5701344481423405;2.463060426921489;-0.18749999999999997;0.0
Cc1ccccc1NC(=O)Cn1cc(S(=O)(=O)c2ccc(F)cc2)c(=O)c2ccccc21;0.31137513466081557;0.2895415037846147;-0.16957679805484424;-0.3851146642402806;0.6835602399553516;-0.4038847501309328;-0.6209838283181613;-0.49920768260333204;-0.24710536429033883;-0.030729254193150108;-0.48521256726432327;-0.4361122207682917;6.5701344481423405;2.463060426921489;-0.18749999999999997;0.0
Cc1ccccc1NC(=O)Cn1cccc1-c1nnc(C2CC2)o1;-1.4305802051302958;-1.400379545304708;-0.16957679805484424;-0.3851146642402806;-0.4458020348823024;-0.9731903819644286;-0.6209838283181613;-0.49920768260333204;-0.24710536429033883;-0.030729254193150108;2.060952389667274;1.050315284101127;-0.15220388682955227;-0.40599897147057507;-0.18749999999999997;1.0
Cc1ccccc1NC(=O)Cn1ccn2nc3c(c2c1=O)CCCC3;-0.956395485685722;0.004159982345373231;-0.16957679805484424;-0.3851146642402806;0.6835602399553516;-0.4038847501309328;-0.6209838283181613;-0.49920768260333204;-0.24710536429033883;-0.030729254193150108;-0.48521256726432327;-0.4361122207682917;-0.15220388682955227;-0.40599897147057507;-0.18749999999999997;1.0
Cc1ccccc1NC(=O)Cn1ccn2nc3c(c2c1=O)CCCCC3;-0.9274194158126922;-0.3103371042039008;-0.16957679805484424;-0.3851146642402806;0.6835602399553516;-0.4038847501309328;-0.6209838283181613;-0.49920768260333204;-0.24710536429033883;-0.030729254193150108;-0.48521256726432327;-0.4361122207682917;-0.15220388682955227;-0.40599897147057507;-0.18749999999999997;1.0
Cc1ccccc1NC(=O)Cn1cnc(NC(=O)c2ccc(F)cc2)n1;0.13151363697316953;-0.2872642461171314;-0.16957679805484424;-0.3851146642402806;1.9359398215757906;-0.4038847501309328;1.6103478937742153;0.364022567901614;-0.24710536429033883;-0.030729254193150108;-0.48521256726432327;-0.4361122207682917;-0.15220388682955227;2.463060426921489;-0.18749999999999997;0.0
Cc1ccccc1NC(=O)Cn1cnc2nc(N3CCCCC3)sc2c1=O;-0.9005897214858014;-0.13401712790338008;-0.16957679805484424;-0.3851146642402806;1.7593491742398217;-0.9731903819644286;-0.6209838283181613;-0.49920768260333204;-0.24710536429033883;-0.030729254193150108;-0.48521256726432327;-0.4361122207682917;6.5701344481423405;-0.40599897147057507;-0.18749999999999997;0.0
Cc1ccccc1NC(=O)Cn1nc(-c2ccccc2)cc(NC(=O)C(C)C)c1=O;0.7953798261765794;-0.32316786271065945;-0.16957679805484424;-0.3851146642402806;1.812922514793006;-0.4038847501309328;-0.6209838283181613;-0.49920768260333204;-0.24710536429033883;-0.030729254193150108;-0.48521256726432327;-0.4361122207682917;-0.15220388682955227;-0.40599897147057507;-0.18749999999999997;0.0
Cc1ccccc1NC(=O)Cn1nc(C(=O)N2CCCC2)c2ccccc21;-0.9005897214858158;0.1709505039410863;-0.16957679805484424;1.6258289027286723;1.7863677498736987;-0.4038847501309328;-0.6209838283181613;-0.49920768260333204;-0.24710536429033883;-0.030729254193150108;-0.48521256726432327;-0.4361122207682917;-0.15220388682955227;-0.40599897147057507;-0.18749999999999997;0.0
Cc1ccccc1NC(=O)Cn1nc(N2CCN(c3ccccc3)CC2)ccc1=O;-0.8308325162359259;1.0710915609691887;-0.16957679805484424;-0.3851146642402806;0.6835602399553516;-0.9731903819644286;-0.6209838283181613;-0.49920768260333204;-0.24710536429033883;-0.030729254193150108;-0.48521256726432327;-0.4361122207682917;-0.15220388682955227;-0.40599897147057507;-0.18749999999999997;0.0
Cc1ccccc1NC(=O)Cn1ncc(-c2ccc(Cl)cc2)nc1=O;0.14489488921158455;-0.38517344443594614;-0.16957679805484424;-0.3851146642402806;-0.4458020348823024;-0.4038847501309328;-0.6209838283181613;-0.49920768260333204;4.046856703705712;-0.030729254193150108;-0.48521256726432327;-0.4361122207682917;-0.15220388682955227;-0.40599897147057507;-0.18749999999999997;0.0
Cc1ccccc1NC(=O)Cn1ncc2c(c1=O)N(C(C)C)C(=O)CS2;0.9489794408171012;0.6505967420359609;-0.16957679805484424;-0.3851146642402806;1.812922514793006;-0.9731903819644286;-0.6209838283181613;-0.49920768260333204;-0.24710536429033883;-0.030729254193150108;-0.48521256726432327;-0.4361122207682917;-0.15220388682955227;-0.40599897147057507;-0.18749999999999997;0.0
Cc1ccccc1NC(=O)Cn1nnc(C(=O)NCc2ccc(F)cc2)c1N;0.48715623833213995;-0.23625326328077637;-0.16957679805484424;-0.3851146642402806;0.6835602399553516;-0.4038847501309328;1.6103478937742153;0.364022567901614;-0.24710536429033883;-0.030729254193150108;-0.48521256726432327;-0.4361122207682917;-0.15220388682955227;-0.40599897147057507;-0.18749999999999997;0.0
Cc1ccccc1NC(=O)Cn1nnc(C(=O)Nc2cccc(F)c2)c1N;0.5127182348995148;-0.2632834779059857;-0.16957679805484424;-0.3851146642402806;0.6835602399553516;-0.9731903819644286;-0.6209838283181613;-0.49920768260333204;-0.24710536429033883;-0.030729254193150108;-0.48521256726432327;-0.4361122207682917;-0.15220388682955227;2.463060426921489;-0.18749999999999997;0.0
Cc1ccccc1NC(=O)Cn1nnc2sc3c(c2c1=O)CCC(C)C3;-0.5186865138907191;0.7708086452605836;-0.16957679805484424;-0.3851146642402806;0.6835602399553516;0.16542088170256303;-0.6209838283181613;-0.49920768260333204;-0.24710536429033883;-0.030729254193150108;-0.48521256726432327;-0.4361122207682917;-0.15220388682955227;-0.40599897147057507;-0.18749999999999997;0.0
Cc1ccccc1NC(=O)N(C)CCN(C1CCOCC1)C1CCN(C(=O)C2CC2)C1;-0.4677721840675319;0.06317861471755785;-0.16957679805484424;1.6258289027286723;0.708380942051631;-0.9731903819644286;-0.6209838283181613;-0.49920768260333204;-0.24710536429033883;-0.030729254193150108;-0.48521256726432327;-0.4361122207682917;-0.15220388682955227;-0.40599897147057507;-0.18749999999999997;0.0
Cc1ccccc1NC(=O)N(C)CCc1noc(C(=O)NCc2ccc(Cl)cc2)n1;0.44114464451086516;0.7584946938172565;-0.16957679805484424;-0.3851146642402806;-0.4458020348823024;-0.4038847501309328;-0.6209838283181613;-0.49920768260333204;4.046856703705712;-0.030729254193150108;-0.48521256726432327;-0.4361122207682917;-0.15220388682955227;-0.40599897147057507;-0.18749999999999997;0.0
Cc1ccccc1NC(=O)N1C(=O)CC1CC(=O)O;1.7038282956128101;-0.9695954598456404;-0.16957679805484424;-0.3851146642402806;1.8377432168892844;-0.9731903819644286;-0.6209838283181613;-0.49920768260333204;-0.24710536429033883;-0.030729254193150108;2.060952389667274;5.509597798709383;-0.15220388682955227;-0.40599897147057507;-0.18749999999999997;0.0
Cc1ccccc1NC(=O)N1CC(N(CCN2CCOCC2)S(C)(=O)=O)C1;0.6391570787619014;1.3898187656718606;-0.16957679805484424;-0.3851146642402806;-0.4209813327860232;-0.9731903819644286;-0.6209838283181613;-0.49920768260333204;-0.24710536429033883;-0.030729254193150108;-0.48521256726432327;-0.4361122207682917;6.5701344481423405;-0.40599897147057507;-0.18749999999999997;0.0
Cc1ccccc1NC(=O)N1CC(c2nnc(-c3ccncc3)o2)C2(CCOCC2)C1;-1.588593669168159;-0.6111420261501871;-0.16957679805484424;1.6258289027286723;-0.40117877074897995;-0.4038847501309328;-0.6209838283181613;-0.49920768260333204;-0.24710536429033883;-0.030729254193150108;2.060952389667274;2.536742788970546;-0.15220388682955227;-0.40599897147057507;-0.18749999999999997;0.0
Cc1ccccc1NC(=O)N1CC2(C1)OCc1nc(C3CC3)ncc12;-1.9211319092116435;0.2833274367784825;-0.16957679805484424;1.6258289027286723;-1.5751643097199564;-0.4038847501309328;-0.6209838283181613;-0.49920768260333204;-0.24710536429033883;-0.030729254193150108;-0.48521256726432327;-0.4361122207682917;-0.15220388682955227;-0.40599897147057507;-0.18749999999999997;0.0
Cc1ccccc1NC(=O)N1CC2(CN(Cc3ccccc3)CC2c2nc(C3CC3)n[nH]2)C1;-2.016898272868124;0.1912092020215695;-0.16957679805484424;1.6258289027286723;0.7800227818188298;-0.4038847501309328;-0.6209838283181613;-0.49920768260333204;-0.24710536429033883;-0.030729254193150108;-0.48521256726432327;-0.4361122207682917;-0.15220388682955227;-0.40599897147057507;-0.18749999999999997;0.0
Cc1ccccc1NC(=O)N1CCC(CCNC(=O)CC(C)C)CC1;1.2461852641088766;-0.027555237945433474;-0.16957679805484424;-0.3851146642402806;-0.4458020348823024;-0.9731903819644286;-0.6209838283181613;-0.49920768260333204;-0.24710536429033883;-0.030729254193150108;-0.48521256726432327;-0.4361122207682917;-0.15220388682955227;-0.40599897147057507;-0.18749999999999997;0.0
Cc1ccccc1NC(=O)N1CCC(CCNC(=O)CCC2CCCC2)CC1;-0.2719191509515233;-0.5270106606146924;-0.16957679805484424;-0.3851146642402806;-0.4458020348823024;-0.9731903819644286;-0.6209838283181613;-0.49920768260333204;-0.24710536429033883;-0.030729254193150108;-0.48521256726432327;-0.4361122207682917;-0.15220388682955227;-0.40599897147057507;-0.18749999999999997;1.0
Cc1ccccc1NC(=O)N1CCC(CCNC(=O)Cc2ccsc2)CC1;-0.2744710576909446;0.05431462482956338;-0.16957679805484424;-0.3851146642402806;-0.4458020348823024;-0.4038847501309328;-0.6209838283181613;-0.49920768260333204;-0.24710536429033883;-0.030729254193150108;-0.48521256726432327;-0.4361122207682917;-0.15220388682955227;-0.40599897147057507;-0.18749999999999997;1.0
Cc1ccccc1NC(=O)N1CCC(CCNC(=O)c2ccc3[nH]cnc3c2)CC1;-0.8308325162359331;-0.4825337998596971;-0.16957679805484424;-0.3851146642402806;-0.4458020348823024;-0.4038847501309328;-0.6209838283181613;-0.49920768260333204;-0.24710536429033883;-0.030729254193150108;-0.48521256726432327;-0.4361122207682917;-0.15220388682955227;-0.40599897147057507;-0.18749999999999997;0.0
Cc1ccccc1NC(=O)N1CCC(CCNC(=O)c2cccs2)CC1;-0.27721926494878907;-0.43519733360837115;-0.16957679805484424;-0.3851146642402806;-0.4458020348823024;-0.9731903819644286;-0.6209838283181613;-0.49920768260333204;-0.24710536429033883;-0.030729254193150108;-0.48521256726432327;-0.4361122207682917;-0.15220388682955227;-0.40599897147057507;-0.18749999999999997;1.0
Cc1ccccc1NC(=O)N1CCC(CCNC(=O)c2ccoc2)CC1;-0.27721926494878907;-0.568212621923823;-0.16957679805484424;-0.3851146642402806;-0.4458020348823024;-0.4038847501309328;-0.6209838283181613;-0.49920768260333204;-0.24710536429033883;-0.030729254193150108;-0.48521256726432327;-0.4361122207682917;-0.15220388682955227;-0.40599897147057507;-0.18749999999999997;1.0
Cc1ccccc1NC(=O)N1CCC(F)(c2nc(C3CCOCC3)no2)C1;-0.7741508776234364;-0.5468171404216092;-0.16957679805484424;1.6258289027286723;-1.5751643097199564;-0.9731903819644286;-0.6209838283181613;-0.49920768260333204;-0.24710536429033883;-0.030729254193150108;2.060952389667274;2.536742788970546;-0.15220388682955227;-0.40599897147057507;-0.18749999999999997;1.0
Cc1ccccc1NC(=O)N1CCC(N(CCN2CCCCC2)C(=O)N(C)C)C1;0.46335713807976014;-1.3907672317582167;-0.16957679805484424;1.6258289027286723;-1.5751643097199564;-0.9731903819644286;-0.6209838283181613;-0.49920768260333204;-0.24710536429033883;-0.030729254193150108;-0.48521256726432327;-0.4361122207682917;-0.15220388682955227;-0.40599897147057507;-0.18749999999999997;0.0
Cc1ccccc1NC(=O)N1CCC(N2CCC(CC3CC3)(C(N)=O)CC2)CC1;-0.36831219254604114;-1.3905776146603845;-0.16957679805484424;-0.3851146642402806;-0.4458020348823024;-0.9731903819644286;-0.6209838283181613;-0.49920768260333204;-0.24710536429033883;-0.030729254193150108;-0.48521256726432327;-0.4361122207682917;-0.15220388682955227;-0.40599897147057507;-0.18749999999999997;0.0
Cc1ccccc1NC(=O)N1CCC(c2nc(-c3ccc(F)cc3)no2)CC1;-0.8756764338965705;-0.8943494052357157;-0.16957679805484424;-0.3851146642402806;-1.5751643097199564;-0.4038847501309328;1.6103478937742153;1.22725281840656;-0.24710536429033883;-0.030729254193150108;-0.48521256726432327;-0.4361122207682917;-0.15220388682955227;-0.40599897147057507;-0.18749999999999997;1.0
Cc1ccccc1NC(=O)N1CCC(c2nnc(C(=O)Nc3ccc(F)cc3)s2)CC1;-0.4677721840675391;0.14355592583902224;-0.16957679805484424;-0.3851146642402806;-0.4458020348823024;-0.9731903819644286;-0.6209838283181613;-0.49920768260333204;-0.24710536429033883;-0.030729254193150108;-0.48521256726432327;-0.4361122207682917;-0.15220388682955227;-0.40599897147057507;-0.18749999999999997;0.0
Cc1ccccc1NC(=O)N1CCC(n2cnc3c(C)cccc3c2=O)CC1;-0.49613873925473884;-0.9188454763595711;-0.16957679805484424;-0.3851146642402806;0.6299868994021683;0.16542088170256303;-0.6209838283181613;-0.49920768260333204;-0.24710536429033883;-0.030729254193150108;-0.48521256726432327;-0.4361122207682917;-0.15220388682955227;-0.40599897147057507;-0.18749999999999997;0.0
Cc1ccccc1NC(=O)N1CCC2(CC1)C(=O)N(CC(=O)N(C)C)CN2c1ccccc1;0.2957874739442137;-0.915076901002942;-0.16957679805484424;1.6258289027286723;0.6835602399553516;-0.9731903819644286;-0.6209838283181613;-0.49920768260333204;-0.24710536429033883;-0.030729254193150108;-0.48521256726432327;-0.4361122207682917;-0.15220388682955227;-0.40599897147057507;-0.18749999999999997;0.0
Cc1ccccc1NC(=O)N1CCC2(CC1)N=C(c1cccc(Cl)c1)C(=O)N2;-0.37421556838743253;-0.22782186265660853;4.3242083503985285;1.6258289027286723;0.7301683141413231;-0.4038847501309328;-0.6209838283181613;-0.49920768260333204;4.046856703705712;-0.030729254193150108;-0.48521256726432327;-0.4361122207682917;-0.15220388682955227;-0.40599897147057507;5.333333333333333;0.0
Cc1ccccc1NC(=O)N1CCC2(CC1)NC(=O)c1ccc(F)cc1N2C;0.005322126254391848;0.36135219505506966;-0.16957679805484424;-0.3851146642402806;-0.4458020348823024;-0.4038847501309328;1.6103478937742153;0.364022567901614;-0.24710536429033883;-0.030729254193150108;-0.48521256726432327;-0.4361122207682917;-0.15220388682955227;2.463060426921489;-0.18749999999999997;0.0
Cc1ccccc1NC(=O)N1CCC2(CC1)Nc1ccccc1-n1cccc12;-1.737048240616143;0.3852351969128112;-0.16957679805484424;-0.3851146642402806;-1.5751643097199564;-0.9731903819644286;-0.6209838283181613;-0.49920768260333204;-0.24710536429033883;-0.030729254193150108;-0.48521256726432327;-0.4361122207682917;-0.15220388682955227;-0.40599897147057507;-0.18749999999999997;1.0
Cc1ccccc1NC(=O)N1CCC2(CC1)Oc1ccccc1C(=O)N2Cc1ccccc1F;-0.8412160544479788;0.22738528976397349;-0.16957679805484424;-0.3851146642402806;0.708380942051631;0.16542088170256303;-0.6209838283181613;-0.49920768260333204;-0.24710536429033883;-0.030729254193150108;2.060952389667274;1.050315284101127;-0.15220388682955227;2.463060426921489;-0.18749999999999997;0.0
Cc1ccccc1NC(=O)N1CCC2(CC1)SCC(=O)N2c1ccc(F)cc1;-0.37421556838743975;1.2785313208202482;-0.16957679805484424;1.6258289027286723;0.708380942051631;-0.9731903819644286;-0.6209838283181613;-0.49920768260333204;-0.24710536429033883;-0.030729254193150108;-0.48521256726432327;-0.4361122207682917;6.5701344481423405;-0.40599897147057507;-0.18749999999999997;0.0
Cc1ccccc1NC(=O)N1CCCC(F)(c2nc(-c3ccncc3)no2)C1;-0.7537532630292714;-0.5962030121495768;-0.16957679805484424;-0.3851146642402806;-0.40117877074897995;-0.4038847501309328;-0.6209838283181613;-0.49920768260333204;-0.24710536429033883;-0.030729254193150108;2.060952389667274;1.050315284101127;-0.15220388682955227;-0.40599897147057507;-0.18749999999999997;1.0
Cc1ccccc1NC(=O)N1CCCC(N(CCN2CCCCC2)S(C)(=O)=O)C1;0.5810760616757791;0.6363441087761166;-0.16957679805484424;-0.3851146642402806;-1.5751643097199564;-0.9731903819644286;-0.6209838283181613;-0.49920768260333204;-0.24710536429033883;-0.030729254193150108;-0.48521256726432327;-0.4361122207682917;6.5701344481423405;-0.40599897147057507;-0.18749999999999997;0.0
Cc1ccccc1NC(=O)N1CCCC(c2nnc(C(=O)Nc3ccc(F)cc3)s2)C1;-0.4677721840675391;0.1358759542341455;-0.16957679805484424;-0.3851146642402806;-0.4458020348823024;-0.9731903819644286;-0.6209838283181613;-0.49920768260333204;-0.24710536429033883;-0.030729254193150108;-0.48521256726432327;-0.4361122207682917;6.5701344481423405;-0.40599897147057507;-0.18749999999999997;0.0
Cc1ccccc1NC(=O)N1CCCC(c2nnc(C(=O)Nc3cccc(F)c3)s2)C1;-0.4677721840675391;0.17754004586790165;-0.16957679805484424;-0.3851146642402806;-0.4458020348823024;-0.9731903819644286;-0.6209838283181613;-0.49920768260333204;-0.24710536429033883;-0.030729254193150108;-0.48521256726432327;-0.4361122207682917;6.5701344481423405;2.463060426921489;-0.18749999999999997;0.0
Cc1ccccc1NC(=O)N1CCCC1c1ncc(C)n1Cc1cccnc1;-0.8756764338965705;-0.5306457148434951;-0.16957679805484424;1.6258289027286723;-0.40117877074897995;-0.4038847501309328;-0.6209838283181613;-0.49920768260333204;-0.24710536429033883;-0.030729254193150108;-0.48521256726432327;-0.4361122207682917;-0.15220388682955227;-0.40599897147057507;-0.18749999999999997;0.0
Cc1ccccc1NC(=O)N1CCCN(c2ncccc2-c2nc(C3CC3)no2)CC1;-1.6987178234999096;-0.3975488304945205;-0.16957679805484424;-0.3851146642402806;-1.5751643097199564;-0.4038847501309328;-0.6209838283181613;-0.49920768260333204;-0.24710536429033883;-0.030729254193150108;-0.48521256726432327;-0.4361122207682917;-0.15220388682955227;-0.40599897147057507;-0.18749999999999997;1.0
Cc1ccccc1NC(=O)N1CCCN2C(=O)N(C3CCCCC3)C(=O)C2C1;-0.49613873925473884;-0.205220435122557;-0.16957679805484424;1.6258289027286723;0.708380942051631;-0.9731903819644286;-0.6209838283181613;-0.49920768260333204;-0.24710536429033883;-0.030729254193150108;2.060952389667274;1.050315284101127;-0.15220388682955227;-0.40599897147057507;-0.18749999999999997;0.0
Cc1ccccc1NC(=O)N1CCCn2nc(-c3cccn3C)cc21;-0.9563954856857148;-1.6738626877549803;-0.16957679805484424;-0.3851146642402806;-0.4209813327860232;-0.9731903819644286;-0.6209838283181613;-0.49920768260333204;-0.24710536429033883;-0.030729254193150108;-0.48521256726432327;-0.4361122207682917;-0.15220388682955227;-0.40599897147057507;-0.18749999999999997;1.0
Cc1ccccc1NC(=O)N1CCN(c2cc(-c3ccccc3)n[nH]2)CC1;-1.2941843677810418;-0.7107991863286395;-0.16957679805484424;-0.3851146642402806;-0.3741601951151035;-0.4038847501309328;-0.6209838283181613;-0.49920768260333204;-0.24710536429033883;-0.030729254193150108;-0.48521256726432327;-0.4361122207682917;-0.15220388682955227;-0.40599897147057507;-0.18749999999999997;1.0
Cc1ccccc1NC(=O)N1CCN(c2ccc(C#N)c(C(F)(F)F)c2)C(C(N)=O)C1;1.5589140903399;0.7409729305157234;-0.16957679805484424;-0.3851146642402806;-0.4458020348823024;0.16542088170256303;-0.6209838283181613;-0.49920768260333204;-0.24710536429033883;-0.030729254193150108;2.060952389667274;1.050315284101127;-0.15220388682955227;-0.40599897147057507;-0.18749999999999997;0.0
Cc1ccccc1NC(=O)N1CCNC(=O)C1Cc1nc(-c2ccccc2)no1;-0.8524813040721054;-1.2042699151900393;-0.16957679805484424;-0.3851146642402806;-0.4458020348823024;-0.4038847501309328;-0.6209838283181613;-0.49920768260333204;-0.24710536429033883;-0.030729254193150108;2.060952389667274;1.050315284101127;-0.15220388682955227;-0.40599897147057507;-0.18749999999999997;0.0
Cc1ccccc1NC(=O)N1CCSc2ccccc21;-0.8308325162359043;-0.20167970574130206;-0.16957679805484424;-0.3851146642402806;-0.4209813327860232;-0.9731903819644286;-0.6209838283181613;-0.49920768260333204;-0.24710536429033883;-0.030729254193150108;-0.48521256726432327;-0.4361122207682917;-0.15220388682955227;-0.40599897147057507;-0.18749999999999997;1.0
Cc1ccccc1NC(=O)N1CCc2c(c(COCc3cccc(F)c3)nn2C)C1;-0.4765973345702116;0.6723542571347059;-0.16957679805484424;-0.3851146642402806;-0.472356799801609;0.16542088170256303;-0.6209838283181613;-0.49920768260333204;-0.24710536429033883;-0.030729254193150108;-0.48521256726432327;-0.4361122207682917;-0.15220388682955227;-0.40599897147057507;-0.18749999999999997;1.0
Cc1ccccc1NC(=O)N1CCc2c(c(COCc3ccccc3)nn2C)C1;-0.8524813040720981;0.6931968810341752;-0.16957679805484424;-0.3851146642402806;-0.472356799801609;0.16542088170256303;-0.6209838283181613;-0.49920768260333204;-0.24710536429033883;-0.030729254193150108;-0.48521256726432327;-0.4361122207682917;-0.15220388682955227;-0.40599897147057507;-0.18749999999999997;1.0
Cc1ccccc1NC(=O)N1CCc2c(c(COc3cccc(F)c3)nn2C)C1;-0.48603111614206007;-0.16713248932063157;-0.16957679805484424;-0.3851146642402806;-0.472356799801609;-0.4038847501309328;-0.6209838283181613;-0.49920768260333204;-0.24710536429033883;-0.030729254193150108;-0.48521256726432327;-0.4361122207682917;-0.15220388682955227;-0.40599897147057507;-0.18749999999999997;1.0
Cc1ccccc1NC(=O)NC(N)=O;2.833283888147722;-0.16372554507996306;-0.16957679805484424;-0.3851146642402806;-0.3227847280995177;-0.9731903819644286;-0.6209838283181613;-0.49920768260333204;-0.24710536429033883;-0.030729254193150108;-0.48521256726432327;-0.4361122207682917;-0.15220388682955227;-0.40599897147057507;-0.18749999999999997;0.0
Cc1ccccc1NC(=O)NC1CCN(c2nc3ccccc3s2)CC1;-1.336152317734658;-1.2796316332306368;-0.16957679805484424;-0.3851146642402806;-1.5751643097199564;-0.9731903819644286;-0.6209838283181613;-0.49920768260333204;-0.24710536429033883;-0.030729254193150108;-0.48521256726432327;-0.4361122207682917;-0.15220388682955227;-0.40599897147057507;-0.18749999999999997;1.0
Cc1ccccc1NC(=O)NC1COc2ccccc2C1;-0.8009365711288127;-0.4617197559028779;-0.16957679805484424;-0.3851146642402806;-1.5751643097199564;-0.4038847501309328;-0.6209838283181613;-0.49920768260333204;-0.24710536429033883;-0.030729254193150108;-0.48521256726432327;-0.4361122207682917;-0.15220388682955227;-0.40599897147057507;-0.18749999999999997;1.0
Cc1ccccc1NC(=O)NCCCSCc1ccco1;0.004073139464593212;0.42297772308673853;-0.16957679805484424;-0.3851146642402806;-1.5751643097199564;-0.9731903819644286;-0.6209838283181613;-0.49920768260333204;-0.24710536429033883;-0.030729254193150108;-0.48521256726432327;-0.4361122207682917;6.5701344481423405;-0.40599897147057507;-0.18749999999999997;1.0
Cc1ccccc1NC(=O)NCCN(C1CCOCC1)C1CCN(S(C)(=O)=O)C1;0.5810760616757791;-0.44908443999204944;-0.16957679805484424;1.6258289027286723;-0.4209813327860232;-0.9731903819644286;-0.6209838283181613;-0.49920768260333204;-0.24710536429033883;-0.030729254193150108;-0.48521256726432327;-0.4361122207682917;-0.15220388682955227;-0.40599897147057507;-0.18749999999999997;0.0
Cc1ccccc1NC(=O)NCCN(CCOC1CC2CCC1(C)C2(C)C)C(=O)Nc1ccccc1C;0.6213464918504704;0.03636245360476699;-0.16957679805484424;-0.3851146642402806;-1.5751643097199564;-0.4038847501309328;-0.6209838283181613;-0.49920768260333204;-0.24710536429033883;-0.030729254193150108;-0.48521256726432327;-0.4361122207682917;-0.15220388682955227;-0.40599897147057507;-0.18749999999999997;0.0
Cc1ccccc1NC(=O)NCCn1c(C(F)(F)F)nc2cccnc21;0.6715484152137646;0.48538530278648523;-0.16957679805484424;-0.3851146642402806;-1.5751643097199564;-0.9731903819644286;1.6103478937742153;2.090483068911506;-0.24710536429033883;-0.030729254193150108;-0.48521256726432327;-0.4361122207682917;-0.15220388682955227;-0.40599897147057507;-0.18749999999999997;1.0
Cc1ccccc1NC(=O)NCCn1nnc2cc(C(=O)N3CCCC3)ccc21;-0.8524813040721054;0.06311296262601597;-0.16957679805484424;1.6258289027286723;-0.4458020348823024;-0.4038847501309328;-0.6209838283181613;-0.49920768260333204;-0.24710536429033883;-0.030729254193150108;-0.48521256726432327;-0.4361122207682917;-0.15220388682955227;-0.40599897147057507;-0.18749999999999997;0.0
Cc1ccccc1NC(=O)NCCn1nnc2cc(C(=O)N3CCCCC3)ccc21;-0.8308325162359331;0.004205926214983713;-0.16957679805484424;-0.3851146642402806;-0.4458020348823024;-0.4038847501309328;-0.6209838283181613;-0.49920768260333204;-0.24710536429033883;-0.030729254193150108;-0.48521256726432327;-0.4361122207682917;-0.15220388682955227;-0.40599897147057507;-0.18749999999999997;1.0
Cc1ccccc1NC(=O)Nc1cc2[nH]c(=O)[nH]c2cc1C;0.19233751078410677;-0.5274646989224259;-0.16957679805484424;-0.3851146642402806;-1.5751643097199564;-0.4038847501309328;-0.6209838283181613;-0.49920768260333204;-0.24710536429033883;-0.030729254193150108;-0.48521256726432327;-0.4361122207682917;-0.15220388682955227;-0.40599897147057507;-0.18749999999999997;1.0
Cc1ccccc1NC(=O)Nc1ccc(Br)cn1;0.628980243649341;-0.31839620683044473;-0.16957679805484424;-0.3851146642402806;-0.3227847280995177;-0.9731903819644286;-0.6209838283181613;-0.49920768260333204;-0.24710536429033883;-0.030729254193150108;-0.48521256726432327;-0.4361122207682917;-0.15220388682955227;-0.40599897147057507;-0.18749999999999997;0.0
Cc1ccccc1NC(=O)Nc1ccc(CC(=O)N(C)[C@@H](CC(C)C)C(=O)NCC[C@H](NC(=O)[C@@H]2CCCN2S(=O)(=O)c2cc(Cl)cc(Cl)c2)C(=O)O)cc1;1.6420189367675546;-1.336329047552994;-0.16957679805484424;1.6258289027286723;1.812922514793006;-0.4038847501309328;-0.6209838283181613;-0.49920768260333204;-0.24710536429033883;-0.030729254193150108;-0.48521256726432327;-0.4361122207682917;-0.15220388682955227;-0.40599897147057507;-0.18749999999999997;0.0
Cc1ccccc1NC(=O)Nc1ccc(CC(=O)N[C@@H](CC(C)C)C(=O)N[C@@H](CC(=O)O)C(=O)N[C@H](C(=O)N2CCC[C@H]2C(=O)N[C@@H](C)C(=O)N[C@@H](C)C(=O)N[C@@H](CCCCN)C(=O)O)C(C)C)cc1;2.350278061791635;1.1570883280288176;-0.16957679805484424;1.6258289027286723;7.459733888981275;-0.4038847501309328;-0.6209838283181613;-0.49920768260333204;-0.24710536429033883;-0.030729254193150108;2.060952389667274;2.536742788970546;-0.15220388682955227;-0.40599897147057507;-0.18749999999999997;0.0
Cc1ccccc1NC(=O)Nc1ccc(CC(=O)N[C@@H](CC(C)C)C(=O)N[C@@H](CC(=O)O)C(=O)N[C@H](C(=O)N2CCC[C@H]2C(=O)O)C(C)C)cc1;2.051264065418446;0.4677779788710439;-0.16957679805484424;1.6258289027286723;4.071647064468314;-0.4038847501309328;-0.6209838283181613;-0.49920768260333204;-0.24710536429033883;-0.030729254193150108;2.060952389667274;2.536742788970546;-0.15220388682955227;-0.40599897147057507;-0.18749999999999997;0.0
Cc1ccccc1NC(=O)Nc1ccc2c(c1)CCN2S(=O)(=O)c1ccccc1;-0.3683121925460484;-0.5100208990872157;-0.16957679805484424;1.6258289027286723;-0.5610625645607878;-0.4038847501309328;-0.6209838283181613;-0.49920768260333204;-0.24710536429033883;-0.030729254193150108;-0.48521256726432327;-0.4361122207682917;-0.15220388682955227;-0.40599897147057507;-0.18749999999999997;1.0
Cc1ccccc1NC(=O)Nc1nnc(N2CCCC(C)C2)s1;-0.2868977339872869;-0.6100454152703589;-0.16957679805484424;-0.3851146642402806;-0.3227847280995177;-0.9731903819644286;-0.6209838283181613;-0.49920768260333204;-0.24710536429033883;-0.030729254193150108;-0.48521256726432327;-0.4361122207682917;-0.15220388682955227;-0.40599897147057507;-0.18749999999999997;1.0
Cc1ccccc1NC(=O)c1[nH]c(C)c(S(=O)(=O)N2CCCCCC2)c1C;1.0327517250571203;-1.2197210033045587;-0.16957679805484424;-0.3851146642402806;-0.4458020348823024;-0.4038847501309328;-0.6209838283181613;-0.49920768260333204;-0.24710536429033883;-0.030729254193150108;2.060952389667274;2.536742788970546;-0.15220388682955227;-0.40599897147057507;-0.18749999999999997;0.0
Cc1ccccc1NC(=O)c1[nH]c(C)c(S(=O)(=O)N2CCOCC2)c1C;1.0802813171357377;0.8562393501066542;-0.16957679805484424;-0.3851146642402806;-0.4458020348823024;-0.4038847501309328;-0.6209838283181613;-0.49920768260333204;-0.24710536429033883;-0.030729254193150108;2.060952389667274;2.536742788970546;-0.15220388682955227;-0.40599897147057507;-0.18749999999999997;0.0
Cc1ccccc1NC(=O)c1c(-c2ccc(Cl)cc2)nc2n1CCS2(=O)=O;0.013038414967037453;-0.13820559849416136;-0.16957679805484424;1.6258289027286723;-0.4458020348823024;-0.4038847501309328;-0.6209838283181613;-0.49920768260333204;4.046856703705712;-0.030729254193150108;2.060952389667274;2.536742788970546;-0.15220388682955227;-0.40599897147057507;-0.18749999999999997;0.0
Cc1ccccc1NC(=O)c1c(-c2ccc(F)cc2)nc2n1CCS2(=O)=O;0.013038414967037453;-0.9268018278693972;-0.16957679805484424;1.6258289027286723;-0.4458020348823024;-0.4038847501309328;1.6103478937742153;0.364022567901614;-0.24710536429033883;-0.030729254193150108;2.060952389667274;2.536742788970546;-0.15220388682955227;-0.40599897147057507;-0.18749999999999997;0.0
Cc1ccccc1NC(=O)c1c(-c2cccc(F)c2)noc1C;0.17514815514189058;-0.3201318653804202;-0.16957679805484424;-0.3851146642402806;-0.4458020348823024;0.16542088170256303;-0.6209838283181613;-0.49920768260333204;-0.24710536429033883;-0.030729254193150108;-0.48521256726432327;-0.4361122207682917;-0.15220388682955227;2.463060426921489;-0.18749999999999997;1.0
Cc1ccccc1NC(=O)c1c(-c2ccccc2)nc2n1CCS2(=O)=O;-0.3873846375720826;-0.8714310497825116;-0.16957679805484424;1.6258289027286723;-0.4458020348823024;-0.4038847501309328;-0.6209838283181613;-0.49920768260333204;-0.24710536429033883;-0.030729254193150108;2.060952389667274;2.536742788970546;-0.15220388682955227;-0.40599897147057507;-0.18749999999999997;0.0
Cc1ccccc1NC(=O)c1c(-c2cccnc2)noc1C;-0.29071046421457947;-0.7798925213102628;-0.16957679805484424;-0.3851146642402806;0.728183504088674;0.16542088170256303;-0.6209838283181613;-0.49920768260333204;-0.24710536429033883;-0.030729254193150108;-0.48521256726432327;-0.4361122207682917;-0.15220388682955227;-0.40599897147057507;-0.18749999999999997;1.0
Cc1ccccc1NC(=O)c1c(C)oc2ncnc(N3CCCCC3)c12;-0.9274194158126922;-0.6405829008864298;-0.16957679805484424;-0.3851146642402806;-0.4458020348823024;0.16542088170256303;-0.6209838283181613;-0.49920768260333204;-0.24710536429033883;-0.030729254193150108;-0.48521256726432327;-0.4361122207682917;-0.15220388682955227;-0.40599897147057507;-0.18749999999999997;1.0
Cc1ccccc1NC(=O)c1c(Cl)nc(Cl)c(Cl)c1Cl;2.1398387698813783;-1.4949104772125128;4.3242083503985285;-0.3851146642402806;-0.4458020348823024;-0.4038847501309328;-0.6209838283181613;-0.49920768260333204;4.046856703705712;-0.030729254193150108;-0.48521256726432327;-0.4361122207682917;-0.15220388682955227;-0.40599897147057507;5.333333333333333;0.0
Cc1ccccc1NC(=O)c1c(NC(=O)CCCC(=O)O)sc2c1CCC2;0.5127182348995003;-2.8793320664137045;-0.16957679805484424;-0.3851146642402806;1.812922514793006;0.16542088170256303;-0.6209838283181613;-0.49920768260333204;-0.24710536429033883;-0.030729254193150108;2.060952389667274;4.023170293839964;-0.15220388682955227;-0.40599897147057507;-0.18749999999999997;0.0
Cc1ccccc1NC(=O)c1c(NC(=O)COCC(=O)O)sc2c1CCCCC2;0.4633571380797457;-2.1958085871280497;-0.16957679805484424;-0.3851146642402806;0.6835602399553516;0.16542088170256303;-0.6209838283181613;-0.49920768260333204;-0.24710536429033883;-0.030729254193150108;2.060952389667274;4.023170293839964;-0.15220388682955227;-0.40599897147057507;-0.18749999999999997;0.0
Cc1ccccc1NC(=O)c1cc(S(=O)(=O)N2CCOCC2)ccc1Cl;0.6715484152137718;-1.4772575869010418;8.817993498851902;-0.3851146642402806;-0.4458020348823024;-0.4038847501309328;-0.6209838283181613;-0.49920768260333204;4.046856703705712;-0.030729254193150108;2.060952389667274;2.536742788970546;-0.15220388682955227;-0.40599897147057507;5.333333333333333;0.0
Cc1ccccc1NC(=O)c1cc(S(=O)(=O)N2CCSCC2)ccc1Cl;0.6715484152137718;-1.3284703075033326;8.817993498851902;-0.3851146642402806;-0.4458020348823024;-0.4038847501309328;-0.6209838283181613;-0.49920768260333204;4.046856703705712;-0.030729254193150108;2.060952389667274;2.536742788970546;-0.15220388682955227;-0.40599897147057507;5.333333333333333;0.0
Cc1ccccc1NC(=O)c1cc2c([nH]c1=O)CC(C)(C)CC2=O;1.187222899312634;-0.07494073171918617;-0.16957679805484424;-0.3851146642402806;1.812922514793006;0.16542088170256303;-0.6209838283181613;-0.49920768260333204;-0.24710536429033883;-0.030729254193150108;2.060952389667274;2.536742788970546;-0.15220388682955227;-0.40599897147057507;-0.18749999999999997;0.0
Cc1ccccc1NC(=O)c1cc2c([nH]c1=O)CC(C)CC2=O;0.6371940442710681;0.26940503868911125;-0.16957679805484424;-0.3851146642402806;1.812922514793006;0.16542088170256303;-0.6209838283181613;-0.49920768260333204;-0.24710536429033883;-0.030729254193150108;2.060952389667274;2.536742788970546;-0.15220388682955227;-0.40599897147057507;-0.18749999999999997;0.0
Cc1ccccc1NC(=O)c1cc2c(ccc3ccccc32)oc1=N;-0.9563954856857148;0.7990480170567049;-0.16957679805484424;-0.3851146642402806;0.8283649188278285;1.3040321453695547;-0.6209838283181613;-0.49920768260333204;-0.24710536429033883;-0.030729254193150108;-0.48521256726432327;-0.4361122207682917;-0.15220388682955227;-0.40599897147057507;-0.18749999999999997;0.0
Cc1ccccc1NC(=O)c1cc2cc(Br)ccc2oc1=O;0.19233751078410677;1.0337271997288888;-0.16957679805484424;-0.3851146642402806;-0.4458020348823024;0.16542088170256303;-0.6209838283181613;-0.49920768260333204;-0.24710536429033883;-0.030729254193150108;-0.48521256726432327;-0.4361122207682917;-0.15220388682955227;-0.40599897147057507;-0.18749999999999997;1.0
Cc1ccccc1NC(=O)c1cc2cc([N+](=O)[O-])ccc2oc1=N;0.602185222885316;0.7044219149880087;-0.16957679805484424;-0.3851146642402806;3.2108116597548073;0.16542088170256303;-0.6209838283181613;-0.49920768260333204;-0.24710536429033883;-0.030729254193150108;2.060952389667274;2.536742788970546;-0.15220388682955227;-0.40599897147057507;-0.18749999999999997;0.0
Cc1ccccc1NC(=O)c1cc2cc([N+](=O)[O-])ccc2oc1=O;0.602185222885316;1.119590548312042;-0.16957679805484424;-0.3851146642402806;1.9366447060446763;0.16542088170256303;-0.6209838283181613;-0.49920768260333204;-0.24710536429033883;-0.030729254193150108;2.060952389667274;2.536742788970546;-0.15220388682955227;-0.40599897147057507;-0.18749999999999997;0.0
Cc1ccccc1NC(=O)c1cc2n(n1)CC(C)(C(=O)NC1CCCCCC1)N(C)C2=O;0.31137513466081557;0.48774601872721796;-0.16957679805484424;-0.3851146642402806;2.9157300247113525;-0.9731903819644286;-0.6209838283181613;-0.49920768260333204;-0.24710536429033883;-0.030729254193150108;2.060952389667274;1.050315284101127;-0.15220388682955227;-0.40599897147057507;-0.18749999999999997;1.0
Cc1ccccc1NC(=O)c1cc2n(n1)CCCN(Cc1cccc(F)c1)C2=O;-0.48603111614205285;0.42641600926268214;-0.16957679805484424;-0.3851146642402806;1.7863677498736987;-0.4038847501309328;-0.6209838283181613;-0.49920768260333204;-0.24710536429033883;-0.030729254193150108;2.060952389667274;1.050315284101127;-0.15220388682955227;-0.40599897147057507;-0.18749999999999997;0.0
Cc1ccccc1NC(=O)c1ccc(-c2ccc(S(=O)(=O)N3CCOCC3)s2)cc1;-0.36280237509408747;-0.12364339054083424;-0.16957679805484424;-0.3851146642402806;-0.4458020348823024;0.16542088170256303;-0.6209838283181613;-0.49920768260333204;-0.24710536429033883;-0.030729254193150108;-0.48521256726432327;-0.4361122207682917;6.5701344481423405;-0.40599897147057507;-0.18749999999999997;1.0
Cc1ccccc1NC(=O)c1ccc(Cn2cc([N+](=O)[O-])cn2)o1;0.15939124580318756;-0.7866830656398971;-0.16957679805484424;-0.3851146642402806;3.0394522159630246;-0.9731903819644286;-0.6209838283181613;-0.49920768260333204;-0.24710536429033883;-0.030729254193150108;-0.48521256726432327;-0.4361122207682917;-0.15220388682955227;-0.40599897147057507;-0.18749999999999997;0.0
Cc1ccccc1NC(=O)c1ccc(F)c(S(=O)(=O)N2CCc3ccccc32)c1;-0.0018620046160103172;-0.33089989197324743;-0.16957679805484424;1.6258289027286723;0.5682997102768662;0.16542088170256303;1.6103478937742153;0.364022567901614;-0.24710536429033883;-0.030729254193150108;2.060952389667274;2.536742788970546;-0.15220388682955227;2.463060426921489;-0.18749999999999997;0.0
Cc1ccccc1NC(=O)c1ccc(N2C(=O)C(C)(C)CS2(=O)=O)cc1;1.6203160953763327;0.18074086680203685;-0.16957679805484424;1.6258289027286723;0.6835602399553516;-0.4038847501309328;-0.6209838283181613;-0.49920768260333204;-0.24710536429033883;-0.030729254193150108;-0.48521256726432327;-0.4361122207682917;-0.15220388682955227;-0.40599897147057507;-0.18749999999999997;0.0
Cc1ccccc1NC(=O)c1ccc(N2C(=O)CCS2(=O)=O)cc1Cl;1.131613276580648;-1.5302311506375594;13.311778647305275;1.6258289027286723;0.6835602399553516;-0.4038847501309328;-0.6209838283181613;-0.49920768260333204;-0.24710536429033883;-0.030729254193150108;-0.48521256726432327;-0.4361122207682917;-0.15220388682955227;-0.40599897147057507;5.333333333333333;0.0
Cc1ccccc1NC(=O)c1ccc(S(=O)(=O)N2CC(C)CC(C)C2)cc1;1.0327517250571203;-0.24043304266152155;-0.16957679805484424;-0.3851146642402806;-0.4458020348823024;-0.4038847501309328;-0.6209838283181613;-0.49920768260333204;-0.24710536429033883;-0.030729254193150108;-0.48521256726432327;-0.4361122207682917;6.5701344481423405;-0.40599897147057507;-0.18749999999999997;0.0
Cc1ccccc1NC(=O)c1cccc(Cn2cc(Br)c([N+](=O)[O-])n2)c1;0.5402465388951426;-0.2435729401236024;-0.16957679805484424;-0.3851146642402806;-0.4458020348823024;0.16542088170256303;-0.6209838283181613;-0.49920768260333204;-0.24710536429033883;-0.030729254193150108;-0.48521256726432327;-0.4361122207682917;-0.15220388682955227;-0.40599897147057507;-0.18749999999999997;0.0
Cc1ccccc1NC(=O)c1cccc(N)c1;0.6779212973338195;-0.5976528207723855;-0.16957679805484424;-0.3851146642402806;-0.4458020348823024;-0.4038847501309328;-0.6209838283181613;-0.49920768260333204;-0.24710536429033883;-0.030729254193150108;-0.48521256726432327;-0.4361122207682917;-0.15220388682955227;-0.40599897147057507;-0.18749999999999997;0.0
Cc1ccccc1NC(=O)c1cccc(NC(=O)c2ccco2)c1;-0.2834027312789409;-0.21331554130328317;-0.16957679805484424;-0.3851146642402806;0.6835602399553516;-0.4038847501309328;-0.6209838283181613;-0.49920768260333204;-0.24710536429033883;-0.030729254193150108;-0.48521256726432327;-0.4361122207682917;-0.15220388682955227;-0.40599897147057507;-0.18749999999999997;1.0
Cc1ccccc1NC(=O)c1cccc(OCc2c(C)noc2C)c1;0.1448948892115773;-0.4894832350120204;-0.16957679805484424;-0.3851146642402806;-0.4458020348823024;0.16542088170256303;-0.6209838283181613;-0.49920768260333204;-0.24710536429033883;-0.030729254193150108;-0.48521256726432327;-0.4361122207682917;-0.15220388682955227;-0.40599897147057507;-0.18749999999999997;0.0
Cc1ccccc1NC(=O)c1cccc(S(=O)(=O)N2CCCCCC2)c1;0.26281551329179875;0.10258842445802135;-0.16957679805484424;-0.3851146642402806;-0.4458020348823024;-0.4038847501309328;-0.6209838283181613;-0.49920768260333204;-0.24710536429033883;-0.030729254193150108;2.060952389667274;2.536742788970546;-0.15220388682955227;-0.40599897147057507;-0.18749999999999997;1.0
Cc1ccccc1NC(=O)c1cccc2c1C(=O)N(CC1CCCO1)C2;-0.9274194158126922;-1.3902129782104427;-0.16957679805484424;3.636772469697625;0.6835602399553516;0.7347265135360589;-0.6209838283181613;-0.49920768260333204;-0.24710536429033883;-0.030729254193150108;-0.48521256726432327;-0.4361122207682917;-0.15220388682955227;-0.40599897147057507;-0.18749999999999997;0.0
Cc1ccccc1NC(=O)c1cccn(Cc2ccc(Cl)cc2)c1=O;0.14489488921158455;0.04037017967147421;-0.16957679805484424;-0.3851146642402806;0.6835602399553516;0.16542088170256303;-0.6209838283181613;-0.49920768260333204;4.046856703705712;-0.030729254193150108;-0.48521256726432327;-0.4361122207682917;-0.15220388682955227;-0.40599897147057507;-0.18749999999999997;0.0
Cc1ccccc1NC(=O)c1cccn(Cc2cccc([N+](=O)[O-])c2)c1=O;0.5127182348995221;-0.04562555061351057;-0.16957679805484424;-0.3851146642402806;3.06600698088233;0.16542088170256303;-0.6209838283181613;-0.49920768260333204;-0.24710536429033883;-0.030729254193150108;-0.48521256726432327;-0.4361122207682917;-0.15220388682955227;-0.40599897147057507;-0.18749999999999997;0.0
Cc1ccccc1NC(=O)c1cccn(Cc2ccccc2Cl)c1=O;0.14489488921158455;-0.44160611363229685;4.3242083503985285;-0.3851146642402806;0.6835602399553516;0.16542088170256303;-0.6209838283181613;-0.49920768260333204;-0.24710536429033883;-0.030729254193150108;-0.48521256726432327;-0.4361122207682917;-0.15220388682955227;-0.40599897147057507;5.333333333333333;0.0
Cc1ccccc1NC(=O)c1ccn(COc2cccc(C(F)(F)F)c2)n1;0.6391570787618942;-0.7557265935675117;-0.16957679805484424;-0.3851146642402806;-0.4458020348823024;-0.4038847501309328;-0.6209838283181613;-0.49920768260333204;-0.24710536429033883;-0.030729254193150108;2.060952389667274;1.050315284101127;-0.15220388682955227;-0.40599897147057507;-0.18749999999999997;0.0
Cc1ccccc1NC(=O)c1cn2c3c(cc(Br)cc3c1=O)CC2;-0.544992250966039;0.6882898552090977;-0.16957679805484424;1.6258289027286723;0.6835602399553516;0.7347265135360589;-0.6209838283181613;-0.49920768260333204;-0.24710536429033883;-0.030729254193150108;-0.48521256726432327;-0.4361122207682917;-0.15220388682955227;-0.40599897147057507;-0.18749999999999997;0.0
Cc1ccccc1NC(=O)c1cnc(N2CCCC2)nc1C;-0.29071046421457947;0.12541648250897836;-0.16957679805484424;1.6258289027286723;-0.4458020348823024;-0.4038847501309328;-0.6209838283181613;-0.49920768260333204;-0.24710536429033883;-0.030729254193150108;-0.48521256726432327;-0.4361122207682917;-0.15220388682955227;-0.40599897147057507;-0.18749999999999997;0.0
Cc1ccccc1NC(=O)c1cnc2sc(N3CCOCC3)nn2c1=O;-0.9274194158126849;0.77799095723043;-0.16957679805484424;-0.3851146642402806;0.6835602399553516;-0.4038847501309328;-0.6209838283181613;-0.49920768260333204;-0.24710536429033883;-0.030729254193150108;-0.48521256726432327;-0.4361122207682917;6.5701344481423405;-0.40599897147057507;-0.18749999999999997;0.0
Cc1ccccc1NC(=O)c1cnn(-c2ccc(Cl)cc2)c1C1CCNCC1;-0.8756764338965705;0.6681488133400023;-0.16957679805484424;-0.3851146642402806;-0.4458020348823024;-0.4038847501309328;-0.6209838283181613;-0.49920768260333204;4.046856703705712;-0.030729254193150108;-0.48521256726432327;-0.4361122207682917;-0.15220388682955227;-0.40599897147057507;-0.18749999999999997;0.0
Cc1ccccc1NC(=O)c1cnn(-c2ccc(F)cc2)c1C1CCNCC1;-0.8756764338965705;0.27542838796061997;-0.16957679805484424;-0.3851146642402806;-0.4458020348823024;-0.4038847501309328;1.6103478937742153;0.364022567901614;-0.24710536429033883;-0.030729254193150108;-0.48521256726432327;-0.4361122207682917;-0.15220388682955227;-0.40599897147057507;-0.18749999999999997;0.0
Cc1ccccc1NC(=O)c1cnn(-c2ccccc2)c1C1CCNCC1;-1.2941843677810418;0.3044585534711128;-0.16957679805484424;-0.3851146642402806;-0.4458020348823024;-0.4038847501309328;-0.6209838283181613;-0.49920768260333204;-0.24710536429033883;-0.030729254193150108;-0.48521256726432327;-0.4361122207682917;-0.15220388682955227;-0.40599897147057507;-0.18749999999999997;0.0
Cc1ccccc1NC(=O)c1cnn2c1NC(C(=O)O)=CC2c1ccc(Cl)cc1;-0.11958092821202199;1.7302056322492478;-0.16957679805484424;-0.3851146642402806;-0.4458020348823024;0.16542088170256303;-0.6209838283181613;-0.49920768260333204;4.046856703705712;-0.030729254193150108;-0.48521256726432327;-0.4361122207682917;-0.15220388682955227;-0.40599897147057507;-0.18749999999999997;1.0
Cc1ccccc1NC(=O)c1nc(SC(C)C)ncc1Cl;1.5222239180318908;-1.378732537932819;-0.16957679805484424;-0.3851146642402806;-0.4458020348823024;-0.9731903819644286;-0.6209838283181613;-0.49920768260333204;-0.24710536429033883;-0.030729254193150108;-0.48521256726432327;-0.4361122207682917;-0.15220388682955227;-0.40599897147057507;-0.18749999999999997;0.0
Cc1ccccc1NC(=O)c1nc2ccccc2[nH]c1=O;-0.2948863116063802;0.3387124422925598;-0.16957679805484424;-0.3851146642402806;0.6835602399553516;-0.9731903819644286;-0.6209838283181613;-0.49920768260333204;-0.24710536429033883;-0.030729254193150108;-0.48521256726432327;-0.4361122207682917;-0.15220388682955227;-0.40599897147057507;-0.18749999999999997;0.0
Cc1ccccc1NC(=O)c1nc2ccccc2nc1N1CCCCC1;-1.336152317734658;-0.08618479100681278;-0.16957679805484424;-0.3851146642402806;-0.4458020348823024;-0.9731903819644286;-0.6209838283181613;-0.49920768260333204;-0.24710536429033883;-0.030729254193150108;-0.48521256726432327;-0.4361122207682917;-0.15220388682955227;-0.40599897147057507;-0.18749999999999997;1.0
Cc1ccccc1NC(=O)c1nc[nH]c1C(=O)Nc1ccccc1C;0.14489488921158455;-1.6645843956656263;-0.16957679805484424;-0.3851146642402806;0.6835602399553516;-0.4038847501309328;-0.6209838283181613;-0.49920768260333204;-0.24710536429033883;-0.030729254193150108;-0.48521256726432327;-0.4361122207682917;-0.15220388682955227;-0.40599897147057507;-0.18749999999999997;0.0
Cc1ccccc1NC(=O)c1ncoc1-c1ccco1;-0.8308325162359043;-0.3530701659127518;-0.16957679805484424;-0.3851146642402806;-0.4458020348823024;-0.9731903819644286;-0.6209838283181613;-0.49920768260333204;-0.24710536429033883;-0.030729254193150108;-0.48521256726432327;-0.4361122207682917;-0.15220388682955227;-0.40599897147057507;-0.18749999999999997;1.0
Cc1ccccc1NC(=O)c1nn(-c2ccc(Cl)cc2)ccc1=O;0.15939124580318756;0.5620003497324951;-0.16957679805484424;-0.3851146642402806;0.6835602399553516;-0.9731903819644286;-0.6209838283181613;-0.49920768260333204;4.046856703705712;-0.030729254193150108;-0.48521256726432327;-0.4361122207682917;-0.15220388682955227;-0.40599897147057507;-0.18749999999999997;1.0
Cc1ccccc1NC(=O)c1nn(-c2ccc(F)cc2)ccc1=O;0.15939124580318756;0.31040263359180115;-0.16957679805484424;-0.3851146642402806;0.6835602399553516;-0.9731903819644286;1.6103478937742153;0.364022567901614;-0.24710536429033883;-0.030729254193150108;-0.48521256726432327;-0.4361122207682917;-0.15220388682955227;-0.40599897147057507;-0.18749999999999997;0.0
Cc1ccccc1NC(=O)c1nn(C)c2c1CSc1ccccc1-2;-0.9877862280481674;-0.09189376699744617;-0.16957679805484424;-0.3851146642402806;0.657005475036045;0.16542088170256303;-0.6209838283181613;-0.49920768260333204;-0.24710536429033883;-0.030729254193150108;-0.48521256726432327;-0.4361122207682917;-0.15220388682955227;-0.40599897147057507;-0.18749999999999997;1.0
Cc1ccccc1NC(=O)c1nn(C)cc1[N+](=O)[O-];1.7038282956128101;-0.9379210732461372;-0.16957679805484424;-0.3851146642402806;3.0394522159630246;-0.9731903819644286;-0.6209838283181613;-0.49920768260333204;-0.24710536429033883;-0.030729254193150108;-0.48521256726432327;-0.4361122207682917;-0.15220388682955227;-0.40599897147057507;-0.18749999999999997;0.0
Cc1ccccc1NC(=O)c1nnc(C2CCCN(C(=O)C(C)C)C2)s1;0.5402465388951426;-0.8329321533187216;-0.16957679805484424;-0.3851146642402806;0.6835602399553516;-0.9731903819644286;-0.6209838283181613;-0.49920768260333204;-0.24710536429033883;-0.030729254193150108;-0.48521256726432327;-0.4361122207682917;6.5701344481423405;-0.40599897147057507;-0.18749999999999997;0.0
Cc1ccccc1NC(=O)c1nnc(C2CCCN(C(=O)C3CCCCC3)C2)s1;-0.8524813040721054;0.016908036898588035;-0.16957679805484424;-0.3851146642402806;0.6835602399553516;-0.9731903819644286;-0.6209838283181613;-0.49920768260333204;-0.24710536429033883;-0.030729254193150108;-0.48521256726432327;-0.4361122207682917;6.5701344481423405;-0.40599897147057507;-0.18749999999999997;1.0
Cc1ccccc1NC(=O)c1nnc(C2CCCN(C(=O)Nc3ccc(F)cc3)C2)s1;-0.4677721840675391;-0.19981320036628855;-0.16957679805484424;-0.3851146642402806;-0.4458020348823024;-0.9731903819644286;-0.6209838283181613;-0.49920768260333204;-0.24710536429033883;-0.030729254193150108;-0.48521256726432327;-0.4361122207682917;6.5701344481423405;-0.40599897147057507;-0.18749999999999997;0.0
Cc1ccccc1NC(=O)c1nnc(C2CCCN(C(=O)Nc3ccccc3C)C2)s1;-0.4677721840675391;0.132853214511165;-0.16957679805484424;-0.3851146642402806;-0.4458020348823024;-0.4038847501309328;-0.6209838283181613;-0.49920768260333204;-0.24710536429033883;-0.030729254193150108;-0.48521256726432327;-0.4361122207682917;6.5701344481423405;-0.40599897147057507;-0.18749999999999997;0.0
Cc1ccccc1NC(=O)c1nnc(C2CCCN(C(=O)c3ccco3)C2)s1;-0.8756764338965705;-0.008959019682774912;-0.16957679805484424;-0.3851146642402806;0.6835602399553516;-0.9731903819644286;-0.6209838283181613;-0.49920768260333204;-0.24710536429033883;-0.030729254193150108;-0.48521256726432327;-0.4361122207682917;6.5701344481423405;-0.40599897147057507;-0.18749999999999997;1.0
Cc1ccccc1NC(=O)c1nnc(C2CCCN(S(=O)(=O)c3ccccc3)C2)s1;-0.36280237509408747;-0.135308908899631;-0.16957679805484424;-0.3851146642402806;-0.4458020348823024;-0.9731903819644286;-0.6209838283181613;-0.49920768260333204;-0.24710536429033883;-0.030729254193150108;-0.48521256726432327;-0.4361122207682917;6.5701344481423405;-0.40599897147057507;-0.18749999999999997;1.0
Cc1ccccc1NC(=O)c1nnc(C2CCCN(S(=O)(=O)c3ccccc3F)C2)s1;-0.014839789414136799;-0.15557393801266695;-0.16957679805484424;-0.3851146642402806;-0.4458020348823024;-0.9731903819644286;-0.6209838283181613;-0.49920768260333204;-0.24710536429033883;-0.030729254193150108;-0.48521256726432327;-0.4361122207682917;6.5701344481423405;-0.40599897147057507;-0.18749999999999997;1.0
Cc1ccccc1NC(=O)c1nnc(C2CCCN(S(=O)(=O)c3cn(C)cn3)C2)s1;-0.008567193428373135;0.020165493170818886;-0.16957679805484424;-0.3851146642402806;-0.4458020348823024;-0.9731903819644286;-0.6209838283181613;-0.49920768260333204;-0.24710536429033883;-0.030729254193150108;-0.48521256726432327;-0.4361122207682917;6.5701344481423405;-0.40599897147057507;-0.18749999999999997;1.0
Cc1ccccc1NC(=O)c1nnc(C2CCN(C(=O)CCc3ccccc3)CC2)s1;-0.8105804243891909;-0.5814932686903943;-0.16957679805484424;-0.3851146642402806;0.6835602399553516;-0.4038847501309328;-0.6209838283181613;-0.49920768260333204;-0.24710536429033883;-0.030729254193150108;-0.48521256726432327;-0.4361122207682917;-0.15220388682955227;-0.40599897147057507;-0.18749999999999997;0.0
Cc1ccccc1NC(=O)c1nnc(CCCC(=O)NCCCN2CCCCC2)s1;-0.267325718820549;-0.3839804309777097;-0.16957679805484424;-0.3851146642402806;0.6835602399553516;-0.9731903819644286;-0.6209838283181613;-0.49920768260333204;-0.24710536429033883;-0.030729254193150108;-0.48521256726432327;-0.4361122207682917;6.5701344481423405;-0.40599897147057507;-0.18749999999999997;0.0
Cc1ccccc1NC(=O)c1nnc(CCCC(=O)NCCN(C)C)s1;1.1904466897590458;-0.30557002713554327;-0.16957679805484424;-0.3851146642402806;0.6835602399553516;-0.9731903819644286;-0.6209838283181613;-0.49920768260333204;-0.24710536429033883;-0.030729254193150108;-0.48521256726432327;-0.4361122207682917;6.5701344481423405;-0.40599897147057507;-0.18749999999999997;0.0
Cc1ccccc1NC(=O)c1nnc(CCCC(=O)NCc2cccc(Cl)c2)s1;0.09690695014971486;-1.094959604219821;-0.16957679805484424;-0.3851146642402806;0.6835602399553516;-0.4038847501309328;-0.6209838283181613;-0.49920768260333204;-0.24710536429033883;-0.030729254193150108;-0.48521256726432327;-0.4361122207682917;6.5701344481423405;-0.40599897147057507;-0.18749999999999997;0.0
Cc1ccccc1NC(=O)c1nnc(CSCC(=O)NCCCc2ccccc2)s1;-0.267325718820549;-0.011083995520111486;-0.16957679805484424;-0.3851146642402806;0.6835602399553516;-0.4038847501309328;-0.6209838283181613;-0.49920768260333204;-0.24710536429033883;-0.030729254193150108;-0.48521256726432327;-0.4361122207682917;6.5701344481423405;-0.40599897147057507;-0.18749999999999997;1.0
Cc1ccccc1NC(=O)c1nnc(CSCC(=O)NCCc2c(C)noc2C)s1;0.4411446445108724;-0.12526251106019576;-0.16957679805484424;-0.3851146642402806;0.6835602399553516;-0.4038847501309328;-0.6209838283181613;-0.49920768260333204;-0.24710536429033883;-0.030729254193150108;-0.48521256726432327;-0.4361122207682917;6.5701344481423405;-0.40599897147057507;-0.18749999999999997;0.0
Cc1ccccc1NC(=O)c1nnc(CSCC(=O)NCc2c[nH]nc2C)s1;0.10761854369031555;-1.0450599134518628;-0.16957679805484424;-0.3851146642402806;1.8845643545602042;-0.4038847501309328;-0.6209838283181613;-0.49920768260333204;-0.24710536429033883;-0.030729254193150108;-0.48521256726432327;-0.4361122207682917;6.5701344481423405;-0.40599897147057507;-0.18749999999999997;0.0
Cc1ccccc1NC(=O)c1nnc(SCC(=O)N2CCC3(CC2)OCCO3)s1;-0.7347623804760937;-0.45155098910315355;-0.16957679805484424;1.6258289027286723;0.6835602399553516;-0.9731903819644286;-0.6209838283181613;-0.49920768260333204;-0.24710536429033883;-0.030729254193150108;2.060952389667274;2.536742788970546;-0.15220388682955227;-0.40599897147057507;-0.18749999999999997;0.0
Cc1ccccc1NC(=O)c1nnc(SCC(=O)NCCC(C)C)s1;1.2461852641088766;-0.6286642213899848;-0.16957679805484424;-0.3851146642402806;0.6835602399553516;-0.9731903819644286;-0.6209838283181613;-0.49920768260333204;-0.24710536429033883;-0.030729254193150108;-0.48521256726432327;-0.4361122207682917;-0.15220388682955227;-0.40599897147057507;-0.18749999999999997;0.0
Cc1ccccc1NC(=O)c1oc2ccc3c(c2c1C)C(=O)CC(C)(c1ccc(F)cc1)O3;-0.21649143279703406;-1.29198324293131;-0.16957679805484424;-0.3851146642402806;0.6835602399553516;1.3040321453695547;-0.6209838283181613;-0.49920768260333204;-0.24710536429033883;-0.030729254193150108;-0.48521256726432327;-0.4361122207682917;-0.15220388682955227;2.463060426921489;-0.18749999999999997;0.0
Cc1ccccc1NC(=O)c1sc2nc(N3CCCC3)c3c(c2c1N)CCCC3;-1.4354193703638658;-0.21987377282407022;-0.16957679805484424;1.6258289027286723;-0.4458020348823024;0.7347265135360589;-0.6209838283181613;-0.49920768260333204;-0.24710536429033883;-0.030729254193150108;-0.48521256726432327;-0.4361122207682917;-0.15220388682955227;-0.40599897147057507;-0.18749999999999997;1.0
Cc1ccccc1NC(=O)c1sc2nc(S)[nH]c(=O)c2c1C;0.675385485782793;-1.2385453548014025;-0.16957679805484424;-0.3851146642402806;0.6835602399553516;0.16542088170256303;-0.6209838283181613;-0.49920768260333204;-0.24710536429033883;-0.030729254193150108;2.060952389667274;1.050315284101127;-0.15220388682955227;-0.40599897147057507;-0.18749999999999997;0.0
Cc1ccccc1NC(=O)c1sc2nc3n(c(=O)c2c1C)CCC3;-0.544992250966039;-0.4505363447853146;-0.16957679805484424;1.6258289027286723;1.7593491742398217;0.16542088170256303;-0.6209838283181613;-0.49920768260333204;-0.24710536429033883;-0.030729254193150108;2.060952389667274;1.050315284101127;-0.15220388682955227;-0.40599897147057507;-0.18749999999999997;0.0
Cc1ccccc1NC(=O)n1ncc2cc(Cl)ccc21;-0.2994797437373544;-1.232765695716385;-0.16957679805484424;-0.3851146642402806;-1.5751643097199564;-0.4038847501309328;-0.6209838283181613;-0.49920768260333204;-0.24710536429033883;-0.030729254193150108;-0.48521256726432327;-0.4361122207682917;-0.15220388682955227;-0.40599897147057507;-0.18749999999999997;1.0
Cc1ccccc1NC(=S)C(C#N)C(N)=O;3.1179371591290903;0.16700089159163792;-0.16957679805484424;-0.3851146642402806;-0.4458020348823024;-0.9731903819644286;-0.6209838283181613;-0.49920768260333204;-0.24710536429033883;-0.030729254193150108;-0.48521256726432327;-0.4361122207682917;-0.15220388682955227;-0.40599897147057507;-0.18749999999999997;0.0
Cc1ccccc1NC(=S)N(CCCN1CCCC1)Cc1cccs1;-0.7052695467861081;0.5959856430151834;-0.16957679805484424;1.6258289027286723;-1.5751643097199564;-0.9731903819644286;-0.6209838283181613;-0.49920768260333204;-0.24710536429033883;-0.030729254193150108;-0.48521256726432327;-0.4361122207682917;-0.15220388682955227;-0.40599897147057507;-0.18749999999999997;1.0
Cc1ccccc1NC(=S)N(CCCN1CCN(C)CC1)Cc1ccco1;-0.2744710576909446;-0.7877303981004272;-0.16957679805484424;-0.3851146642402806;-1.5751643097199564;-0.9731903819644286;-0.6209838283181613;-0.49920768260333204;-0.24710536429033883;-0.030729254193150108;-0.48521256726432327;-0.4361122207682917;-0.15220388682955227;-0.40599897147057507;-0.18749999999999997;1.0
Cc1ccccc1NC(=S)N1CCN(C(=O)C2COc3ccccc3O2)CC1;-0.8756764338965705;-1.199759362323957;-0.16957679805484424;-0.3851146642402806;-0.4458020348823024;-0.9731903819644286;-0.6209838283181613;-0.49920768260333204;-0.24710536429033883;-0.030729254193150108;-0.48521256726432327;-0.4361122207682917;-0.15220388682955227;-0.40599897147057507;-0.18749999999999997;0.0
Cc1ccccc1NC(=S)NC(NC(=O)N(C)C)C(Cl)(Cl)Cl;3.816541075742817;-0.8573152333145887;-0.16957679805484424;-0.3851146642402806;-1.5751643097199564;-0.9731903819644286;-0.6209838283181613;-0.49920768260333204;-0.24710536429033883;-0.030729254193150108;-0.48521256726432327;-0.4361122207682917;6.5701344481423405;-0.40599897147057507;-0.18749999999999997;0.0
Cc1ccccc1NC(=S)NCCNC(=O)c1cc(C)n(C)n1;1.3722029104650375;0.26051524984911045;-0.16957679805484424;-0.3851146642402806;0.657005475036045;-0.9731903819644286;-0.6209838283181613;-0.49920768260333204;-0.24710536429033883;-0.030729254193150108;-0.48521256726432327;-0.4361122207682917;-0.15220388682955227;-0.40599897147057507;-0.18749999999999997;0.0
Cc1ccccc1NC(=S)NNC(=O)C(C)Cn1cc(Br)cn1;1.3722029104650304;0.323993491626302;-0.16957679805484424;-0.3851146642402806;3.2131162652045937;-0.9731903819644286;-0.6209838283181613;-0.49920768260333204;-0.24710536429033883;-0.030729254193150108;-0.48521256726432327;-0.4361122207682917;-0.15220388682955227;-0.40599897147057507;-0.18749999999999997;0.0
Cc1ccccc1NC(=S)NNC(=O)c1cccc(OC(F)(F)C(F)F)c1;2.052465035147218;0.9211860671944346;-0.16957679805484424;-0.3851146642402806;2.1103087552862467;-0.4038847501309328;-0.6209838283181613;-0.49920768260333204;-0.24710536429033883;-0.030729254193150108;-0.48521256726432327;-0.4361122207682917;-0.15220388682955227;-0.40599897147057507;-0.18749999999999997;0.0
Cc1ccccc1NC(=S)NNC(=O)c1cnn2c1NC(C)CC2C(F)(F)F;1.3681547984831022;1.4790037796869557;-0.16957679805484424;-0.3851146642402806;2.1103087552862467;-0.4038847501309328;-0.6209838283181613;-0.49920768260333204;-0.24710536429033883;-0.030729254193150108;-0.48521256726432327;-0.4361122207682917;-0.15220388682955227;-0.40599897147057507;-0.18749999999999997;0.0
Cc1ccccc1NC(C)C(=O)N/N=C/c1ccc2c(c1)OCO2;-0.2834027312789409;0.3659260967145054;-0.16957679805484424;1.6258289027286723;-0.4458020348823024;-0.4038847501309328;-0.6209838283181613;-0.49920768260333204;-0.24710536429033883;-0.030729254193150108;-0.48521256726432327;-0.4361122207682917;-0.15220388682955227;-0.40599897147057507;-0.18749999999999997;0.0
Cc1ccccc1NC(NC(=O)c1cc([N+](=O)[O-])cc([N+](=O)[O-])c1)C(Cl)(Cl)Cl;2.730987470711791;0.05560955436903974;-0.16957679805484424;-0.3851146642402806;4.319091446971657;-0.4038847501309328;-0.6209838283181613;-0.49920768260333204;-0.24710536429033883;-0.030729254193150108;2.060952389667274;11.455307818187057;-0.15220388682955227;-0.40599897147057507;-0.18749999999999997;0.0
Cc1ccccc1NC(NC(=O)c1cccs1)C(=O)c1ccccc1;-0.2801873287872654;-0.14671820284551154;-0.16957679805484424;-0.3851146642402806;0.6835602399553516;-0.4038847501309328;-0.6209838283181613;-0.49920768260333204;-0.24710536429033883;-0.030729254193150108;-0.48521256726432327;-0.4361122207682917;6.5701344481423405;-0.40599897147057507;-0.18749999999999997;1.0
Cc1ccccc1NC1=C(C(N)=O)S(=O)(=O)c2ccccc21;0.8305604305229932;-0.012795105973315127;-0.16957679805484424;1.6258289027286723;-0.4458020348823024;-0.4038847501309328;-0.6209838283181613;-0.49920768260333204;-0.24710536429033883;-0.030729254193150108;-0.48521256726432327;-0.4361122207682917;-0.15220388682955227;-0.40599897147057507;-0.18749999999999997;0.0
Cc1ccccc1NC1=NCC(C)S1;0.10761854369032278;0.08446545026170181;-0.16957679805484424;1.6258289027286723;-0.39919396069633134;-0.9731903819644286;-0.6209838283181613;-0.49920768260333204;-0.24710536429033883;-0.030729254193150108;-0.48521256726432327;-0.4361122207682917;-0.15220388682955227;-0.40599897147057507;-0.18749999999999997;0.0
Cc1ccccc1NC1c2ccccc2C(=O)N1Cc1ccc2c(c1)OCO2;-1.8589714114834492;-0.7417693294521837;-0.16957679805484424;3.636772469697625;-0.4458020348823024;0.7347265135360589;-0.6209838283181613;-0.49920768260333204;-0.24710536429033883;-0.030729254193150108;-0.48521256726432327;-0.4361122207682917;-0.15220388682955227;-0.40599897147057507;-0.18749999999999997;1.0
Cc1ccccc1NCC(=O)N/N=C/c1ccc(-c2cccc([N+](=O)[O-])c2)o1;0.10761854369031555;0.45611314524037627;-0.16957679805484424;-0.3851146642402806;1.9366447060446763;-0.4038847501309328;-0.6209838283181613;-0.49920768260333204;-0.24710536429033883;-0.030729254193150108;2.060952389667274;4.023170293839964;-0.15220388682955227;-0.40599897147057507;-0.18749999999999997;0.0
Cc1ccccc1NCC(=O)N/N=C/c1ccc(Br)cc1;0.5101233989870257;0.6721085337794911;-0.16957679805484424;-0.3851146642402806;-0.4458020348823024;-0.4038847501309328;-0.6209838283181613;-0.49920768260333204;-0.24710536429033883;32.54228019054596;-0.48521256726432327;-0.4361122207682917;-0.15220388682955227;-0.40599897147057507;-0.18749999999999997;0.0
Cc1ccccc1NCC(=O)N/N=C/c1ccccc1OC(=O)c1ccc([N+](=O)[O-])cc1;0.4008844999172543;0.1099862133846918;-0.16957679805484424;-0.3851146642402806;1.9366447060446763;0.16542088170256303;-0.6209838283181613;-0.49920768260333204;-0.24710536429033883;-0.030729254193150108;-0.48521256726432327;-0.4361122207682917;-0.15220388682955227;-0.40599897147057507;-0.18749999999999997;1.0
Cc1ccccc1NCC(=O)N/N=C\c1ccc(OCc2ccccc2)cc1;-0.6514568455933477;0.6412817318741206;-0.16957679805484424;-0.3851146642402806;-0.4458020348823024;0.16542088170256303;-0.6209838283181613;-0.49920768260333204;-0.24710536429033883;-0.030729254193150108;-0.48521256726432327;-0.4361122207682917;-0.15220388682955227;-0.40599897147057507;-0.18749999999999997;1.0
Cc1ccccc1NCC(=O)N/N=C\c1ccc([N+](=O)[O-])s1;0.9607558708959857;0.4650728499623012;-0.16957679805484424;-0.3851146642402806;1.9366447060446763;-0.9731903819644286;-0.6209838283181613;-0.49920768260333204;-0.24710536429033883;-0.030729254193150108;-0.48521256726432327;-0.4361122207682917;6.5701344481423405;-0.40599897147057507;-0.18749999999999997;0.0
Cc1ccccc1NCC(=O)N/N=C\c1ccccc1[N+](=O)[O-];0.9101570213358601;0.3843351278004255;-0.16957679805484424;-0.3851146642402806;1.9366447060446763;-0.4038847501309328;-0.6209838283181613;-0.49920768260333204;-0.24710536429033883;-0.030729254193150108;-0.48521256726432327;-0.4361122207682917;-0.15220388682955227;-0.40599897147057507;-0.18749999999999997;0.0
Cc1ccccc1NCc1cc(=O)n2nc(NCc3ccc(F)cc3)nc2[nH]1;-0.8756764338965632;-0.029663206998314984;-0.16957679805484424;-0.3851146642402806;-0.4458020348823024;-0.4038847501309328;1.6103478937742153;0.364022567901614;-0.24710536429033883;-0.030729254193150108;-0.48521256726432327;-0.4361122207682917;-0.15220388682955227;-0.40599897147057507;-0.18749999999999997;1.0
Cc1ccccc1NCc1cc(=O)n2nc(NCc3ccccc3)nc2[nH]1;-1.2941843677810347;-0.03301497890536564;-0.16957679805484424;-0.3851146642402806;-0.4458020348823024;-0.4038847501309328;-0.6209838283181613;-0.49920768260333204;-0.24710536429033883;-0.030729254193150108;-0.48521256726432327;-0.4361122207682917;-0.15220388682955227;-0.40599897147057507;-0.18749999999999997;1.0
Cc1ccccc1NCc1ccc(C(=O)OCC(=O)C(C)(C)C)cc1;1.8078214334790972;-1.6351668714836822;-0.16957679805484424;-0.3851146642402806;-0.4458020348823024;0.16542088170256303;-0.6209838283181613;-0.49920768260333204;-0.24710536429033883;-0.030729254193150108;-0.48521256726432327;-0.4361122207682917;-0.15220388682955227;-0.40599897147057507;-0.18749999999999997;0.0
Cc1ccccc1NCc1cccn1-c1nnc(N2CCN(C)CC2)s1;-1.336152317734658;-2.003677626216644;-0.16957679805484424;-0.3851146642402806;-0.49937537543548566;-0.9731903819644286;-0.6209838283181613;-0.49920768260333204;-0.24710536429033883;-0.030729254193150108;-0.48521256726432327;-0.4361122207682917;-0.15220388682955227;-0.40599897147057507;-0.18749999999999997;1.0
Cc1ccccc1NCc1cccn1-c1nnc(N2CCN(c3ccccc3)CC2)s1;-2.0415260638215686;-1.538199645977386;-0.16957679805484424;-0.3851146642402806;-0.49937537543548566;-0.9731903819644286;-0.6209838283181613;-0.49920768260333204;-0.24710536429033883;-0.030729254193150108;-0.48521256726432327;-0.4361122207682917;-0.15220388682955227;-0.40599897147057507;-0.18749999999999997;1.0
Cc1ccccc1NCc1cccn1-c1nnc(N2CCOCC2)s1;-1.8065599216834074;-1.934064683994081;-0.16957679805484424;-0.3851146642402806;-0.49937537543548566;-0.9731903819644286;-0.6209838283181613;-0.49920768260333204;-0.24710536429033883;-0.030729254193150108;-0.48521256726432327;-0.4361122207682917;-0.15220388682955227;-0.40599897147057507;-0.18749999999999997;1.0
Cc1ccccc1NCc1nc2ccccc2n1C;-0.8638754029332277;-0.9502612225341358;-0.16957679805484424;-0.3851146642402806;-1.5751643097199564;-0.9731903819644286;-0.6209838283181613;-0.49920768260333204;-0.24710536429033883;-0.030729254193150108;-0.48521256726432327;-0.4361122207682917;-0.15220388682955227;-0.40599897147057507;-0.18749999999999997;1.0
Cc1ccccc1NCn1c(=O)oc2cc([N+](=O)[O-])ccc21;0.19233751078410677;-0.02981331561167903;-0.16957679805484424;-0.3851146642402806;1.883071365491494;-0.9731903819644286;-0.6209838283181613;-0.49920768260333204;-0.24710536429033883;-0.030729254193150108;-0.48521256726432327;-0.4361122207682917;-0.15220388682955227;-0.40599897147057507;-0.18749999999999997;1.0
Cc1ccccc1NN1C(=O)OC2(CCCCC2)C1(C)O;0.5362924035621905;-0.40363359310481806;-0.16957679805484424;1.6258289027286723;-0.29710891463568195;-0.9731903819644286;-0.6209838283181613;-0.49920768260333204;-0.24710536429033883;-0.030729254193150108;-0.48521256726432327;-0.4361122207682917;-0.15220388682955227;-0.40599897147057507;-0.18749999999999997;0.0
Cc1ccccc1NS(=O)(=O)c1c(C(=O)N2CCCCC2)c(C)n(C)c1C;1.4263463713523608;-1.6340310451897695;-0.16957679805484424;-0.3851146642402806;0.6664963149633719;-0.4038847501309328;-0.6209838283181613;-0.49920768260333204;-0.24710536429033883;-0.030729254193150108;-0.48521256726432327;-0.4361122207682917;-0.15220388682955227;-0.40599897147057507;-0.18749999999999997;0.0
Cc1ccccc1NS(=O)(=O)c1c(C(=O)N2CCCCCC2)c(C)n(C)c1C;1.3681547984831022;-2.5909027614306472;-0.16957679805484424;-0.3851146642402806;0.6664963149633719;-0.4038847501309328;-0.6209838283181613;-0.49920768260333204;-0.24710536429033883;-0.030729254193150108;-0.48521256726432327;-0.4361122207682917;-0.15220388682955227;-0.40599897147057507;-0.18749999999999997;0.0
Cc1ccccc1NS(=O)(=O)c1c(C)[nH]c(C)c1C(=O)N1CCCCC1;1.0802813171357304;-1.415690226646181;-0.16957679805484424;-0.3851146642402806;0.6664963149633719;-0.4038847501309328;-0.6209838283181613;-0.49920768260333204;-0.24710536429033883;-0.030729254193150108;-0.48521256726432327;-0.4361122207682917;-0.15220388682955227;-0.40599897147057507;-0.18749999999999997;0.0
Cc1ccccc1NS(=O)(=O)c1c(C)nn(-c2ccc(F)cc2)c1C;1.131613276580648;-0.8515258259467955;-0.16957679805484424;-0.3851146642402806;-0.46286595987428214;-0.9731903819644286;1.6103478937742153;0.364022567901614;-0.24710536429033883;-0.030729254193150108;-0.48521256726432327;-0.4361122207682917;-0.15220388682955227;-0.40599897147057507;-0.18749999999999997;1.0
Cc1ccccc1NS(=O)(=O)c1c(C)sc(C)c1-c1ccno1;0.7856222522834303;-2.7720229325310513;-0.16957679805484424;-0.3851146642402806;-0.46286595987428214;-0.4038847501309328;-0.6209838283181613;-0.49920768260333204;-0.24710536429033883;-0.030729254193150108;-0.48521256726432327;-0.4361122207682917;-0.15220388682955227;-0.40599897147057507;-0.18749999999999997;1.0
Cc1ccccc1NS(=O)(=O)c1c[nH]c(-c2nnc(C(=O)N3CCCC3)o2)c1;-0.374215568387447;-0.6017479269186802;-0.16957679805484424;1.6258289027286723;0.6664963149633719;-0.9731903819644286;-0.6209838283181613;-0.49920768260333204;-0.24710536429033883;-0.030729254193150108;2.060952389667274;2.536742788970546;-0.15220388682955227;-0.40599897147057507;-0.18749999999999997;0.0
Cc1ccccc1NS(=O)(=O)c1cc(-c2[nH]ncc2C(=O)N2CCCCC2)oc1C;-0.008567193428373135;0.9206674837313841;-0.16957679805484424;-0.3851146642402806;1.867500429568225;-0.4038847501309328;-0.6209838283181613;-0.49920768260333204;-0.24710536429033883;-0.030729254193150108;-0.48521256726432327;-0.4361122207682917;-0.15220388682955227;-0.40599897147057507;-0.18749999999999997;1.0
Cc1ccccc1NS(=O)(=O)c1cc(-c2ccnn2C(C)C)cs1;0.7444289222304911;-2.1289109876663725;-0.16957679805484424;-0.3851146642402806;0.6399415500440653;-0.4038847501309328;-0.6209838283181613;-0.49920768260333204;-0.24710536429033883;-0.030729254193150108;-0.48521256726432327;-0.4361122207682917;-0.15220388682955227;-0.40599897147057507;-0.18749999999999997;0.0
Cc1ccccc1NS(=O)(=O)c1cc(-c2nnc(C(=O)N3CCCC3)o2)sc1C;-0.0018620046160103172;-3.6108698489400712;-0.16957679805484424;1.6258289027286723;0.6664963149633719;-0.9731903819644286;-0.6209838283181613;-0.49920768260333204;-0.24710536429033883;-0.030729254193150108;2.060952389667274;2.536742788970546;6.5701344481423405;-0.40599897147057507;-0.18749999999999997;1.0
Cc1ccccc1NS(=O)(=O)c1cc(-c2noc(C(=O)N3CCCC3)n2)cs1;-0.374215568387447;-1.3895972762377218;-0.16957679805484424;1.6258289027286723;0.6664963149633719;-0.4038847501309328;-0.6209838283181613;-0.49920768260333204;-0.24710536429033883;-0.030729254193150108;-0.48521256726432327;-0.4361122207682917;6.5701344481423405;-0.40599897147057507;-0.18749999999999997;0.0
Cc1ccccc1NS(=O)(=O)c1cc(-c2noc(C(=O)N3CCCC3)n2)sc1C;-0.0018620046160103172;-3.5186362888316034;-0.16957679805484424;1.6258289027286723;0.6664963149633719;-0.9731903819644286;-0.6209838283181613;-0.49920768260333204;-0.24710536429033883;-0.030729254193150108;-0.48521256726432327;-0.4361122207682917;6.5701344481423405;-0.40599897147057507;-0.18749999999999997;1.0
Cc1ccccc1NS(=O)(=O)c1cc(-c2noc(C3CCC3)n2)cs1;-0.8198415343143514;-1.4536975727358765;-0.16957679805484424;-0.3851146642402806;-0.46286595987428214;-0.4038847501309328;-0.6209838283181613;-0.49920768260333204;-0.24710536429033883;-0.030729254193150108;-0.48521256726432327;-0.4361122207682917;6.5701344481423405;-0.40599897147057507;-0.18749999999999997;1.0
Cc1ccccc1NS(=O)(=O)c1cc(C(=O)N2CCCCC2)cs1;0.3016349451483626;-1.6601512014277318;-0.16957679805484424;-0.3851146642402806;0.6664963149633719;-0.4038847501309328;-0.6209838283181613;-0.49920768260333204;-0.24710536429033883;-0.030729254193150108;2.060952389667274;2.536742788970546;-0.15220388682955227;-0.40599897147057507;-0.18749999999999997;0.0
Cc1ccccc1NS(=O)(=O)c1cc(C(=O)N2CCCCCC2)cs1;0.28144884058294795;-1.7747429105197532;-0.16957679805484424;-0.3851146642402806;0.6664963149633719;-0.4038847501309328;-0.6209838283181613;-0.49920768260333204;-0.24710536429033883;-0.030729254193150108;2.060952389667274;2.536742788970546;-0.15220388682955227;-0.40599897147057507;-0.18749999999999997;1.0
Cc1ccccc1NS(=O)(=O)c1cc2[nH]c3c(c2cc1C)C(=O)CCC3;0.02134826434986153;-1.4467989010363778;-0.16957679805484424;-0.3851146642402806;0.6664963149633719;0.7347265135360589;-0.6209838283181613;-0.49920768260333204;-0.24710536429033883;-0.030729254193150108;-0.48521256726432327;-0.4361122207682917;-0.15220388682955227;-0.40599897147057507;-0.18749999999999997;1.0
Cc1ccccc1NS(=O)(=O)c1cc2c(s1)CCN(C(=O)C1CCC1)C2;-0.3873846375721043;-1.3788711084335599;-0.16957679805484424;-0.3851146642402806;0.6664963149633719;-0.4038847501309328;-0.6209838283181613;-0.49920768260333204;-0.24710536429033883;-0.030729254193150108;-0.48521256726432327;-0.4361122207682917;6.5701344481423405;-0.40599897147057507;-0.18749999999999997;0.0
Cc1ccccc1NS(=O)(=O)c1cc2c3c(c1)C(C)C(=O)N3CCC2;0.0303229016833341;0.6046789553645021;-0.16957679805484424;1.6258289027286723;0.6664963149633719;0.16542088170256303;-0.6209838283181613;-0.49920768260333204;-0.24710536429033883;-0.030729254193150108;-0.48521256726432327;-0.4361122207682917;6.5701344481423405;-0.40599897147057507;-0.18749999999999997;0.0
Cc1ccccc1NS(=O)(=O)c1cc2c3c(c1)CC(=O)N3CCC2;-0.4027485516208639;0.29876802470673985;-0.16957679805484424;1.6258289027286723;0.6664963149633719;0.16542088170256303;-0.6209838283181613;-0.49920768260333204;-0.24710536429033883;-0.030729254193150108;-0.48521256726432327;-0.4361122207682917;6.5701344481423405;-0.40599897147057507;-0.18749999999999997;0.0
Cc1ccccc1NS(=O)(=O)c1cc2n(c1)CCCN(C)C2=O;0.7856222522834375;0.8099043081976289;-0.16957679805484424;-0.3851146642402806;0.6664963149633719;-0.9731903819644286;-0.6209838283181613;-0.49920768260333204;-0.24710536429033883;-0.030729254193150108;2.060952389667274;2.536742788970546;-0.15220388682955227;-0.40599897147057507;-0.18749999999999997;0.0
Cc1ccccc1NS(=O)(=O)c1cc2n(c1)CCN(C)C2=O;0.8305604305229932;0.615136600953465;-0.16957679805484424;-0.3851146642402806;0.6664963149633719;-0.9731903819644286;-0.6209838283181613;-0.49920768260333204;-0.24710536429033883;-0.030729254193150108;2.060952389667274;2.536742788970546;-0.15220388682955227;-0.40599897147057507;-0.18749999999999997;0.0
Cc1ccccc1NS(=O)(=O)c1ccc(-c2ccc(=O)[nH]n2)o1;0.3235763631542528;-0.10853806938909569;-0.16957679805484424;-0.3851146642402806;0.6664963149633719;-0.9731903819644286;-0.6209838283181613;-0.49920768260333204;-0.24710536429033883;-0.030729254193150108;2.060952389667274;1.050315284101127;-0.15220388682955227;-0.40599897147057507;-0.18749999999999997;1.0
Cc1ccccc1NS(=O)(=O)c1ccc(C)c(C(=O)NC(C)C)c1;2.3344003731639744;-0.507741691560879;-0.16957679805484424;-0.3851146642402806;0.6664963149633719;0.16542088170256303;-0.6209838283181613;-0.49920768260333204;-0.24710536429033883;-0.030729254193150108;2.060952389667274;2.536742788970546;-0.15220388682955227;-0.40599897147057507;-0.18749999999999997;0.0
Cc1ccccc1NS(=O)(=O)c1ccc(N)cc1;1.4090304788857602;-0.23415343808636205;-0.16957679805484424;-0.3851146642402806;-0.46286595987428214;-0.9731903819644286;-0.6209838283181613;-0.49920768260333204;-0.24710536429033883;-0.030729254193150108;-0.48521256726432327;-0.4361122207682917;-0.15220388682955227;-0.40599897147057507;-0.18749999999999997;1.0
Cc1ccccc1NS(=O)(=O)c1ccc(N2C(=O)CCS2(=O)=O)cc1;1.2681672279520186;-1.274623074401391;-0.16957679805484424;1.6258289027286723;0.6664963149633719;-0.9731903819644286;-0.6209838283181613;-0.49920768260333204;-0.24710536429033883;-0.030729254193150108;-0.48521256726432327;-0.4361122207682917;-0.15220388682955227;-0.40599897147057507;-0.18749999999999997;0.0
Cc1ccccc1NS(=O)(=O)c1ccc(N2C(=O)CCS2(=O)=O)cc1C;1.62031609537634;-1.3837320440207108;-0.16957679805484424;1.6258289027286723;0.6664963149633719;-0.4038847501309328;-0.6209838283181613;-0.49920768260333204;-0.24710536429033883;-0.030729254193150108;-0.48521256726432327;-0.4361122207682917;-0.15220388682955227;-0.40599897147057507;-0.18749999999999997;0.0
Cc1ccccc1NS(=O)(=O)c1ccc2c(c1)CC(C)N2C(=O)C1CC1;0.021348264349868765;0.7796101515889701;-0.16957679805484424;1.6258289027286723;0.6664963149633719;-0.4038847501309328;-0.6209838283181613;-0.49920768260333204;-0.24710536429033883;-0.030729254193150108;-0.48521256726432327;-0.4361122207682917;-0.15220388682955227;-0.40599897147057507;-0.18749999999999997;1.0
Cc1ccccc1NS(=O)(=O)c1ccc2c(c1)CCN2C(=O)C1CC1;-0.39475931631550865;0.4358744970968084;-0.16957679805484424;1.6258289027286723;0.6664963149633719;-0.4038847501309328;-0.6209838283181613;-0.49920768260333204;-0.24710536429033883;-0.030729254193150108;-0.48521256726432327;-0.4361122207682917;-0.15220388682955227;-0.40599897147057507;-0.18749999999999997;0.0
Cc1ccccc1NS(=O)(=O)c1ccc2c(c1)CCN2S(C)(=O)=O;1.329466598657809;-0.8595790551616146;-0.16957679805484424;1.6258289027286723;0.5512357852848865;-0.4038847501309328;-0.6209838283181613;-0.49920768260333204;-0.24710536429033883;-0.030729254193150108;-0.48521256726432327;-0.4361122207682917;-0.15220388682955227;-0.40599897147057507;-0.18749999999999997;0.0
Cc1ccccc1NS(=O)(=O)c1ccc2c(c1)NC(=O)CC(C)S2;0.7444289222305055;-0.09427751577740118;-0.16957679805484424;-0.3851146642402806;0.6664963149633719;-0.9731903819644286;-0.6209838283181613;-0.49920768260333204;-0.24710536429033883;-0.030729254193150108;-0.48521256726432327;-0.4361122207682917;6.5701344481423405;-0.40599897147057507;-0.18749999999999997;0.0
Cc1ccccc1NS(=O)(=O)c1ccc2onc(C(=O)N3CCCCC3)c2c1;-0.37421556838743975;-1.2667058301210063;-0.16957679805484424;-0.3851146642402806;0.6664963149633719;-0.4038847501309328;-0.6209838283181613;-0.49920768260333204;-0.24710536429033883;-0.030729254193150108;2.060952389667274;2.536742788970546;6.5701344481423405;-0.40599897147057507;-0.18749999999999997;0.0
Cc1ccccc1NS(=O)(=O)c1nnc(NC(=O)CC(C)C)s1;1.9826770076065774;-0.48989945160818243;-0.16957679805484424;-0.3851146642402806;0.6664963149633719;-0.9731903819644286;-0.6209838283181613;-0.49920768260333204;-0.24710536429033883;-0.030729254193150108;-0.48521256726432327;-0.4361122207682917;6.5701344481423405;-0.40599897147057507;-0.18749999999999997;0.0
Cc1ccccc1Nc1c(-c2ccc(N(C)C)cc2)nc2cnc(Br)cn12;-0.5069950751905825;-1.2315683849586863;-0.16957679805484424;-0.3851146642402806;-0.5385723967602168;-0.4038847501309328;-0.6209838283181613;-0.49920768260333204;-0.24710536429033883;-0.030729254193150108;-0.48521256726432327;-0.4361122207682917;-0.15220388682955227;-0.40599897147057507;-0.18749999999999997;1.0
Cc1ccccc1Nc1c(-c2ccccn2)nc2c(C)cccn12;-1.4305802051302958;-1.8991884908234549;-0.16957679805484424;-0.3851146642402806;0.6354131422107596;-0.4038847501309328;-0.6209838283181613;-0.49920768260333204;-0.24710536429033883;-0.030729254193150108;-0.48521256726432327;-0.4361122207682917;-0.15220388682955227;-0.40599897147057507;-0.18749999999999997;1.0
Cc1ccccc1Nc1c([N+](=O)[O-])ccc2c1=NC1(CCCCC1)N=2;-0.8198415343143514;0.10502233104424462;-0.16957679805484424;1.6258289027286723;3.159223129254274;-0.9731903819644286;-0.6209838283181613;-0.49920768260333204;-0.24710536429033883;-0.030729254193150108;-0.48521256726432327;-0.4361122207682917;-0.15220388682955227;-0.40599897147057507;-0.18749999999999997;0.0
Cc1ccccc1Nc1c2c(nc3ccccc13)CCCC2;-2.025224774323838;-1.1574947021909954;-0.16957679805484424;-0.3851146642402806;-0.40117877074897995;0.16542088170256303;-0.6209838283181613;-0.49920768260333204;-0.24710536429033883;-0.030729254193150108;-0.48521256726432327;-0.4361122207682917;-0.15220388682955227;-0.40599897147057507;-0.18749999999999997;1.0
Cc1ccccc1Nc1cc(C)n2c(=O)n(C3CCCCC3)nc2n1;-0.956395485685722;-0.9041908438276076;-0.16957679805484424;-0.3851146642402806;-1.5751643097199564;-0.9731903819644286;-0.6209838283181613;-0.49920768260333204;-0.24710536429033883;-0.030729254193150108;-0.48521256726432327;-0.4361122207682917;-0.15220388682955227;-0.40599897147057507;-0.18749999999999997;1.0
Cc1ccccc1Nc1cc(N2CCCCC2)c2nonc2c1[N+](=O)[O-];-0.9274194158126849;0.15816804294020204;-0.16957679805484424;-0.3851146642402806;0.807282431207023;-0.9731903819644286;-0.6209838283181613;-0.49920768260333204;-0.24710536429033883;-0.030729254193150108;-0.48521256726432327;-0.4361122207682917;-0.15220388682955227;-0.40599897147057507;-0.18749999999999997;0.0
Cc1ccccc1Nc1nc(-c2ccccc2)cs1;-1.423194110826441;0.1960294614639438;-0.16957679805484424;-0.3851146642402806;-1.5751643097199564;-0.4038847501309328;-0.6209838283181613;-0.49920768260333204;-0.24710536429033883;-0.030729254193150108;-0.48521256726432327;-0.4361122207682917;-0.15220388682955227;-0.40599897147057507;-0.18749999999999997;1.0
Cc1ccccc1Nc1nc(-c2cnc(N3CCOCC3)nc2C)cc(=O)[nH]1;-0.8756764338965632;0.5500092668018617;-0.16957679805484424;-0.3851146642402806;0.728183504088674;-0.4038847501309328;-0.6209838283181613;-0.49920768260333204;-0.24710536429033883;-0.030729254193150108;-0.48521256726432327;-0.4361122207682917;-0.15220388682955227;-0.40599897147057507;-0.18749999999999997;0.0
Cc1ccccc1Nc1nc(C)c([N+](=O)[O-])c(Nc2ccccc2C)n1;0.5402465388951426;-1.5071291099553532;-0.16957679805484424;-0.3851146642402806;0.807282431207023;-0.4038847501309328;-0.6209838283181613;-0.49920768260333204;-0.24710536429033883;-0.030729254193150108;-0.48521256726432327;-0.4361122207682917;-0.15220388682955227;-0.40599897147057507;-0.18749999999999997;0.0
Cc1ccccc1Nc1nc(N2CCCCC2)nc2c1cnn2C;-1.4305802051302958;-0.19144759652948817;-0.16957679805484424;-0.3851146642402806;-0.472356799801609;-0.4038847501309328;-0.6209838283181613;-0.49920768260333204;-0.24710536429033883;-0.030729254193150108;-0.48521256726432327;-0.4361122207682917;-0.15220388682955227;-0.40599897147057507;-0.18749999999999997;1.0
Cc1ccccc1Nc1nc(NCC2CCCO2)nc2c1cnn2-c1ccccc1;-2.1028096769827096;-0.2349953956150044;-0.16957679805484424;1.6258289027286723;-1.5751643097199564;-0.4038847501309328;-0.6209838283181613;-0.49920768260333204;-0.24710536429033883;-0.030729254193150108;-0.48521256726432327;-0.4361122207682917;-0.15220388682955227;-0.40599897147057507;-0.18749999999999997;1.0
Cc1ccccc1Nc1nc(NCCN(CC(C)C)CC(C)C)nc2c1cnn2C;0.7953798261765722;1.169088352690781;-0.16957679805484424;-0.3851146642402806;-0.472356799801609;-0.4038847501309328;-0.6209838283181613;-0.49920768260333204;-0.24710536429033883;-0.030729254193150108;-0.48521256726432327;-0.4361122207682917;-0.15220388682955227;-0.40599897147057507;-0.18749999999999997;0.0
Cc1ccccc1Nc1nc(Nc2ccccc2)nc2c1cnn2C;-1.3814777036845576;-0.5166447246936243;-0.16957679805484424;-0.3851146642402806;-0.472356799801609;-0.4038847501309328;-0.6209838283181613;-0.49920768260333204;-0.24710536429033883;-0.030729254193150108;-0.48521256726432327;-0.4361122207682917;-0.15220388682955227;-0.40599897147057507;-0.18749999999999997;1.0
Cc1ccccc1Nc1nc(OCC(F)(F)F)nc(OCC(F)(F)F)n1;2.270516246240243;-0.24070141285630814;-0.16957679805484424;-0.3851146642402806;-1.5751643097199564;-0.9731903819644286;-0.6209838283181613;-0.49920768260333204;-0.24710536429033883;-0.030729254193150108;-0.48521256726432327;-0.4361122207682917;-0.15220388682955227;-0.40599897147057507;-0.18749999999999997;0.0
Cc1ccccc1Nc1nc2ccccc2n2c(C)nnc12;-1.5421767993251518;-0.9800728290984763;-0.16957679805484424;-0.3851146642402806;-0.5385723967602168;-0.9731903819644286;-0.6209838283181613;-0.49920768260333204;-0.24710536429033883;-0.030729254193150108;-0.48521256726432327;-0.4361122207682917;-0.15220388682955227;-0.40599897147057507;-0.18749999999999997;1.0
Cc1ccccc1Nc1ncnc2c1cnn2-c1ccccc1;-1.9459983784396186;1.2257410082990083;-0.16957679805484424;-0.3851146642402806;-1.5751643097199564;-0.4038847501309328;-0.6209838283181613;-0.49920768260333204;-0.24710536429033883;-0.030729254193150108;-0.48521256726432327;-0.4361122207682917;-0.15220388682955227;-0.40599897147057507;-0.18749999999999997;1.0
Cc1ccccc1Nc1nnc(C)c(=O)n1N;1.3030422061556484;0.07490982979438161;-0.16957679805484424;-0.3851146642402806;-0.4458020348823024;-0.9731903819644286;-0.6209838283181613;-0.49920768260333204;-0.24710536429033883;-0.030729254193150108;-0.48521256726432327;-0.4361122207682917;-0.15220388682955227;-0.40599897147057507;-0.18749999999999997;0.0
Cc1ccccc1Nc1nnc(Cc2ccc(Cl)cc2)c(=O)[nH]1;-0.2868977339872869;-0.18485768460717583;-0.16957679805484424;-0.3851146642402806;0.728183504088674;-0.4038847501309328;-0.6209838283181613;-0.49920768260333204;-0.24710536429033883;-0.030729254193150108;-0.48521256726432327;-0.4361122207682917;-0.15220388682955227;-0.40599897147057507;-0.18749999999999997;1.0
Cc1ccccc1OC(=O)CSc1nnc(-c2ccc([N+](=O)[O-])cc2)o1;0.13151363697316953;-0.757469822689909;-0.16957679805484424;-0.3851146642402806;1.9366447060446763;-0.4038847501309328;-0.6209838283181613;-0.49920768260333204;-0.24710536429033883;-0.030729254193150108;-0.48521256726432327;-0.4361122207682917;-0.15220388682955227;-0.40599897147057507;-0.18749999999999997;0.0
Cc1ccccc1OC(=O)CSc1nnc(-c2ccc3c(c2)OCO3)o1;-1.336152317734658;-0.6843631400951433;-0.16957679805484424;1.6258289027286723;-0.4458020348823024;-0.4038847501309328;-0.6209838283181613;-0.49920768260333204;-0.24710536429033883;-0.030729254193150108;2.060952389667274;1.050315284101127;-0.15220388682955227;-0.40599897147057507;-0.18749999999999997;1.0
Cc1ccccc1OC(=O)CSc1nnc(-c2cccs2)o1;-0.7737584392132657;-1.1284961240941946;-0.16957679805484424;-0.3851146642402806;-0.4458020348823024;-0.9731903819644286;-0.6209838283181613;-0.49920768260333204;-0.24710536429033883;-0.030729254193150108;-0.48521256726432327;-0.4361122207682917;-0.15220388682955227;-0.40599897147057507;-0.18749999999999997;0.0
Cc1ccccc1OC(=O)c1snnc1C;0.732979982728865;-0.8518109822802252;-0.16957679805484424;-0.3851146642402806;-1.5751643097199564;-0.9731903819644286;-0.6209838283181613;-0.49920768260333204;-0.24710536429033883;-0.030729254193150108;-0.48521256726432327;-0.4361122207682917;-0.15220388682955227;-0.40599897147057507;-0.18749999999999997;1.0
Cc1ccccc1OC(C)C(=O)N1CCN(Cc2ccc3c(c2)OCO3)CC1;-0.8756764338965705;-1.3652148517351788;-0.16957679805484424;1.6258289027286723;0.708380942051631;-0.4038847501309328;-0.6209838283181613;-0.49920768260333204;-0.24710536429033883;-0.030729254193150108;-0.48521256726432327;-0.4361122207682917;-0.15220388682955227;-0.40599897147057507;-0.18749999999999997;0.0
Cc1ccccc1OC1C(=O)N(Cc2ccc3c(c2)OCO3)C1c1ccc2c(c1)OCO2;-2.1802648162483016;-1.2263112799144882;-0.16957679805484424;3.636772469697625;-0.4458020348823024;0.16542088170256303;-0.6209838283181613;-0.49920768260333204;-0.24710536429033883;-0.030729254193150108;2.060952389667274;1.050315284101127;-0.15220388682955227;-0.40599897147057507;-0.18749999999999997;1.0
Cc1ccccc1OCC(=O)N(Cc1ccc(Cl)cc1)C1CCS(=O)(=O)C1;0.6391570787619014;-0.011216153295677413;-0.16957679805484424;1.6258289027286723;-0.4458020348823024;-0.4038847501309328;-0.6209838283181613;-0.49920768260333204;4.046856703705712;-0.030729254193150108;2.060952389667274;2.536742788970546;6.5701344481423405;-0.40599897147057507;-0.18749999999999997;0.0
Cc1ccccc1OCC(=O)N(Cc1ccco1)C1CCS(=O)(=O)C1;0.28144884058296243;-0.4082771022400834;-0.16957679805484424;1.6258289027286723;-0.4458020348823024;-0.9731903819644286;-0.6209838283181613;-0.49920768260333204;-0.24710536429033883;-0.030729254193150108;2.060952389667274;4.023170293839964;6.5701344481423405;-0.40599897147057507;-0.18749999999999997;0.0
Cc1ccccc1OCC(=O)N(Cc1cccs1)C1CCS(=O)(=O)C1;0.28144884058296243;0.15076202511070147;-0.16957679805484424;1.6258289027286723;-0.4458020348823024;-0.9731903819644286;-0.6209838283181613;-0.49920768260333204;-0.24710536429033883;-0.030729254193150108;2.060952389667274;2.536742788970546;6.5701344481423405;-0.40599897147057507;-0.18749999999999997;0.0
Cc1ccccc1OCC(=O)N/N=C/c1ccc(C(C)C)cc1;0.9101570213358601;1.0849847383086995;-0.16957679805484424;-0.3851146642402806;-0.4458020348823024;0.16542088170256303;-0.6209838283181613;-0.49920768260333204;-0.24710536429033883;-0.030729254193150108;-0.48521256726432327;-0.4361122207682917;-0.15220388682955227;-0.40599897147057507;-0.18749999999999997;0.0
Cc1ccccc1OCC(=O)N/N=C/c1ccc(N(C)C)cc1;0.9101570213358601;1.0554662400713208;-0.16957679805484424;-0.3851146642402806;-0.4458020348823024;-0.4038847501309328;-0.6209838283181613;-0.49920768260333204;-0.24710536429033883;-0.030729254193150108;-0.48521256726432327;-0.4361122207682917;-0.15220388682955227;-0.40599897147057507;-0.18749999999999997;0.0
Cc1ccccc1OCC(=O)N/N=C/c1ccc(OC(=O)c2ccc([N+](=O)[O-])cc2)cc1;0.4008844999172543;0.7409930739271481;-0.16957679805484424;-0.3851146642402806;1.9366447060446763;0.16542088170256303;-0.6209838283181613;-0.49920768260333204;-0.24710536429033883;-0.030729254193150108;-0.48521256726432327;-0.4361122207682917;-0.15220388682955227;-0.40599897147057507;-0.18749999999999997;0.0
Cc1ccccc1OCC(=O)N/N=C/c1ccc(OC(=O)c2cccc(F)c2)cc1;0.08690946284515806;0.7281332865140183;-0.16957679805484424;-0.3851146642402806;-0.4458020348823024;0.16542088170256303;-0.6209838283181613;-0.49920768260333204;-0.24710536429033883;-0.030729254193150108;-0.48521256726432327;-0.4361122207682917;-0.15220388682955227;-0.40599897147057507;-0.18749999999999997;1.0
Cc1ccccc1OCC(=O)N/N=C\c1c[nH]c2ccccc12;-0.7489436231164645;0.6037042039168317;-0.16957679805484424;-0.3851146642402806;-0.4458020348823024;0.16542088170256303;-0.6209838283181613;-0.49920768260333204;-0.24710536429033883;-0.030729254193150108;-0.48521256726432327;-0.4361122207682917;-0.15220388682955227;-0.40599897147057507;-0.18749999999999997;1.0
Cc1ccccc1OCC(=O)N1CCC(c2nc3ccccc3o2)CC1;-1.336152317734658;-0.6504893817970204;-0.16957679805484424;-0.3851146642402806;-0.4458020348823024;-0.9731903819644286;-0.6209838283181613;-0.49920768260333204;-0.24710536429033883;-0.030729254193150108;-0.48521256726432327;-0.4361122207682917;-0.15220388682955227;-0.40599897147057507;-0.18749999999999997;1.0
Cc1ccccc1OCC(=O)N1CCC2(CC1)NC(=O)N(Cc1ccccc1)C2=O;-0.36280237509408025;-1.7427035208728783;-0.16957679805484424;1.6258289027286723;1.8377432168892844;-0.4038847501309328;-0.6209838283181613;-0.49920768260333204;-0.24710536429033883;-0.030729254193150108;-0.48521256726432327;-0.4361122207682917;-0.15220388682955227;-0.40599897147057507;-0.18749999999999997;0.0
Cc1ccccc1OCC(=O)N1CCN(c2oc(-c3ccco3)nc2S(=O)(=O)c2ccccc2)CC1;-0.8057605885890349;-2.492359354763031;-0.16957679805484424;-0.3851146642402806;-0.4458020348823024;-0.9731903819644286;-0.6209838283181613;-0.49920768260333204;-0.24710536429033883;-0.030729254193150108;2.060952389667274;2.536742788970546;-0.15220388682955227;-0.40599897147057507;-0.18749999999999997;1.0
Cc1ccccc1OCC(=O)N1CCN(c2oc(/C=C/c3cccs3)nc2C#N)CC1;-0.8105804243891837;-0.9563878367249368;-0.16957679805484424;-0.3851146642402806;-0.4458020348823024;-0.9731903819644286;-0.6209838283181613;-0.49920768260333204;-0.24710536429033883;-0.030729254193150108;-0.48521256726432327;-0.4361122207682917;-0.15220388682955227;-0.40599897147057507;-0.18749999999999997;0.0
Cc1ccccc1OCC(=O)N1CCc2ccccc21;-0.8308325162359043;-0.2797057894399205;-0.16957679805484424;1.6258289027286723;-0.4458020348823024;-0.4038847501309328;-0.6209838283181613;-0.49920768260333204;-0.24710536429033883;-0.030729254193150108;-0.48521256726432327;-0.4361122207682917;-0.15220388682955227;-0.40599897147057507;-0.18749999999999997;0.0
Cc1ccccc1OCC(=O)N1CCc2nc3cc[nH]n3c(=O)c2C1;-0.9563954856857148;-0.8255420150185416;-0.16957679805484424;-0.3851146642402806;1.8845643545602042;-0.4038847501309328;-0.6209838283181613;-0.49920768260333204;-0.24710536429033883;-0.030729254193150108;2.060952389667274;1.050315284101127;-0.15220388682955227;-0.40599897147057507;-0.18749999999999997;0.0
Cc1ccccc1OCC(=O)N1N=C(c2ccccc2)CC1(O)C(F)(F)F;1.1591905689195214;-0.30809733287995994;-0.16957679805484424;1.6258289027286723;-0.4458020348823024;-0.4038847501309328;-0.6209838283181613;-0.49920768260333204;-0.24710536429033883;-0.030729254193150108;-0.48521256726432327;-0.4361122207682917;-0.15220388682955227;2.463060426921489;-0.18749999999999997;0.0
Cc1ccccc1OCC(=O)NC1CCN(Cc2c(C)noc2C)CC1;0.13151363697316953;0.41097247681350557;-0.16957679805484424;-0.3851146642402806;0.708380942051631;-0.4038847501309328;-0.6209838283181613;-0.49920768260333204;-0.24710536429033883;-0.030729254193150108;-0.48521256726432327;-0.4361122207682917;-0.15220388682955227;-0.40599897147057507;-0.18749999999999997;0.0
Cc1ccccc1OCC(=O)NCC(=O)OCC(=O)c1ccc(Cl)c(Cl)c1;1.5324315449896049;0.3100200885338399;8.817993498851902;-0.3851146642402806;1.812922514793006;-0.4038847501309328;-0.6209838283181613;-0.49920768260333204;-0.24710536429033883;-0.030729254193150108;2.060952389667274;2.536742788970546;-0.15220388682955227;-0.40599897147057507;5.333333333333333;0.0
Cc1ccccc1OCC(=O)NCC(=O)OCc1cccc(C(=O)Oc2ccccc2)c1;0.06878901710565069;-0.8353584588451038;-0.16957679805484424;-0.3851146642402806;0.6835602399553516;0.16542088170256303;-0.6209838283181613;-0.49920768260333204;-0.24710536429033883;-0.030729254193150108;2.060952389667274;5.509597798709383;-0.15220388682955227;-0.40599897147057507;-0.18749999999999997;0.0
Cc1ccccc1OCC(=O)NCC(c1ccccc1)c1c[nH]c2ccccc12;-1.218931492002129;0.15157249761982755;-0.16957679805484424;-0.3851146642402806;-0.4458020348823024;0.7347265135360589;-0.6209838283181613;-0.49920768260333204;-0.24710536429033883;-0.030729254193150108;-0.48521256726432327;-0.4361122207682917;-0.15220388682955227;-0.40599897147057507;-0.18749999999999997;1.0
Cc1ccccc1OCC(=O)NCC(c1ccco1)N1CCCCC1;-0.7052695467861081;0.031080981495766293;-0.16957679805484424;-0.3851146642402806;0.708380942051631;-0.9731903819644286;-0.6209838283181613;-0.49920768260333204;-0.24710536429033883;-0.030729254193150108;2.060952389667274;1.050315284101127;-0.15220388682955227;-0.40599897147057507;-0.18749999999999997;1.0
Cc1ccccc1OCC(=O)NCC1(N2CCOCC2)CCCCC1;-0.5687155954147375;1.1265254922923438;-0.16957679805484424;-0.3851146642402806;0.708380942051631;-0.9731903819644286;-0.6209838283181613;-0.49920768260333204;-0.24710536429033883;-0.030729254193150108;-0.48521256726432327;-0.4361122207682917;-0.15220388682955227;-0.40599897147057507;-0.18749999999999997;0.0
Cc1ccccc1OCC(=O)NCCNC(=O)c1nc(-c2ccc3c(c2)OCO3)no1;-0.8105804243891837;-0.7425575132533483;-0.16957679805484424;1.6258289027286723;0.6835602399553516;-0.4038847501309328;-0.6209838283181613;-0.49920768260333204;-0.24710536429033883;-0.030729254193150108;2.060952389667274;1.050315284101127;-0.15220388682955227;-0.40599897147057507;-0.18749999999999997;0.0
Cc1ccccc1OCC(=O)NCCNC(=O)c1nc(C2CCCCC2)no1;-0.2719191509515233;-0.733233200385727;-0.16957679805484424;-0.3851146642402806;0.6835602399553516;-0.9731903819644286;-0.6209838283181613;-0.49920768260333204;-0.24710536429033883;-0.030729254193150108;-0.48521256726432327;-0.4361122207682917;-0.15220388682955227;-0.40599897147057507;-0.18749999999999997;0.0
Cc1ccccc1OCC(=O)NCc1n[nH]c(=O)c2ccccc12;-0.2834027312789409;-0.02341778895938866;-0.16957679805484424;-0.3851146642402806;0.6835602399553516;0.16542088170256303;-0.6209838283181613;-0.49920768260333204;-0.24710536429033883;-0.030729254193150108;-0.48521256726432327;-0.4361122207682917;-0.15220388682955227;-0.40599897147057507;-0.18749999999999997;1.0
Cc1ccccc1OCC(=O)NCc1nc(C(=O)N2CCC(C)CC2)c(C)o1;0.48715623833213995;-0.2880474164364724;-0.16957679805484424;-0.3851146642402806;0.6835602399553516;-0.9731903819644286;-0.6209838283181613;-0.49920768260333204;-0.24710536429033883;-0.030729254193150108;2.060952389667274;1.050315284101127;-0.15220388682955227;-0.40599897147057507;-0.18749999999999997;0.0
Cc1ccccc1OCC(=O)NN;2.2493797425449147;-0.08044163073826448;-0.16957679805484424;-0.3851146642402806;0.8322533602019725;-0.9731903819644286;-0.6209838283181613;-0.49920768260333204;-0.24710536429033883;-0.030729254193150108;-0.48521256726432327;-0.4361122207682917;-0.15220388682955227;-0.40599897147057507;-0.18749999999999997;0.0
Cc1ccccc1OCC(=O)NNC(=O)C(C)N1C(=O)c2ccccc2C1=O;0.8666939329739644;1.1692710978261547;-0.16957679805484424;1.6258289027286723;6.6525785567331415;0.16542088170256303;-0.6209838283181613;-0.49920768260333204;-0.24710536429033883;-0.030729254193150108;2.060952389667274;1.050315284101127;-0.15220388682955227;-0.40599897147057507;-0.18749999999999997;0.0
Cc1ccccc1OCC(=O)NNC(=S)Nc1cn(C)nc1C;1.3722029104650375;0.7886057706766347;-0.16957679805484424;-0.3851146642402806;3.2131162652045937;-0.9731903819644286;-0.6209838283181613;-0.49920768260333204;-0.24710536429033883;-0.030729254193150108;-0.48521256726432327;-0.4361122207682917;6.5701344481423405;-0.40599897147057507;-0.18749999999999997;0.0
Cc1ccccc1OCC(=O)NNS(=O)(=O)c1ccccc1;1.1159308156361858;0.9189921475148483;-0.16957679805484424;-0.3851146642402806;0.8322533602019725;-0.9731903819644286;-0.6209838283181613;-0.49920768260333204;-0.24710536429033883;-0.030729254193150108;2.060952389667274;2.536742788970546;-0.15220388682955227;-0.40599897147057507;-0.18749999999999997;0.0
Cc1ccccc1OCC(=O)Nc1c(C)n[nH]c1-n1cnnc1;-0.2868977339872869;0.8674038460299442;-0.16957679805484424;-0.3851146642402806;1.8309910140070214;-0.9731903819644286;-0.6209838283181613;-0.49920768260333204;-0.24710536429033883;-0.030729254193150108;-0.48521256726432327;-0.4361122207682917;-0.15220388682955227;-0.40599897147057507;-0.18749999999999997;1.0
Cc1ccccc1OCC(=O)Nc1c(NC2CCCC2)c2ccccc2oc1=O;-0.8524813040720837;0.01888864580151605;-0.16957679805484424;-0.3851146642402806;-0.4458020348823024;-0.4038847501309328;-0.6209838283181613;-0.49920768260333204;-0.24710536429033883;-0.030729254193150108;2.060952389667274;2.536742788970546;-0.15220388682955227;-0.40599897147057507;-0.18749999999999997;0.0
Cc1ccccc1OCC(=O)Nc1c(O)c2ccccc2oc1=O;0.15939124580318756;0.11031410207490502;-0.16957679805484424;-0.3851146642402806;-0.4458020348823024;-0.4038847501309328;-0.6209838283181613;-0.49920768260333204;-0.24710536429033883;-0.030729254193150108;2.060952389667274;4.023170293839964;-0.15220388682955227;-0.40599897147057507;-0.18749999999999997;0.0
Cc1ccccc1OCC(=O)Nc1c[nH]c(=O)[nH]c1=O;1.0771332248842715;0.2571696341009099;-0.16957679805484424;-0.3851146642402806;1.8575457789263279;-0.9731903819644286;-0.6209838283181613;-0.49920768260333204;-0.24710536429033883;-0.030729254193150108;2.060952389667274;1.050315284101127;-0.15220388682955227;-0.40599897147057507;-0.18749999999999997;0.0
Cc1ccccc1OCC(=O)Nc1cc2c(cc1S(=O)(=O)C(C)C)n(C)c(=O)n2C;1.9718803306498394;-0.7687812565028195;-0.16957679805484424;-0.3851146642402806;1.7057758336866393;-0.9731903819644286;-0.6209838283181613;-0.49920768260333204;-0.24710536429033883;-0.030729254193150108;2.060952389667274;2.536742788970546;6.5701344481423405;-0.40599897147057507;-0.18749999999999997;0.0
Cc1ccccc1OCC(=O)Nc1ccc(-n2cnnn2)cc1;-0.7489436231164645;0.4358020850695309;-0.16957679805484424;-0.3851146642402806;-0.4458020348823024;-0.9731903819644286;-0.6209838283181613;-0.49920768260333204;-0.24710536429033883;-0.030729254193150108;-0.48521256726432327;-0.4361122207682917;-0.15220388682955227;-0.40599897147057507;-0.18749999999999997;0.0
Cc1ccccc1OCC(=O)Nc1ccc(CC#N)cc1;0.5101233989870257;0.15135736620916773;-0.16957679805484424;-0.3851146642402806;-0.4458020348823024;-0.4038847501309328;-0.6209838283181613;-0.49920768260333204;-0.24710536429033883;-0.030729254193150108;-0.48521256726432327;-0.4361122207682917;-0.15220388682955227;-0.40599897147057507;-0.18749999999999997;0.0
Cc1ccccc1OCC(=O)Nc1ccc(N2C(=O)c3cccc([N+](=O)[O-])c3C2=O)cc1;0.20469236015193792;0.3536500174208576;-0.16957679805484424;1.6258289027286723;4.195369255719986;0.16542088170256303;-0.6209838283181613;-0.49920768260333204;-0.24710536429033883;-0.030729254193150108;2.060952389667274;2.536742788970546;-0.15220388682955227;-0.40599897147057507;-0.18749999999999997;0.0
Cc1ccccc1OCC(=O)Nc1ccc(N2CCn3c(nc4ccccc43)C2)cc1;-1.6987178234999096;0.3401198253717604;-0.16957679805484424;-0.3851146642402806;-0.4458020348823024;-0.9731903819644286;-0.6209838283181613;-0.49920768260333204;-0.24710536429033883;-0.030729254193150108;-0.48521256726432327;-0.4361122207682917;-0.15220388682955227;-0.40599897147057507;-0.18749999999999997;0.0
Cc1ccccc1OCC(=O)Nc1ccc(S(=O)(=O)N2CCCCC2)cc1;0.2455624324666609;-0.1374387271031966;-0.16957679805484424;-0.3851146642402806;-0.4458020348823024;-0.9731903819644286;-0.6209838283181613;-0.49920768260333204;-0.24710536429033883;-0.030729254193150108;-0.48521256726432327;-0.4361122207682917;-0.15220388682955227;-0.40599897147057507;-0.18749999999999997;1.0
Cc1ccccc1OCC(=O)Nc1ccc(S(=O)(=O)N2CCCCCC2)cc1;0.22954171455760017;-0.24081073276490636;-0.16957679805484424;-0.3851146642402806;-0.4458020348823024;-0.9731903819644286;-0.6209838283181613;-0.49920768260333204;-0.24710536429033883;-0.030729254193150108;-0.48521256726432327;-0.4361122207682917;-0.15220388682955227;-0.40599897147057507;-0.18749999999999997;1.0
Cc1ccccc1OCC(=O)Nc1ccc(S(=O)(=O)Nc2ncccn2)cc1;0.22954171455760017;-0.7290155078861024;-0.16957679805484424;-0.3851146642402806;-0.4458020348823024;-0.9731903819644286;-0.6209838283181613;-0.49920768260333204;-0.24710536429033883;-0.030729254193150108;-0.48521256726432327;-0.4361122207682917;-0.15220388682955227;-0.40599897147057507;-0.18749999999999997;1.0
Cc1ccccc1OCC(=O)Nc1ccc2[nH]ncc2c1;-0.8009365711288127;0.7725307890397812;-0.16957679805484424;-0.3851146642402806;0.7552020797225507;-0.4038847501309328;-0.6209838283181613;-0.49920768260333204;-0.24710536429033883;-0.030729254193150108;-0.48521256726432327;-0.4361122207682917;-0.15220388682955227;-0.40599897147057507;-0.18749999999999997;0.0
Cc1ccccc1OCC(=O)Nc1ccc2c(c1)CCCN2C(=O)C(C)C;0.5127182348995221;1.7761682460085964;-0.16957679805484424;-0.3851146642402806;0.6835602399553516;-0.4038847501309328;-0.6209838283181613;-0.49920768260333204;-0.24710536429033883;-0.030729254193150108;-0.48521256726432327;-0.4361122207682917;-0.15220388682955227;-0.40599897147057507;-0.18749999999999997;0.0
Cc1ccccc1OCC(=O)Nc1ccc2c(c1)CCCN2S(=O)(=O)c1ccc(F)cc1;-0.02072034815077351;0.7003998623953345;-0.16957679805484424;-0.3851146642402806;0.5682997102768662;-0.4038847501309328;1.6103478937742153;0.364022567901614;-0.24710536429033883;-0.030729254193150108;-0.48521256726432327;-0.4361122207682917;-0.15220388682955227;2.463060426921489;-0.18749999999999997;1.0
Cc1ccccc1OCC(=O)Nc1ccc2c(c1)CCCN2S(=O)(=O)c1ccccc1;-0.35764802973577414;0.7238158377763729;-0.16957679805484424;-0.3851146642402806;0.5682997102768662;-0.4038847501309328;-0.6209838283181613;-0.49920768260333204;-0.24710536429033883;-0.030729254193150108;-0.48521256726432327;-0.4361122207682917;-0.15220388682955227;-0.40599897147057507;-0.18749999999999997;1.0
Cc1ccccc1OCC(=O)Nc1ccc2c(c1)N(C(=O)c1ccco1)CCC2;-0.8524813040721054;-0.4630398088221169;-0.16957679805484424;-0.3851146642402806;0.6835602399553516;-0.4038847501309328;-0.6209838283181613;-0.49920768260333204;-0.24710536429033883;-0.030729254193150108;-0.48521256726432327;-0.4361122207682917;-0.15220388682955227;-0.40599897147057507;-0.18749999999999997;0.0
Cc1ccccc1OCC(=O)Nc1ccc2c(c1)oc(=O)n2C(C)C;0.5699771072104345;0.3463874275577326;-0.16957679805484424;-0.3851146642402806;0.6299868994021683;-0.9731903819644286;-0.6209838283181613;-0.49920768260333204;-0.24710536429033883;-0.030729254193150108;2.060952389667274;1.050315284101127;-0.15220388682955227;-0.40599897147057507;-0.18749999999999997;0.0
Cc1ccccc1OCC(=O)Nc1cccc2cccnc12;-0.7737584392132657;1.1386893597658012;-0.16957679805484424;-0.3851146642402806;0.728183504088674;-0.4038847501309328;-0.6209838283181613;-0.49920768260333204;-0.24710536429033883;-0.030729254193150108;-0.48521256726432327;-0.4361122207682917;-0.15220388682955227;-0.40599897147057507;-0.18749999999999997;0.0
Cc1ccccc1OCC(=O)Nc1ccnn1Cc1ccccc1;-0.7261967083610693;-0.16050524024614085;-0.16957679805484424;-0.3851146642402806;-0.4458020348823024;-0.4038847501309328;-0.6209838283181613;-0.49920768260333204;-0.24710536429033883;-0.030729254193150108;-0.48521256726432327;-0.4361122207682917;-0.15220388682955227;-0.40599897147057507;-0.18749999999999997;1.0
Cc1ccccc1OCC(=O)Nc1nc(-c2ccccc2)ns1;-0.7489436231164645;0.38875840888342617;-0.16957679805484424;-0.3851146642402806;0.8065775467381363;-0.4038847501309328;-0.6209838283181613;-0.49920768260333204;-0.24710536429033883;-0.030729254193150108;-0.48521256726432327;-0.4361122207682917;-0.15220388682955227;-0.40599897147057507;-0.18749999999999997;0.0
Cc1ccccc1OCC(=O)Nc1nc(-c2cccs2)ns1;-0.7737584392132657;-0.25162344859113217;-0.16957679805484424;-0.3851146642402806;0.8065775467381363;-0.9731903819644286;-0.6209838283181613;-0.49920768260333204;-0.24710536429033883;-0.030729254193150108;-0.48521256726432327;-0.4361122207682917;-0.15220388682955227;-0.40599897147057507;-0.18749999999999997;1.0
Cc1ccccc1OCC(=O)Nc1nnc(S(=O)(=O)N(C)Cc2ccccc2)s1;0.5810760616757574;1.4215727367740836;-0.16957679805484424;-0.3851146642402806;0.8065775467381363;-0.4038847501309328;-0.6209838283181613;-0.49920768260333204;-0.24710536429033883;-0.030729254193150108;-0.48521256726432327;-0.4361122207682917;6.5701344481423405;-0.40599897147057507;-0.18749999999999997;0.0
Cc1ccccc1OCC(=O)Nc1nnc(S(=O)(=O)N(C)c2ccccc2)s1;0.6090794091994246;1.0909188101668632;-0.16957679805484424;-0.3851146642402806;1.8206792918973052;-0.9731903819644286;-0.6209838283181613;-0.49920768260333204;-0.24710536429033883;-0.030729254193150108;-0.48521256726432327;-0.4361122207682917;6.5701344481423405;-0.40599897147057507;-0.18749999999999997;0.0
Cc1ccccc1OCC(=O)Nc1nonc1-c1ccc(Cl)cc1;-0.2834027312789409;0.44554688624069116;-0.16957679805484424;-0.3851146642402806;-0.4458020348823024;-0.4038847501309328;-0.6209838283181613;-0.49920768260333204;4.046856703705712;-0.030729254193150108;2.060952389667274;1.050315284101127;-0.15220388682955227;-0.40599897147057507;-0.18749999999999997;1.0
Cc1ccccc1OCC(=O)Nc1sc2c(c1C#N)CCCC2;-0.2868977339872869;1.7891922912040945;-0.16957679805484424;-0.3851146642402806;-0.4458020348823024;0.16542088170256303;-0.6209838283181613;-0.49920768260333204;-0.24710536429033883;-0.030729254193150108;-0.48521256726432327;-0.4361122207682917;-0.15220388682955227;-0.40599897147057507;-0.18749999999999997;1.0
Cc1ccccc1OCC(=O)Nn1c(=S)[nH]c2ccccc2c1=O;0.15939124580318756;1.1912198991854384;-0.16957679805484424;-0.3851146642402806;1.9616156350396263;-0.4038847501309328;-0.6209838283181613;-0.49920768260333204;-0.24710536429033883;-0.030729254193150108;2.060952389667274;1.050315284101127;6.5701344481423405;-0.40599897147057507;-0.18749999999999997;1.0
Cc1ccccc1OCC(=O)OCC(=O)c1ccc(-c2ccccc2)cc1;-0.2744710576909446;-0.45482425731008147;-0.16957679805484424;-0.3851146642402806;-0.4458020348823024;0.7347265135360589;-0.6209838283181613;-0.49920768260333204;-0.24710536429033883;-0.030729254193150108;2.060952389667274;1.050315284101127;-0.15220388682955227;-0.40599897147057507;-0.18749999999999997;1.0
Cc1ccccc1OCC(=O)OCC(=O)c1ccc(Cl)c(Cl)c1;1.3722029104650375;0.10217731809944583;8.817993498851902;-0.3851146642402806;-0.4458020348823024;-0.4038847501309328;-0.6209838283181613;-0.49920768260333204;-0.24710536429033883;-0.030729254193150108;2.060952389667274;1.050315284101127;-0.15220388682955227;-0.40599897147057507;5.333333333333333;1.0
Cc1ccccc1OCC(=O)OCC(=O)c1ccc2ccccc2c1;-0.2801873287872654;0.2028967370973017;-0.16957679805484424;-0.3851146642402806;-0.4458020348823024;0.7347265135360589;-0.6209838283181613;-0.49920768260333204;-0.24710536429033883;-0.030729254193150108;2.060952389667274;1.050315284101127;-0.15220388682955227;-0.40599897147057507;-0.18749999999999997;1.0
Cc1ccccc1OCC(=O)OCc1ccc(Br)cc1;0.5457804523857217;0.28044380084798615;-0.16957679805484424;-0.3851146642402806;-1.5751643097199564;-0.4038847501309328;-0.6209838283181613;-0.49920768260333204;-0.24710536429033883;-0.030729254193150108;-0.48521256726432327;-0.4361122207682917;-0.15220388682955227;-0.40599897147057507;-0.18749999999999997;0.0
Cc1ccccc1OCC(=O)c1ccc2c(c1)N(CC(=O)NCC(C)C)C(=O)CO2;0.7953798261765722;-0.837274736850694;-0.16957679805484424;-0.3851146642402806;2.9671054917269384;-0.4038847501309328;-0.6209838283181613;-0.49920768260333204;-0.24710536429033883;-0.030729254193150108;2.060952389667274;2.536742788970546;-0.15220388682955227;-0.40599897147057507;-0.18749999999999997;0.0
Cc1ccccc1OCC(=O)c1ccc2c(c1)N(Cc1nc(C(=O)NCC(C)C)co1)C(=O)CO2;0.1697457862257446;0.18090324911662922;-0.16957679805484424;-0.3851146642402806;2.9671054917269384;-0.4038847501309328;-0.6209838283181613;-0.49920768260333204;-0.24710536429033883;-0.030729254193150108;2.060952389667274;2.536742788970546;-0.15220388682955227;-0.40599897147057507;-0.18749999999999997;0.0
Cc1ccccc1OCC(C)NC(=O)c1ccc(CN2CCCC2)cc1;-0.27721926494878907;1.4245107150179157;-0.16957679805484424;1.6258289027286723;0.708380942051631;0.16542088170256303;-0.6209838283181613;-0.49920768260333204;-0.24710536429033883;-0.030729254193150108;-0.48521256726432327;-0.4361122207682917;-0.15220388682955227;-0.40599897147057507;-0.18749999999999997;0.0
Cc1ccccc1OCC(N)=O;2.4537461935058973;0.5046832010176967;-0.16957679805484424;-0.3851146642402806;-0.4458020348823024;-0.9731903819644286;-0.6209838283181613;-0.49920768260333204;-0.24710536429033883;-0.030729254193150108;-0.48521256726432327;-0.4361122207682917;-0.15220388682955227;-0.40599897147057507;-0.18749999999999997;0.0
Cc1ccccc1OCC(O)CN(Cc1ccc2c(c1)OCO2)Cc1cccs1;-1.218931492002129;0.4919482095014472;-0.16957679805484424;1.6258289027286723;-0.4209813327860232;-0.4038847501309328;-0.6209838283181613;-0.49920768260333204;-0.24710536429033883;-0.030729254193150108;-0.48521256726432327;-0.4361122207682917;6.5701344481423405;-0.40599897147057507;-0.18749999999999997;1.0
Cc1ccccc1OCC(O)CN(Cc1cccn1Cc1cccc(F)c1)C1CCCCC1;-0.7737584392132874;1.2211785828196184;-0.16957679805484424;-0.3851146642402806;-0.4209813327860232;-0.4038847501309328;-0.6209838283181613;-0.49920768260333204;-0.24710536429033883;-0.030729254193150108;-0.48521256726432327;-0.4361122207682917;-0.15220388682955227;-0.40599897147057507;-0.18749999999999997;0.0
Cc1ccccc1OCC(O)CO;2.2493797425449147;0.46850325314949676;-0.16957679805484424;-0.3851146642402806;-1.5751643097199564;-0.9731903819644286;-0.6209838283181613;-0.49920768260333204;-0.24710536429033883;-0.030729254193150108;-0.48521256726432327;-0.4361122207682917;-0.15220388682955227;-0.40599897147057507;-0.18749999999999997;0.0
Cc1ccccc1OCC(O)Cn1c(=N)n(CCN2CCOCC2)c2ccccc21;-0.8308325162359259;1.0851653512889745;-0.16957679805484424;-0.3851146642402806;0.8531856209241074;-0.9731903819644286;-0.6209838283181613;-0.49920768260333204;-0.24710536429033883;-0.030729254193150108;-0.48521256726432327;-0.4361122207682917;-0.15220388682955227;-0.40599897147057507;-0.18749999999999997;0.0
Cc1ccccc1OCC(O)Cn1c2ccccc2c2ccccc21;-1.3814777036845576;3.064478591598926;-0.16957679805484424;-0.3851146642402806;-1.5751643097199564;0.16542088170256303;-0.6209838283181613;-0.49920768260333204;-0.24710536429033883;-0.030729254193150108;-0.48521256726432327;-0.4361122207682917;-0.15220388682955227;-0.40599897147057507;-0.18749999999999997;1.0
Cc1ccccc1OCC1c2ccsc2CCN1C(=O)CN(C(=O)C1CC1)C1CC1;-1.3943393136513027;-1.4463435921125032;-0.16957679805484424;-0.3851146642402806;0.6835602399553516;-0.4038847501309328;-0.6209838283181613;-0.49920768260333204;-0.24710536429033883;-0.030729254193150108;-0.48521256726432327;-0.4361122207682917;6.5701344481423405;-0.40599897147057507;-0.18749999999999997;0.0
Cc1ccccc1OCCC(=O)N/N=C/c1ccccc1;0.004073139464593212;-0.1316885984085654;-0.16957679805484424;-0.3851146642402806;-0.4458020348823024;-0.4038847501309328;-0.6209838283181613;-0.49920768260333204;-0.24710536429033883;-0.030729254193150108;-0.48521256726432327;-0.4361122207682917;-0.15220388682955227;-0.40599897147057507;-0.18749999999999997;1.0
Cc1ccccc1OCCCC(=O)Nc1sc2c(c1C(N)=O)CCC(C)C2;0.5127182348995148;0.15204945325819288;-0.16957679805484424;-0.3851146642402806;0.6835602399553516;0.16542088170256303;-0.6209838283181613;-0.49920768260333204;-0.24710536429033883;-0.030729254193150108;2.060952389667274;1.050315284101127;-0.15220388682955227;-0.40599897147057507;-0.18749999999999997;0.0
Cc1ccccc1OCCCCn1c(-c2ccco2)nc2ccccc21;-1.7448852196566165;0.336195214737244;-0.16957679805484424;-0.3851146642402806;-1.5751643097199564;-0.9731903819644286;-0.6209838283181613;-0.49920768260333204;-0.24710536429033883;-0.030729254193150108;-0.48521256726432327;-0.4361122207682917;-0.15220388682955227;-0.40599897147057507;-0.18749999999999997;1.0
Cc1ccccc1OCCCn1c(C2CCCO2)nc2ccccc21;-1.8065599216834003;1.7871588383023147;-0.16957679805484424;1.6258289027286723;-1.5751643097199564;-0.9731903819644286;-0.6209838283181613;-0.49920768260333204;-0.24710536429033883;-0.030729254193150108;-0.48521256726432327;-0.4361122207682917;-0.15220388682955227;-0.40599897147057507;-0.18749999999999997;1.0
Cc1ccccc1OCCNC(=O)COc1ccc(C(C)(C)C)cc1;1.3827392154802545;-1.3943529176524112;-0.16957679805484424;-0.3851146642402806;-0.4458020348823024;-0.4038847501309328;-0.6209838283181613;-0.49920768260333204;-0.24710536429033883;-0.030729254193150108;2.060952389667274;1.050315284101127;-0.15220388682955227;-0.40599897147057507;-0.18749999999999997;0.0
Cc1ccccc1OCCNc1cc(N2CCN(CCO)CC2)ccc1[N+](=O)[O-];0.09690695014972209;0.0976344363330218;-0.16957679805484424;-0.3851146642402806;1.9614654081409564;-0.9731903819644286;-0.6209838283181613;-0.49920768260333204;-0.24710536429033883;-0.030729254193150108;-0.48521256726432327;-0.4361122207682917;-0.15220388682955227;-0.40599897147057507;-0.18749999999999997;1.0
Cc1ccccc1OCCSc1nc2ccccc2n1CC(O)CO;-0.28018732878725816;0.8017611290512057;-0.16957679805484424;-0.3851146642402806;-1.5751643097199564;-0.9731903819644286;-0.6209838283181613;-0.49920768260333204;-0.24710536429033883;-0.030729254193150108;-0.48521256726432327;-0.4361122207682917;6.5701344481423405;-0.40599897147057507;-0.18749999999999997;1.0
Cc1ccccc1OCCc1c(C)[nH]c(=S)[nH]c1=O;1.1445095877195968;-0.8189816611741398;-0.16957679805484424;-0.3851146642402806;0.728183504088674;-0.4038847501309328;-0.6209838283181613;-0.49920768260333204;-0.24710536429033883;-0.030729254193150108;-0.48521256726432327;-0.4361122207682917;-0.15220388682955227;-0.40599897147057507;-0.18749999999999997;0.0
Cc1ccccc1OCCn1c(CN2CCCCC2)nc2ccccc21;-1.7448852196566165;-0.3904030723875685;-0.16957679805484424;-0.3851146642402806;-0.4209813327860232;-0.9731903819644286;-0.6209838283181613;-0.49920768260333204;-0.24710536429033883;-0.030729254193150108;-0.48521256726432327;-0.4361122207682917;-0.15220388682955227;-0.40599897147057507;-0.18749999999999997;1.0
Cc1ccccc1OCc1cc(=O)n2ccsc2n1;-0.8638754029332277;0.1287562536937378;-0.16957679805484424;-0.3851146642402806;0.5907898780774372;-0.9731903819644286;-0.6209838283181613;-0.49920768260333204;-0.24710536429033883;-0.030729254193150108;-0.48521256726432327;-0.4361122207682917;-0.15220388682955227;-0.40599897147057507;-0.18749999999999997;0.0
Cc1ccccc1OCc1ccc(-c2nc(C#N)c(N3CCC(C(N)=O)CC3)o2)o1;-0.4765973345702188;-0.7909200187029944;-0.16957679805484424;-0.3851146642402806;-0.4458020348823024;-0.9731903819644286;-0.6209838283181613;-0.49920768260333204;-0.24710536429033883;-0.030729254193150108;2.060952389667274;1.050315284101127;-0.15220388682955227;-0.40599897147057507;-0.18749999999999997;0.0
Cc1ccccc1OCc1ccc(-c2nc(C#N)c(NCc3ccc4c(c3)OCO4)o2)o1;-1.6519771936713818;-0.5712024047473642;-0.16957679805484424;1.6258289027286723;-1.5751643097199564;-0.4038847501309328;-0.6209838283181613;-0.49920768260333204;-0.24710536429033883;-0.030729254193150108;2.060952389667274;1.050315284101127;-0.15220388682955227;-0.40599897147057507;-0.18749999999999997;1.0
Cc1ccccc1OCc1ccc(-c2nc(C#N)c(NCc3ccco3)o2)o1;-1.2552141285383949;-0.7226438119459627;-0.16957679805484424;-0.3851146642402806;-1.5751643097199564;-0.9731903819644286;-0.6209838283181613;-0.49920768260333204;-0.24710536429033883;-0.030729254193150108;2.060952389667274;1.050315284101127;-0.15220388682955227;-0.40599897147057507;-0.18749999999999997;1.0
Cc1ccccc1OCc1ccc(/C=N/n2c(S)nnc2C(F)F)o1;0.14489488921158455;-1.2132053696889167;-0.16957679805484424;-0.3851146642402806;-1.5751643097199564;-0.9731903819644286;-0.6209838283181613;-0.49920768260333204;-0.24710536429033883;-0.030729254193150108;-0.48521256726432327;-0.4361122207682917;6.5701344481423405;-0.40599897147057507;-0.18749999999999997;1.0
Cc1ccccc1OCc1ccc(C(=O)N2CCN(S(=O)(=O)c3cnn(C)c3)CC2)o1;-0.014839789414136799;0.30733892204515795;-0.16957679805484424;-0.3851146642402806;0.657005475036045;-0.9731903819644286;-0.6209838283181613;-0.49920768260333204;-0.24710536429033883;-0.030729254193150108;2.060952389667274;1.050315284101127;6.5701344481423405;-0.40599897147057507;-0.18749999999999997;0.0
Cc1ccccc1OCc1ccc(C=C(C#N)C#N)o1;0.5457804523857217;-0.024317984469509685;-0.16957679805484424;-0.3851146642402806;-1.5751643097199564;-0.9731903819644286;-0.6209838283181613;-0.49920768260333204;-0.24710536429033883;-0.030729254193150108;-0.48521256726432327;-0.4361122207682917;-0.15220388682955227;-0.40599897147057507;-0.18749999999999997;1.0
Cc1ccccc1OCc1nc(-c2ccc(Br)cc2)no1;-0.8009365711288127;0.8290054418433208;-0.16957679805484424;-0.3851146642402806;-1.5751643097199564;-0.4038847501309328;-0.6209838283181613;-0.49920768260333204;-0.24710536429033883;32.54228019054596;-0.48521256726432327;-0.4361122207682917;-0.15220388682955227;-0.40599897147057507;-0.18749999999999997;1.0
Cc1ccccc1OCc1nc(-c2ccc(Br)o2)no1;-0.8308325162359043;-0.5208454539166311;-0.16957679805484424;-0.3851146642402806;-1.5751643097199564;-0.9731903819644286;-0.6209838283181613;-0.49920768260333204;-0.24710536429033883;-0.030729254193150108;2.060952389667274;1.050315284101127;-0.15220388682955227;-0.40599897147057507;-0.18749999999999997;1.0
Cc1ccccc1OCc1nc(-c2ccc(Cl)cc2)no1;-0.8009365711288127;0.6958305805113557;-0.16957679805484424;-0.3851146642402806;-1.5751643097199564;-0.4038847501309328;-0.6209838283181613;-0.49920768260333204;4.046856703705712;-0.030729254193150108;-0.48521256726432327;-0.4361122207682917;-0.15220388682955227;-0.40599897147057507;-0.18749999999999997;1.0
Cc1ccccc1OCc1nc(-c2ccc3ncn(C(C)C)c3c2)no1;-0.9274194158126922;1.0539899063173994;-0.16957679805484424;-0.3851146642402806;-1.5751643097199564;-0.4038847501309328;-0.6209838283181613;-0.49920768260333204;-0.24710536429033883;-0.030729254193150108;-0.48521256726432327;-0.4361122207682917;-0.15220388682955227;-0.40599897147057507;-0.18749999999999997;1.0
Cc1ccccc1OCc1nc(-c2ccc3nnn(C)c3c2)no1;-1.4305802051302958;0.3555772962614128;-0.16957679805484424;-0.3851146642402806;-1.5751643097199564;-0.4038847501309328;-0.6209838283181613;-0.49920768260333204;-0.24710536429033883;-0.030729254193150108;-0.48521256726432327;-0.4361122207682917;-0.15220388682955227;-0.40599897147057507;-0.18749999999999997;0.0
Cc1ccccc1OCc1nc(-c2cccnc2)no1;-1.3621852887344612;0.16476279025206428;-0.16957679805484424;-0.3851146642402806;-0.40117877074897995;-0.4038847501309328;-0.6209838283181613;-0.49920768260333204;-0.24710536429033883;-0.030729254193150108;-0.48521256726432327;-0.4361122207682917;-0.15220388682955227;-0.40599897147057507;-0.18749999999999997;1.0
Cc1ccccc1OCc1nc(C#N)c(N2CCC(Cc3ccccc3)CC2)o1;-1.2189314920021435;0.7580310739341063;-0.16957679805484424;-0.3851146642402806;-1.5751643097199564;-0.4038847501309328;-0.6209838283181613;-0.49920768260333204;-0.24710536429033883;-0.030729254193150108;-0.48521256726432327;-0.4361122207682917;-0.15220388682955227;-0.40599897147057507;-0.18749999999999997;1.0
Cc1ccccc1OCc1nc(C#N)c(N2CCN(c3ccccc3)CC2)o1;-1.2552141285383949;1.2762237959784308;-0.16957679805484424;-0.3851146642402806;-1.5751643097199564;-0.9731903819644286;-0.6209838283181613;-0.49920768260333204;-0.24710536429033883;-0.030729254193150108;-0.48521256726432327;-0.4361122207682917;-0.15220388682955227;-0.40599897147057507;-0.18749999999999997;1.0
Cc1ccccc1OCc1nc(C#N)c(NCc2ccc(F)cc2)o1;-0.2801873287872654;-1.0415635262664003;-0.16957679805484424;-0.3851146642402806;-1.5751643097199564;-0.4038847501309328;1.6103478937742153;0.364022567901614;-0.24710536429033883;-0.030729254193150108;-0.48521256726432327;-0.4361122207682917;-0.15220388682955227;-0.40599897147057507;-0.18749999999999997;1.0
Cc1ccccc1OCc1nc(C2CN(C(=O)Cc3cccc(F)c3)C2)no1;-0.8756764338965705;-0.25632019820744134;-0.16957679805484424;-0.3851146642402806;-0.4458020348823024;-0.4038847501309328;1.6103478937742153;0.364022567901614;-0.24710536429033883;-0.030729254193150108;-0.48521256726432327;-0.4361122207682917;-0.15220388682955227;2.463060426921489;-0.18749999999999997;1.0
Cc1ccccc1OCc1nc(CCN(C)C(=O)CSc2ccccc2)no1;-0.2719191509515233;-1.1613549226269078;-0.16957679805484424;-0.3851146642402806;-0.4458020348823024;-0.9731903819644286;-0.6209838283181613;-0.49920768260333204;-0.24710536429033883;-0.030729254193150108;-0.48521256726432327;-0.4361122207682917;-0.15220388682955227;-0.40599897147057507;-0.18749999999999997;0.0
Cc1ccccc1OCc1nc(CCN(C)C(=O)c2ccc(C#N)cc2)no1;0.10761854369030108;-1.1147885770199482;-0.16957679805484424;-0.3851146642402806;-0.4458020348823024;0.16542088170256303;-0.6209838283181613;-0.49920768260333204;-0.24710536429033883;-0.030729254193150108;-0.48521256726432327;-0.4361122207682917;-0.15220388682955227;-0.40599897147057507;-0.18749999999999997;1.0
Cc1ccccc1OCc1nc(CCN(C)C(=O)c2ccc(F)cc2)no1;0.11912358860427424;-0.44095551307807407;-0.16957679805484424;-0.3851146642402806;-0.4458020348823024;-0.4038847501309328;1.6103478937742153;0.364022567901614;-0.24710536429033883;-0.030729254193150108;-0.48521256726432327;-0.4361122207682917;-0.15220388682955227;2.463060426921489;-0.18749999999999997;0.0
Cc1ccccc1OCc1nc(CCN(C)S(=O)(=O)c2c(C)n[nH]c2C)no1;0.9886171038412561;-0.9488878097471737;-0.16957679805484424;-0.3851146642402806;-0.3741601951151035;-0.9731903819644286;-0.6209838283181613;-0.49920768260333204;-0.24710536429033883;-0.030729254193150108;-0.48521256726432327;-0.4361122207682917;6.5701344481423405;-0.40599897147057507;-0.18749999999999997;0.0
Cc1ccccc1OCc1nc(CCN(C)S(=O)(=O)c2cccc(Cl)c2C)no1;0.9475262496058099;-1.126057403880086;-0.16957679805484424;-0.3851146642402806;-1.5751643097199564;-0.4038847501309328;-0.6209838283181613;-0.49920768260333204;-0.24710536429033883;-0.030729254193150108;-0.48521256726432327;-0.4361122207682917;6.5701344481423405;-0.40599897147057507;-0.18749999999999997;0.0
Cc1ccccc1OCc1nc2c3c4c(sc3ncn2n1)CCCCC4;-2.395085370520527;0.3332798236221331;-0.16957679805484424;-0.3851146642402806;-1.5751643097199564;0.16542088170256303;-0.6209838283181613;-0.49920768260333204;-0.24710536429033883;-0.030729254193150108;-0.48521256726432327;-0.4361122207682917;-0.15220388682955227;-0.40599897147057507;-0.18749999999999997;1.0
Cc1ccccc1OCc1nc2c3sc4nc(C(F)F)cc(C)c4c3ncn2n1;-1.0689691824338206;0.276657202015767;-0.16957679805484424;-0.3851146642402806;-1.5751643097199564;0.16542088170256303;-0.6209838283181613;-0.49920768260333204;-0.24710536429033883;-0.030729254193150108;-0.48521256726432327;-0.4361122207682917;6.5701344481423405;-0.40599897147057507;-0.18749999999999997;1.0
Cc1ccccc1OCc1nc2ccccc2c(=O)n1N;-0.2948863116063802;-0.1482041697374569;-0.16957679805484424;-0.3851146642402806;-0.4458020348823024;-0.4038847501309328;-0.6209838283181613;-0.49920768260333204;-0.24710536429033883;-0.030729254193150108;-0.48521256726432327;-0.4361122207682917;-0.15220388682955227;-0.40599897147057507;-0.18749999999999997;1.0
Cc1ccccc1OCc1nn2c(C(F)(F)F)nnc2s1;0.37372817573912503;-0.5113712570207484;-0.16957679805484424;-0.3851146642402806;-1.5751643097199564;-0.9731903819644286;-0.6209838283181613;-0.49920768260333204;-0.24710536429033883;-0.030729254193150108;-0.48521256726432327;-0.4361122207682917;-0.15220388682955227;-0.40599897147057507;-0.18749999999999997;1.0
Cc1ccccc1OCc1nnc(-c2ccccc2)o1;-1.3621852887344612;0.46612202270933156;-0.16957679805484424;-0.3851146642402806;-1.5751643097199564;-0.4038847501309328;-0.6209838283181613;-0.49920768260333204;-0.24710536429033883;-0.030729254193150108;-0.48521256726432327;-0.4361122207682917;-0.15220388682955227;-0.40599897147057507;-0.18749999999999997;1.0
Cc1ccccc1OCc1nnc(C(=O)Nc2cccc(C(=O)N3CCOCC3)c2)s1;-0.8105804243891837;-1.0275901802847986;-0.16957679805484424;-0.3851146642402806;0.6835602399553516;-0.4038847501309328;-0.6209838283181613;-0.49920768260333204;-0.24710536429033883;-0.030729254193150108;2.060952389667274;1.050315284101127;-0.15220388682955227;-0.40599897147057507;-0.18749999999999997;0.0
Cc1ccccc1OCc1nnc(S)n1-c1cn(C)nc1C;0.19233751078410677;0.8714094404823192;-0.16957679805484424;-0.3851146642402806;0.6034321344828618;-0.9731903819644286;-0.6209838283181613;-0.49920768260333204;-0.24710536429033883;-0.030729254193150108;-0.48521256726432327;-0.4361122207682917;-0.15220388682955227;-0.40599897147057507;-0.18749999999999997;1.0
Cc1ccccc1Oc1cc(N2CCN(C(=O)/C=C/c3ccccc3)C(C)C2)ncn1;-0.8105804243891837;-0.6521525705952894;-0.16957679805484424;-0.3851146642402806;-0.4458020348823024;-0.4038847501309328;-0.6209838283181613;-0.49920768260333204;-0.24710536429033883;-0.030729254193150108;-0.48521256726432327;-0.4361122207682917;-0.15220388682955227;-0.40599897147057507;-0.18749999999999997;0.0
Cc1ccccc1Oc1cc(N2CCN(C(=O)C(C)C)C(C)C2)ncn1;0.5402465388951354;0.213189878169747;-0.16957679805484424;-0.3851146642402806;-0.4458020348823024;-0.9731903819644286;-0.6209838283181613;-0.49920768260333204;-0.24710536429033883;-0.030729254193150108;-0.48521256726432327;-0.4361122207682917;-0.15220388682955227;-0.40599897147057507;-0.18749999999999997;0.0
Cc1ccccc1Oc1cc(N2CCN(CCN3CCOCC3)CC2)ncn1;-1.6347518231802192;0.5655534295768335;-0.16957679805484424;-0.3851146642402806;0.7332016441479101;-0.9731903819644286;-0.6209838283181613;-0.49920768260333204;-0.24710536429033883;-0.030729254193150108;-0.48521256726432327;-0.4361122207682917;-0.15220388682955227;-0.40599897147057507;-0.18749999999999997;1.0
Cc1ccccc1Oc1ccc(N2C(=O)C3C4C=CC(C4)C3(C)C2=O)cc1;-1.006674895123067;0.7306120590544648;-0.16957679805484424;1.6258289027286723;0.6835602399553516;-0.9731903819644286;-0.6209838283181613;-0.49920768260333204;-0.24710536429033883;-0.030729254193150108;-0.48521256726432327;-0.4361122207682917;-0.15220388682955227;-0.40599897147057507;-0.18749999999999997;0.0
Cc1ccccc1Oc1nccnc1SCC(=O)NCCC(C)C;0.863774742572414;-1.6567980122686412;-0.16957679805484424;-0.3851146642402806;-0.4458020348823024;-0.9731903819644286;-0.6209838283181613;-0.49920768260333204;-0.24710536429033883;-0.030729254193150108;2.060952389667274;1.050315284101127;-0.15220388682955227;-0.40599897147057507;-0.18749999999999997;1.0
Cc1ccccc1Oc1nccnc1SCC(=O)Nc1ccc(Cl)cc1;-0.2772192649487818;-0.8476570747515689;-0.16957679805484424;-0.3851146642402806;-0.4458020348823024;-0.9731903819644286;-0.6209838283181613;-0.49920768260333204;-0.24710536429033883;-0.030729254193150108;2.060952389667274;1.050315284101127;-0.15220388682955227;-0.40599897147057507;-0.18749999999999997;1.0
Cc1ccccc1Oc1ncnc(N)c1[N+](=O)[O-];1.2193722130921765;0.2732975319046328;-0.16957679805484424;-0.3851146642402806;0.807282431207023;-0.9731903819644286;-0.6209838283181613;-0.49920768260333204;-0.24710536429033883;-0.030729254193150108;-0.48521256726432327;-0.4361122207682917;-0.15220388682955227;-0.40599897147057507;-0.18749999999999997;0.0
Cc1ccccc1S(=O)(=O)Cc1ccc(C(=O)N2CCC3(CC2)OCCO3)o1;-0.2522923975201479;-0.8368263212268566;-0.16957679805484424;1.6258289027286723;-0.4458020348823024;-0.9731903819644286;-0.6209838283181613;-0.49920768260333204;-0.24710536429033883;-0.030729254193150108;2.060952389667274;2.536742788970546;6.5701344481423405;-0.40599897147057507;-0.18749999999999997;0.0
Cc1ccccc1S(=O)(=O)Cc1ccc(C(=O)NC2CCCCCCC2)o1;0.2455624324666609;-0.5271409065789442;-0.16957679805484424;-0.3851146642402806;-0.4458020348823024;-0.9731903819644286;-0.6209838283181613;-0.49920768260333204;-0.24710536429033883;-0.030729254193150108;-0.48521256726432327;-0.4361122207682917;6.5701344481423405;-0.40599897147057507;-0.18749999999999997;1.0
Cc1ccccc1S(=O)(=O)Cc1ccc(C(=O)NCCCN(C)c2ccccc2)o1;0.5549396039870037;-0.4555405028726439;-0.16957679805484424;-0.3851146642402806;-0.4458020348823024;-0.9731903819644286;-0.6209838283181613;-0.49920768260333204;-0.24710536429033883;-0.030729254193150108;-0.48521256726432327;-0.4361122207682917;6.5701344481423405;-0.40599897147057507;-0.18749999999999997;0.0
Cc1ccccc1S(=O)(=O)Cc1ccc(C(=O)NCCCN2CCCCCC2)o1;0.2146258737457193;-0.17108654090993497;-0.16957679805484424;-0.3851146642402806;-0.4458020348823024;-0.9731903819644286;-0.6209838283181613;-0.49920768260333204;-0.24710536429033883;-0.030729254193150108;-0.48521256726432327;-0.4361122207682917;6.5701344481423405;-0.40599897147057507;-0.18749999999999997;1.0
Cc1ccccc1S(=O)(=O)N(CCC(=O)N1CCNCC1)CC(C)C;1.8078214334791045;-1.4387008348695354;-0.16957679805484424;-0.3851146642402806;-0.4458020348823024;-0.9731903819644286;-0.6209838283181613;-0.49920768260333204;-0.24710536429033883;-0.030729254193150108;2.060952389667274;2.536742788970546;-0.15220388682955227;-0.40599897147057507;-0.18749999999999997;0.0
Cc1ccccc1S(=O)(=O)N(CCC(=O)N1CCNCC1)CCC(C)C;1.730481467999648;-0.964393329596434;-0.16957679805484424;-0.3851146642402806;-0.4458020348823024;-0.9731903819644286;-0.6209838283181613;-0.49920768260333204;-0.24710536429033883;-0.030729254193150108;2.060952389667274;2.536742788970546;-0.15220388682955227;-0.40599897147057507;-0.18749999999999997;0.0
Cc1ccccc1S(=O)(=O)N1CC(CNC(=O)C2CC2)C2(CCCCC2)C1;-0.2541173874658164;-1.9198527862076138;-0.16957679805484424;1.6258289027286723;-0.4458020348823024;-0.9731903819644286;-0.6209838283181613;-0.49920768260333204;-0.24710536429033883;-0.030729254193150108;-0.48521256726432327;-0.4361122207682917;-0.15220388682955227;-0.40599897147057507;-0.18749999999999997;1.0
Cc1ccccc1S(=O)(=O)N1CC(c2nc(CCN(C)C(=O)C3CC3)no2)C1;0.005322126254377383;0.658190999116012;-0.16957679805484424;-0.3851146642402806;-0.4458020348823024;-0.9731903819644286;-0.6209838283181613;-0.49920768260333204;-0.24710536429033883;-0.030729254193150108;2.060952389667274;2.536742788970546;-0.15220388682955227;-0.40599897147057507;-0.18749999999999997;0.0
Cc1ccccc1S(=O)(=O)N1CC(c2nc(CCN(C)C(=O)C3CCOCC3)no2)C1;-0.014839789414144032;0.8484608748050401;-0.16957679805484424;-0.3851146642402806;-0.4458020348823024;-0.9731903819644286;-0.6209838283181613;-0.49920768260333204;-0.24710536429033883;-0.030729254193150108;2.060952389667274;2.536742788970546;-0.15220388682955227;-0.40599897147057507;-0.18749999999999997;1.0
Cc1ccccc1S(=O)(=O)N1CCC(C)(C(=O)NCc2ccc(F)cc2)CC1;1.1105402747085553;-0.4786609939572657;-0.16957679805484424;-0.3851146642402806;-0.4458020348823024;-0.4038847501309328;1.6103478937742153;0.364022567901614;-0.24710536429033883;-0.030729254193150108;-0.48521256726432327;-0.4361122207682917;6.5701344481423405;-0.40599897147057507;-0.18749999999999997;0.0
Cc1ccccc1S(=O)(=O)N1CCC(CCC(=O)NCCCc2ccccc2)CC1;0.20070442232129665;0.5295446773712129;-0.16957679805484424;-0.3851146642402806;-0.4458020348823024;-0.4038847501309328;-0.6209838283181613;-0.49920768260333204;-0.24710536429033883;-0.030729254193150108;-0.48521256726432327;-0.4361122207682917;-0.15220388682955227;-0.40599897147057507;-0.18749999999999997;1.0
Cc1ccccc1S(=O)(=O)N1CCC(CCC(=O)NCCN2CCCCC2)CC1;0.2146258737457193;-0.02038680622464782;-0.16957679805484424;-0.3851146642402806;-0.4458020348823024;-0.9731903819644286;-0.6209838283181613;-0.49920768260333204;-0.24710536429033883;-0.030729254193150108;-0.48521256726432327;-0.4361122207682917;-0.15220388682955227;-0.40599897147057507;-0.18749999999999997;1.0
Cc1ccccc1S(=O)(=O)N1CCC(CCC(=O)NCc2ccc(Cl)cc2)CC1;0.5810760616757646;1.0941673447754376;-0.16957679805484424;-0.3851146642402806;-0.4458020348823024;-0.4038847501309328;-0.6209838283181613;-0.49920768260333204;4.046856703705712;-0.030729254193150108;-0.48521256726432327;-0.4361122207682917;-0.15220388682955227;-0.40599897147057507;-0.18749999999999997;0.0
Cc1ccccc1S(=O)(=O)N1CCC(CCC(=O)NCc2ccccc2)CC1;0.22954171455760017;0.823742739675684;-0.16957679805484424;-0.3851146642402806;-0.4458020348823024;-0.4038847501309328;-0.6209838283181613;-0.49920768260333204;-0.24710536429033883;-0.030729254193150108;-0.48521256726432327;-0.4361122207682917;-0.15220388682955227;-0.40599897147057507;-0.18749999999999997;1.0
Cc1ccccc1S(=O)(=O)N1CCC(Cc2ccc(C(=O)N3CCCC3)cc2)CC1;-0.36280237509408747;0.8194031396470512;-0.16957679805484424;1.6258289027286723;-0.4458020348823024;0.16542088170256303;-0.6209838283181613;-0.49920768260333204;-0.24710536429033883;-0.030729254193150108;-0.48521256726432327;-0.4361122207682917;-0.15220388682955227;-0.40599897147057507;-0.18749999999999997;1.0
Cc1ccccc1S(=O)(=O)N1CCC(Cc2nnc(-c3cccnc3)[nH]2)C1;-0.7741508776234364;0.08605206102571133;-0.16957679805484424;1.6258289027286723;-0.40117877074897995;-0.4038847501309328;-0.6209838283181613;-0.49920768260333204;-0.24710536429033883;-0.030729254193150108;-0.48521256726432327;-0.4361122207682917;-0.15220388682955227;-0.40599897147057507;-0.18749999999999997;0.0
Cc1ccccc1S(=O)(=O)N1CCC(N2CCN(Cc3ccccc3)C(=O)C2=O)CC1;-0.014839789414129567;0.5981356771042627;-0.16957679805484424;-0.3851146642402806;0.6835602399553516;-0.4038847501309328;-0.6209838283181613;-0.49920768260333204;-0.24710536429033883;-0.030729254193150108;-0.48521256726432327;-0.4361122207682917;-0.15220388682955227;-0.40599897147057507;-0.18749999999999997;1.0
Cc1ccccc1S(=O)(=O)N1CCC(OCCOc2ccccc2)CC1;-0.14591738863016704;-0.32166718362524055;-0.16957679805484424;-0.3851146642402806;-1.5751643097199564;-0.9731903819644286;-0.6209838283181613;-0.49920768260333204;-0.24710536429033883;-0.030729254193150108;2.060952389667274;2.536742788970546;-0.15220388682955227;-0.40599897147057507;-0.18749999999999997;1.0
Cc1ccccc1S(=O)(=O)N1CCC(OCc2noc(C3CCCO3)n2)CC1;-0.7537532630292714;1.0543629670385704;-0.16957679805484424;1.6258289027286723;-1.5751643097199564;-0.9731903819644286;-0.6209838283181613;-0.49920768260333204;-0.24710536429033883;-0.030729254193150108;2.060952389667274;4.023170293839964;-0.15220388682955227;-0.40599897147057507;-0.18749999999999997;1.0
Cc1ccccc1S(=O)(=O)N1CCC(c2nc(CCOCC3CCCC3)no2)C1;-0.7347623804760937;1.2081645966657073;-0.16957679805484424;1.6258289027286723;-1.5751643097199564;-0.9731903819644286;-0.6209838283181613;-0.49920768260333204;-0.24710536429033883;-0.030729254193150108;2.060952389667274;2.536742788970546;-0.15220388682955227;-0.40599897147057507;-0.18749999999999997;1.0
Cc1ccccc1S(=O)(=O)N1CCC(n2c(C)nc3cccnc32)CC1;-0.38738463757208985;1.3303471001568952;-0.16957679805484424;-0.3851146642402806;-1.5751643097199564;-0.9731903819644286;-0.6209838283181613;-0.49920768260333204;-0.24710536429033883;-0.030729254193150108;-0.48521256726432327;-0.4361122207682917;-0.15220388682955227;-0.40599897147057507;-0.18749999999999997;1.0
Cc1ccccc1S(=O)(=O)N1CCC2(CC1)CC(CC(=O)N1CCCC1)CCO2;-0.2505932689500367;0.49389631241853826;-0.16957679805484424;1.6258289027286723;-0.4458020348823024;-0.9731903819644286;-0.6209838283181613;-0.49920768260333204;-0.24710536429033883;-0.030729254193150108;2.060952389667274;4.023170293839964;-0.15220388682955227;-0.40599897147057507;-0.18749999999999997;0.0
Cc1ccccc1S(=O)(=O)N1CCC2(CC1)CC(CC(=O)N1CCOCC1)CCO2;-0.2490074156179344;0.518090736764892;-0.16957679805484424;-0.3851146642402806;-0.4458020348823024;-0.9731903819644286;-0.6209838283181613;-0.49920768260333204;-0.24710536429033883;-0.030729254193150108;2.060952389667274;4.023170293839964;-0.15220388682955227;-0.40599897147057507;-0.18749999999999997;0.0
Cc1ccccc1S(=O)(=O)N1CCC2(CC1)CC(OCc1ccccc1)CCO2;-0.6170434568800748;0.7609199423793054;-0.16957679805484424;-0.3851146642402806;-1.5751643097199564;-0.4038847501309328;-0.6209838283181613;-0.49920768260333204;-0.24710536429033883;-0.030729254193150108;2.060952389667274;2.536742788970546;-0.15220388682955227;-0.40599897147057507;-0.18749999999999997;1.0
Cc1ccccc1S(=O)(=O)N1CCC2(CC1)CN(C(C)C)C2c1ccccc1;0.12724529712167648;3.5853019131625397;-0.16957679805484424;-0.3851146642402806;-0.4209813327860232;-0.4038847501309328;-0.6209838283181613;-0.49920768260333204;-0.24710536429033883;-0.030729254193150108;-0.48521256726432327;-0.4361122207682917;-0.15220388682955227;-0.40599897147057507;-0.18749999999999997;1.0
Cc1ccccc1S(=O)(=O)N1CCC2(CC1)N(CC1CC1)C(=O)CS2=O;0.15265014066850524;3.5254608021876495;-0.16957679805484424;1.6258289027286723;0.5456119417290489;-0.9731903819644286;-0.6209838283181613;-0.49920768260333204;-0.24710536429033883;-0.030729254193150108;-0.48521256726432327;-0.4361122207682917;6.5701344481423405;-0.40599897147057507;-0.18749999999999997;0.0
Cc1ccccc1S(=O)(=O)N1CCC2(CC1)NCCN=C2NC1CCCC1;-0.6477120337610425;1.9987096289916904;-0.16957679805484424;-0.3851146642402806;-0.39919396069633134;-0.9731903819644286;-0.6209838283181613;-0.49920768260333204;-0.24710536429033883;-0.030729254193150108;-0.48521256726432327;-0.4361122207682917;-0.15220388682955227;-0.40599897147057507;-0.18749999999999997;1.0
Cc1ccccc1S(=O)(=O)N1CCC2(CC1)Nc1ccccc1-n1cccc12;-1.2355873751070123;1.7108443249816652;-0.16957679805484424;-0.3851146642402806;-1.5751643097199564;-0.9731903819644286;-0.6209838283181613;-0.49920768260333204;-0.24710536429033883;-0.030729254193150108;-0.48521256726432327;-0.4361122207682917;-0.15220388682955227;-0.40599897147057507;-0.18749999999999997;1.0
Cc1ccccc1S(=O)(=O)N1CCCC(CCC(=O)N(C)C)C1;1.9826770076065774;1.1043375733700058;-0.16957679805484424;-0.3851146642402806;-0.4458020348823024;-0.9731903819644286;-0.6209838283181613;-0.49920768260333204;-0.24710536429033883;-0.030729254193150108;-0.48521256726432327;-0.4361122207682917;-0.15220388682955227;-0.40599897147057507;-0.18749999999999997;0.0
Cc1ccccc1S(=O)(=O)N1CCCC(CCC(=O)NC2CCCC2)C1;0.26281551329179875;-0.4496881252054034;-0.16957679805484424;-0.3851146642402806;-0.4458020348823024;-0.9731903819644286;-0.6209838283181613;-0.49920768260333204;-0.24710536429033883;-0.030729254193150108;-0.48521256726432327;-0.4361122207682917;-0.15220388682955227;-0.40599897147057507;-0.18749999999999997;1.0
Cc1ccccc1S(=O)(=O)N1CCCC(CCC(=O)NCCCc2ccccc2)C1;0.2007044223213039;-0.055333314001379655;-0.16957679805484424;-0.3851146642402806;-0.4458020348823024;-0.4038847501309328;-0.6209838283181613;-0.49920768260333204;-0.24710536429033883;-0.030729254193150108;-0.48521256726432327;-0.4361122207682917;-0.15220388682955227;-0.40599897147057507;-0.18749999999999997;1.0
Cc1ccccc1S(=O)(=O)N1CCCC(CCC(=O)Nc2ccc(F)cc2F)C1;0.9475262496058099;-0.43767941388599757;-0.16957679805484424;-0.3851146642402806;-0.4458020348823024;-0.9731903819644286;-0.6209838283181613;-0.49920768260333204;-0.24710536429033883;-0.030729254193150108;-0.48521256726432327;-0.4361122207682917;-0.15220388682955227;-0.40599897147057507;-0.18749999999999997;0.0
Cc1ccccc1S(=O)(=O)N1CCCC(Cc2noc(-c3cccnc3)n2)C1;-0.7537532630292714;-0.533982916307949;-0.16957679805484424;-0.3851146642402806;-0.40117877074897995;-0.4038847501309328;-0.6209838283181613;-0.49920768260333204;-0.24710536429033883;-0.030729254193150108;-0.48521256726432327;-0.4361122207682917;-0.15220388682955227;-0.40599897147057507;-0.18749999999999997;1.0
Cc1ccccc1S(=O)(=O)N1CCCC(Cc2noc(-c3cnccn3)n2)C1;-0.7537532630292714;-0.19577517411038511;-0.16957679805484424;-0.3851146642402806;-0.40117877074897995;-0.9731903819644286;-0.6209838283181613;-0.49920768260333204;-0.24710536429033883;-0.030729254193150108;-0.48521256726432327;-0.4361122207682917;-0.15220388682955227;-0.40599897147057507;-0.18749999999999997;1.0
Cc1ccccc1S(=O)(=O)N1CCCC(c2nnc(C(=O)Nc3ccccc3)s2)C1;-0.36280237509408747;0.3909277672826352;-0.16957679805484424;-0.3851146642402806;-0.4458020348823024;-0.9731903819644286;-0.6209838283181613;-0.49920768260333204;-0.24710536429033883;-0.030729254193150108;-0.48521256726432327;-0.4361122207682917;6.5701344481423405;-0.40599897147057507;-0.18749999999999997;0.0
Cc1ccccc1S(=O)(=O)N1CCCC1c1c(C)noc1C;0.8305604305229932;-0.20323150065330206;-0.16957679805484424;1.6258289027286723;-1.5751643097199564;-0.4038847501309328;-0.6209838283181613;-0.49920768260333204;-0.24710536429033883;-0.030729254193150108;2.060952389667274;2.536742788970546;-0.15220388682955227;-0.40599897147057507;-0.18749999999999997;0.0
Cc1ccccc1S(=O)(=O)N1CCCC2(C1)Nc1cccnc1N=C2NC1CCCC1;-1.1356612745147496;0.24678763449440158;-0.16957679805484424;-0.3851146642402806;-1.5751643097199564;-0.9731903819644286;-0.6209838283181613;-0.49920768260333204;-0.24710536429033883;-0.030729254193150108;-0.48521256726432327;-0.4361122207682917;-0.15220388682955227;-0.40599897147057507;-0.18749999999999997;1.0
Cc1ccccc1S(=O)(=O)N1CCCCC1c1nc(CCOCc2ccccc2)no1;-0.7004562700574332;0.40553367943365015;-0.16957679805484424;-0.3851146642402806;-1.5751643097199564;-0.4038847501309328;-0.6209838283181613;-0.49920768260333204;-0.24710536429033883;-0.030729254193150108;-0.48521256726432327;-0.4361122207682917;-0.15220388682955227;-0.40599897147057507;-0.18749999999999997;1.0
Cc1ccccc1S(=O)(=O)N1CCN(C2CCN(C)C2=O)CC1;0.7856222522834303;2.0170884384319177;-0.16957679805484424;1.6258289027286723;0.708380942051631;-0.9731903819644286;-0.6209838283181613;-0.49920768260333204;-0.24710536429033883;-0.030729254193150108;-0.48521256726432327;-0.4361122207682917;-0.15220388682955227;-0.40599897147057507;-0.18749999999999997;0.0
Cc1ccccc1S(=O)(=O)N1CCN(Cc2nc3ccccc3o2)CC1;-0.7961175394940629;1.042680153043945;-0.16957679805484424;-0.3851146642402806;-0.4209813327860232;-0.9731903819644286;-0.6209838283181613;-0.49920768260333204;-0.24710536429033883;-0.030729254193150108;-0.48521256726432327;-0.4361122207682917;-0.15220388682955227;-0.40599897147057507;-0.18749999999999997;0.0
Cc1ccccc1S(=O)(=O)N1CCOc2ccc(CN3CCOCC3)cc2C1;-0.7537532630292642;2.0994575979680223;-0.16957679805484424;-0.3851146642402806;-0.4209813327860232;0.16542088170256303;-0.6209838283181613;-0.49920768260333204;-0.24710536429033883;-0.030729254193150108;-0.48521256726432327;-0.4361122207682917;-0.15220388682955227;-0.40599897147057507;-0.18749999999999997;1.0
Cc1ccccc1S(=O)(=O)N1CCc2c(c(C(=O)N3CCCC3)nn2C)C1;0.013038414967022988;-0.0592456234369876;-0.16957679805484424;1.6258289027286723;0.657005475036045;-0.4038847501309328;-0.6209838283181613;-0.49920768260333204;-0.24710536429033883;-0.030729254193150108;-0.48521256726432327;-0.4361122207682917;6.5701344481423405;-0.40599897147057507;-0.18749999999999997;0.0
Cc1ccccc1S(=O)(=O)N1CCc2c(c(C(=O)NCc3ccc(F)cc3)nn2C)C1;0.32796845090752225;0.3624154446472775;-0.16957679805484424;-0.3851146642402806;0.657005475036045;0.16542088170256303;1.6103478937742153;0.364022567901614;-0.24710536429033883;-0.030729254193150108;-0.48521256726432327;-0.4361122207682917;6.5701344481423405;-0.40599897147057507;-0.18749999999999997;0.0
Cc1ccccc1S(=O)(=O)N1CCc2c(c(CN3CCOCC3)nn2C)C1;-0.3805562313282031;-0.3501062097212463;-0.16957679805484424;-0.3851146642402806;0.6818261771323245;-0.4038847501309328;-0.6209838283181613;-0.49920768260333204;-0.24710536429033883;-0.030729254193150108;-0.48521256726432327;-0.4361122207682917;-0.15220388682955227;-0.40599897147057507;-0.18749999999999997;0.0
Cc1ccccc1S(=O)(=O)N1CCn2c(nn(CC3CC3)c2=O)C1;-0.4027485516208639;1.919835747555438;-0.16957679805484424;-0.3851146642402806;-0.49937537543548566;-0.9731903819644286;-0.6209838283181613;-0.49920768260333204;-0.24710536429033883;-0.030729254193150108;-0.48521256726432327;-0.4361122207682917;6.5701344481423405;-0.40599897147057507;-0.18749999999999997;1.0
Cc1ccccc1S(=O)(=O)N1C[C@@H](Oc2ccccc2)C[C@H]1C(=O)NC1CC1;-0.37421556838743975;3.1905152045156555;-0.16957679805484424;1.6258289027286723;-0.4458020348823024;-0.9731903819644286;-0.6209838283181613;-0.49920768260333204;-0.24710536429033883;-0.030729254193150108;-0.48521256726432327;-0.4361122207682917;-0.15220388682955227;-0.40599897147057507;-0.18749999999999997;0.0
Cc1ccccc1S(=O)(=O)NCCc1ncc(C)n1C1CCC1;0.3235763631542528;0.01685283516936643;-0.16957679805484424;-0.3851146642402806;-1.5751643097199564;-0.9731903819644286;-0.6209838283181613;-0.49920768260333204;-0.24710536429033883;-0.030729254193150108;-0.48521256726432327;-0.4361122207682917;-0.15220388682955227;-0.40599897147057507;-0.18749999999999997;1.0
Cc1ccccc1S(=O)(=O)NCCc1noc(-c2cccnc2)n1;-0.14115903193376583;0.9359604470492449;-0.16957679805484424;-0.3851146642402806;-0.40117877074897995;-0.4038847501309328;-0.6209838283181613;-0.49920768260333204;-0.24710536429033883;-0.030729254193150108;-0.48521256726432327;-0.4361122207682917;6.5701344481423405;-0.40599897147057507;-0.18749999999999997;1.0
Cc1ccccc1S(=O)(=O)NCCn1c(C)cnc1-c1ccccc1;0.28144884058294795;2.0911543839614324;-0.16957679805484424;-0.3851146642402806;-1.5751643097199564;-0.4038847501309328;-0.6209838283181613;-0.49920768260333204;-0.24710536429033883;-0.030729254193150108;-0.48521256726432327;-0.4361122207682917;-0.15220388682955227;-0.40599897147057507;-0.18749999999999997;1.0
Cc1ccccc1S(=O)(=O)NCCn1c(C)cnc1C1CC1;0.34751245552430693;0.8584429058095555;-0.16957679805484424;-0.3851146642402806;-1.5751643097199564;-0.9731903819644286;-0.6209838283181613;-0.49920768260333204;-0.24710536429033883;-0.030729254193150108;-0.48521256726432327;-0.4361122207682917;-0.15220388682955227;-0.40599897147057507;-0.18749999999999997;1.0
Cc1ccccc1S(=O)(=O)NCc1nc2cccnc2n1C1CCCCC1;-0.7741508776234364;0.4443071163671157;-0.16957679805484424;-0.3851146642402806;-1.5751643097199564;-0.9731903819644286;-0.6209838283181613;-0.49920768260333204;-0.24710536429033883;-0.030729254193150108;-0.48521256726432327;-0.4361122207682917;-0.15220388682955227;-0.40599897147057507;-0.18749999999999997;1.0
Cc1ccccc1S(=O)(=O)NCc1nc2cccnc2n1CC(C)C;0.7065310585818052;-0.5321370751950245;-0.16957679805484424;-0.3851146642402806;-1.5751643097199564;-0.9731903819644286;-0.6209838283181613;-0.49920768260333204;-0.24710536429033883;-0.030729254193150108;-0.48521256726432327;-0.4361122207682917;-0.15220388682955227;-0.40599897147057507;-0.18749999999999997;1.0
Cc1ccccc1S(=O)(=O)Nc1ccc(N2CCN(C)CC2)cc1C(=O)O;1.0327517250571276;-1.0620517361187878;-0.16957679805484424;-0.3851146642402806;-0.46286595987428214;-0.4038847501309328;-0.6209838283181613;-0.49920768260333204;-0.24710536429033883;-0.030729254193150108;2.060952389667274;5.509597798709383;-0.15220388682955227;-0.40599897147057507;-0.18749999999999997;0.0
Cc1ccccc1S(=O)(=O)Nc1ccc(N2CCN(CCC#N)CC2)c(C(=O)O)c1;0.9091747856527252;-0.7004371536249613;-0.16957679805484424;-0.3851146642402806;0.6913170170596518;-0.4038847501309328;-0.6209838283181613;-0.49920768260333204;-0.24710536429033883;-0.030729254193150108;-0.48521256726432327;-0.4361122207682917;6.5701344481423405;-0.40599897147057507;-0.18749999999999997;0.0
Cc1ccccc1S(=O)(=O)Nc1ccc(Oc2ccc(C(=O)NC3CC3)cn2)cc1;-0.36280237509408025;-0.33095636237819287;-0.16957679805484424;-0.3851146642402806;0.6664963149633719;-0.4038847501309328;-0.6209838283181613;-0.49920768260333204;-0.24710536429033883;-0.030729254193150108;2.060952389667274;1.050315284101127;6.5701344481423405;-0.40599897147057507;-0.18749999999999997;1.0
Cc1ccccc1S(=O)(=O)Nc1cnc(N(C)Cc2ccccc2)c(C(=O)O)c1;0.9475262496058099;-0.7113545817561581;-0.16957679805484424;-0.3851146642402806;-0.46286595987428214;0.16542088170256303;-0.6209838283181613;-0.49920768260333204;-0.24710536429033883;-0.030729254193150108;-0.48521256726432327;-0.4361122207682917;6.5701344481423405;-0.40599897147057507;-0.18749999999999997;0.0
Cc1ccccc1S(=O)(=O)Nc1cnc(N2CCCCCC2)c(C(=O)O)c1;0.6391570787619014;0.6761939333711776;-0.16957679805484424;-0.3851146642402806;-0.46286595987428214;-0.4038847501309328;-0.6209838283181613;-0.49920768260333204;-0.24710536429033883;-0.030729254193150108;-0.48521256726432327;-0.4361122207682917;6.5701344481423405;-0.40599897147057507;-0.18749999999999997;0.0
Cc1ccccc1S(=O)(=O)n1cc2c(=O)n(C(C)C)c(=O)n(C(C)C)c2n1;2.213535663942806;1.1602111167234037;-0.16957679805484424;-0.3851146642402806;1.7057758336866393;-0.4038847501309328;-0.6209838283181613;-0.49920768260333204;-0.24710536429033883;-0.030729254193150108;2.060952389667274;2.536742788970546;6.5701344481423405;-0.40599897147057507;-0.18749999999999997;0.0
Cc1ccccc1S(=O)Cc1ccc(C(=O)N2CCOCC2)o1;-0.2868977339872869;-0.5858010281958229;-0.16957679805484424;-0.3851146642402806;0.5456119417290489;-0.9731903819644286;-0.6209838283181613;-0.49920768260333204;-0.24710536429033883;-0.030729254193150108;2.060952389667274;1.050315284101127;6.5701344481423405;-0.40599897147057507;-0.18749999999999997;1.0
Cc1ccccc1S(=O)Cc1ccc(C(=O)NC2CCN(Cc3ccccc3)CC2)o1;-0.8105804243891909;-0.27860319130722455;-0.16957679805484424;-0.3851146642402806;1.6997949186629822;-0.4038847501309328;-0.6209838283181613;-0.49920768260333204;-0.24710536429033883;-0.030729254193150108;-0.48521256726432327;-0.4361122207682917;6.5701344481423405;-0.40599897147057507;-0.18749999999999997;0.0
Cc1ccccc1S(=O)Cc1ccc(C(=O)NCCc2cccs2)o1;-0.2801873287872654;-0.23640372908316865;-0.16957679805484424;-0.3851146642402806;0.5456119417290489;-0.9731903819644286;-0.6209838283181613;-0.49920768260333204;-0.24710536429033883;-0.030729254193150108;-0.48521256726432327;-0.4361122207682917;6.5701344481423405;-0.40599897147057507;-0.18749999999999997;1.0
Cc1ccccc1Sc1nccnc1SCC(=O)NC1CC1;-0.7737584392132657;-0.889529831762675;-0.16957679805484424;-0.3851146642402806;-0.4458020348823024;-0.9731903819644286;-0.6209838283181613;-0.49920768260333204;-0.24710536429033883;-0.030729254193150108;-0.48521256726432327;-0.4361122207682917;6.5701344481423405;-0.40599897147057507;-0.18749999999999997;0.0
Cc1ccccc1Sc1nccnc1SCC(=O)NCCN1CCCCC1;-0.6680657039861707;-1.5650433280989315;-0.16957679805484424;-0.3851146642402806;-0.4458020348823024;-0.9731903819644286;-0.6209838283181613;-0.49920768260333204;-0.24710536429033883;-0.030729254193150108;-0.48521256726432327;-0.4361122207682917;6.5701344481423405;-0.40599897147057507;-0.18749999999999997;0.0
Cc1ccccc1Sc1nccnc1SCC(=O)NCc1ccccc1;-0.6859521668707549;-1.3422687219341753;-0.16957679805484424;-0.3851146642402806;-0.4458020348823024;-0.4038847501309328;-0.6209838283181613;-0.49920768260333204;-0.24710536429033883;-0.030729254193150108;-0.48521256726432327;-0.4361122207682917;6.5701344481423405;-0.40599897147057507;-0.18749999999999997;0.0
Cc1ccccc1[C@H]1C[C@@H](c2ccccc2)Nc2ncnn21;-2.025224774323838;-0.20609517502195107;-0.16957679805484424;-0.3851146642402806;-1.5751643097199564;0.16542088170256303;-0.6209838283181613;-0.49920768260333204;-0.24710536429033883;-0.030729254193150108;-0.48521256726432327;-0.4361122207682917;-0.15220388682955227;-0.40599897147057507;-0.18749999999999997;1.0
Cc1ccccc1[C@H]1C[C@@H](c2ccccc2Cl)Nc2nc(N)nn21;-0.9877862280481674;-0.6461440009758115;-0.16957679805484424;-0.3851146642402806;-1.5751643097199564;0.16542088170256303;-0.6209838283181613;-0.49920768260333204;4.046856703705712;-0.030729254193150108;-0.48521256726432327;-0.4361122207682917;-0.15220388682955227;-0.40599897147057507;-0.18749999999999997;1.0
Cc1ccccc1[C@H]1c2sc(=O)[nH]c2SC2C3CC(C4C(=O)N(CC(=O)O)C(=O)C34)C21;-0.8728140210023766;1.1113461435792777;-0.16957679805484424;1.6258289027286723;4.096467766564593;-0.4038847501309328;-0.6209838283181613;-0.49920768260333204;-0.24710536429033883;-0.030729254193150108;-0.48521256726432327;-0.4361122207682917;6.5701344481423405;-0.40599897147057507;-0.18749999999999997;0.0
Cc1cccn(C(=O)c2ccc3c(c2)OCO3)/c1=N/C(=O)c1ccc2c(c1)OCO2;-1.3943393136513027;-0.5297665570342003;-0.16957679805484424;3.636772469697625;1.7593491742398217;0.16542088170256303;-0.6209838283181613;-0.49920768260333204;-0.24710536429033883;-0.030729254193150108;2.060952389667274;4.023170293839964;-0.15220388682955227;-0.40599897147057507;-0.18749999999999997;0.0
Cc1cccn2c(=O)c(-c3nn[n-]n3)cnc12;-0.9416233716327959;0.17204261945959928;-0.16957679805484424;-0.3851146642402806;3.0468352585548963;-0.4038847501309328;-0.6209838283181613;-0.49920768260333204;-0.24710536429033883;-0.030729254193150108;-0.48521256726432327;-0.4361122207682917;-0.15220388682955227;-0.40599897147057507;-0.18749999999999997;1.0
Cc1cccn2c(=O)c(/C=C(\C#N)C(=O)NC3CCCCC3)c(Oc3ccc(C(C)(C)C)cc3)nc12;0.5494163634213827;-1.3596849921651553;-0.16957679805484424;-0.3851146642402806;1.720152152915091;0.16542088170256303;-0.6209838283181613;-0.49920768260333204;-0.24710536429033883;-0.030729254193150108;2.060952389667274;2.536742788970546;-0.15220388682955227;-0.40599897147057507;-0.18749999999999997;0.0
Cc1cccn2c(=O)c(/C=C(\C#N)S(=O)(=O)c3ccccc3)c(N3CC(C)OC(C)C3)nc12;0.6178194572766832;0.9164617982387262;-0.16957679805484424;-0.3851146642402806;0.5907898780774372;-0.4038847501309328;-0.6209838283181613;-0.49920768260333204;-0.24710536429033883;-0.030729254193150108;2.060952389667274;2.536742788970546;-0.15220388682955227;-0.40599897147057507;-0.18749999999999997;0.0
Cc1cccn2c(=O)c(/C=C3\SC(=S)N(C(C)C)C3=O)c(N3CCCC3)nc12;0.26293665002890265;-1.0747461397499725;-0.16957679805484424;3.636772469697625;2.874335129849025;-0.4038847501309328;-0.6209838283181613;-0.49920768260333204;-0.24710536429033883;-0.030729254193150108;2.060952389667274;1.050315284101127;-0.15220388682955227;-0.40599897147057507;-0.18749999999999997;0.0
Cc1cccn2c(=O)c(/C=N/O)c(N3CCOCC3)nc12;-0.2948863116063802;-0.49611563927837776;-0.16957679805484424;-0.3851146642402806;0.5907898780774372;-0.4038847501309328;-0.6209838283181613;-0.49920768260333204;-0.24710536429033883;-0.030729254193150108;-0.48521256726432327;-0.4361122207682917;-0.15220388682955227;-0.40599897147057507;-0.18749999999999997;1.0
Cc1cccn2c(=O)c(C(=O)N3CCN(c4ncccn4)CC3)cnc12;-0.9274194158126922;-0.2007299190069143;-0.16957679805484424;-0.3851146642402806;1.720152152915091;-0.4038847501309328;-0.6209838283181613;-0.49920768260333204;-0.24710536429033883;-0.030729254193150108;-0.48521256726432327;-0.4361122207682917;-0.15220388682955227;-0.40599897147057507;-0.18749999999999997;0.0
Cc1cccn2c(=O)c(C(=O)NC(C)C)c(O)nc12;2.2631470035060235;-0.09769840680612685;-0.16957679805484424;-0.3851146642402806;1.720152152915091;-0.4038847501309328;-0.6209838283181613;-0.49920768260333204;-0.24710536429033883;-0.030729254193150108;-0.48521256726432327;-0.4361122207682917;-0.15220388682955227;-0.40599897147057507;-0.18749999999999997;0.0
Cc1cccn2c(=O)c(C(=O)NC3CCCCC3)c(O)nc12;0.19233751078410677;0.24826376707313502;-0.16957679805484424;-0.3851146642402806;1.720152152915091;-0.4038847501309328;-0.6209838283181613;-0.49920768260333204;-0.24710536429033883;-0.030729254193150108;-0.48521256726432327;-0.4361122207682917;-0.15220388682955227;-0.40599897147057507;-0.18749999999999997;0.0
Cc1cccn2c(=O)c(C(=O)NC3CCCc4ccccc43)cnc12;-0.956395485685722;0.08300304711116595;-0.16957679805484424;-0.3851146642402806;1.720152152915091;0.7347265135360589;-0.6209838283181613;-0.49920768260333204;-0.24710536429033883;-0.030729254193150108;-0.48521256726432327;-0.4361122207682917;-0.15220388682955227;-0.40599897147057507;-0.18749999999999997;0.0
Cc1cccn2c(=O)c(C(=O)NCCC(C)C)c(O)nc12;2.0282741775543234;-0.8489136624685283;-0.16957679805484424;-0.3851146642402806;1.720152152915091;-0.4038847501309328;-0.6209838283181613;-0.49920768260333204;-0.24710536429033883;-0.030729254193150108;-0.48521256726432327;-0.4361122207682917;-0.15220388682955227;-0.40599897147057507;-0.18749999999999997;0.0
Cc1cccn2c(=O)c(C(=O)NCCN3CCOCC3)c(O)nc12;0.15939124580318756;-0.5047874990461468;-0.16957679805484424;-0.3851146642402806;2.874335129849025;-0.4038847501309328;-0.6209838283181613;-0.49920768260333204;-0.24710536429033883;-0.030729254193150108;-0.48521256726432327;-0.4361122207682917;-0.15220388682955227;-0.40599897147057507;-0.18749999999999997;0.0
Cc1cccn2c(=O)c(C(=O)NCc3ccc(Cl)cc3)c(O)nc12;0.602185222885316;0.406081905616704;-0.16957679805484424;-0.3851146642402806;1.720152152915091;0.16542088170256303;-0.6209838283181613;-0.49920768260333204;4.046856703705712;-0.030729254193150108;-0.48521256726432327;-0.4361122207682917;-0.15220388682955227;-0.40599897147057507;-0.18749999999999997;0.0
Cc1cccn2c(=O)c(C(=O)NCc3ccc(F)cc3)c(O)nc12;0.602185222885316;0.2986780680891992;-0.16957679805484424;-0.3851146642402806;1.720152152915091;0.16542088170256303;1.6103478937742153;0.364022567901614;-0.24710536429033883;-0.030729254193150108;-0.48521256726432327;-0.4361122207682917;-0.15220388682955227;-0.40599897147057507;-0.18749999999999997;0.0
Cc1cccn2c(=O)c(C(=O)NCc3cccc(Cl)c3)cnc12;0.17514815514189058;0.89803280263642;-0.16957679805484424;-0.3851146642402806;1.720152152915091;0.16542088170256303;-0.6209838283181613;-0.49920768260333204;-0.24710536429033883;-0.030729254193150108;-0.48521256726432327;-0.4361122207682917;-0.15220388682955227;-0.40599897147057507;-0.18749999999999997;0.0
Cc1cccn2c(=O)c(C(=O)NCc3ccccc3)c(O)nc12;0.17514815514189058;0.30672466983262014;-0.16957679805484424;-0.3851146642402806;1.720152152915091;0.16542088170256303;-0.6209838283181613;-0.49920768260333204;-0.24710536429033883;-0.030729254193150108;-0.48521256726432327;-0.4361122207682917;-0.15220388682955227;-0.40599897147057507;-0.18749999999999997;0.0
Cc1cccn2c(=O)c(C(=O)NCc3ccccc3)cnc12;-0.29071046421457947;0.39529356617234374;-0.16957679805484424;-0.3851146642402806;1.720152152915091;0.16542088170256303;-0.6209838283181613;-0.49920768260333204;-0.24710536429033883;-0.030729254193150108;-0.48521256726432327;-0.4361122207682917;-0.15220388682955227;-0.40599897147057507;-0.18749999999999997;0.0
Cc1cccn2c(=O)c(C=C(C#N)C#N)c(N3CCN(c4ccccc4)CC3)nc12;-0.47659733457022607;-0.11717774037119393;-0.16957679805484424;-0.3851146642402806;0.5907898780774372;-0.4038847501309328;-0.6209838283181613;-0.49920768260333204;-0.24710536429033883;-0.030729254193150108;-0.48521256726432327;-0.4361122207682917;-0.15220388682955227;-0.40599897147057507;-0.18749999999999997;1.0
Cc1cccn2c(=O)c(C=O)c(N3CCC(C)CC3)nc12;0.21116394791605234;-0.6894529129782705;-0.16957679805484424;-0.3851146642402806;1.720152152915091;-0.4038847501309328;-0.6209838283181613;-0.49920768260333204;-0.24710536429033883;-0.030729254193150108;-0.48521256726432327;-0.4361122207682917;-0.15220388682955227;-0.40599897147057507;-0.18749999999999997;0.0
Cc1cccn2c(=O)c(C=O)c(N3CCC(Cc4ccccc4)CC3)nc12;-0.9005897214858158;0.5197539738471793;-0.16957679805484424;-0.3851146642402806;1.720152152915091;0.16542088170256303;-0.6209838283181613;-0.49920768260333204;-0.24710536429033883;-0.030729254193150108;-0.48521256726432327;-0.4361122207682917;-0.15220388682955227;-0.40599897147057507;-0.18749999999999997;0.0
Cc1cccn2c(=O)c3cc(C#N)c(=N)n(Cc4ccco4)c3nc12;-0.5313132676868793;-0.22411506243928528;-0.16957679805484424;-0.3851146642402806;1.8649568317875673;0.16542088170256303;-0.6209838283181613;-0.49920768260333204;-0.24710536429033883;-0.030729254193150108;-0.48521256726432327;-0.4361122207682917;-0.15220388682955227;-0.40599897147057507;-0.18749999999999997;1.0
Cc1cccn2c(=O)c3cc(C#N)c(=O)n(-c4nnc(SCc5ccccc5)s4)c3nc12;-0.987786228048189;-1.121048066193944;-0.16957679805484424;-0.3851146642402806;1.720152152915091;0.7347265135360589;-0.6209838283181613;-0.49920768260333204;-0.24710536429033883;-0.030729254193150108;2.060952389667274;1.050315284101127;6.5701344481423405;-0.40599897147057507;-0.18749999999999997;0.0
Cc1cccn2c(=O)c3cc(C#N)c(=O)n(-c4nnc(SCc5ccccc5F)s4)c3nc12;-0.641973379289625;-1.114218356940065;-0.16957679805484424;-0.3851146642402806;1.720152152915091;0.7347265135360589;1.6103478937742153;0.364022567901614;-0.24710536429033883;-0.030729254193150108;2.060952389667274;1.050315284101127;6.5701344481423405;-0.40599897147057507;-0.18749999999999997;0.0
Cc1cccn2c(=O)c3cc(C#N)c(=O)n(C)c3nc12;0.7632258012597524;1.3668335581997326;-0.16957679805484424;-0.3851146642402806;2.795941087199562;0.16542088170256303;-0.6209838283181613;-0.49920768260333204;-0.24710536429033883;-0.030729254193150108;2.060952389667274;1.050315284101127;-0.15220388682955227;-0.40599897147057507;-0.18749999999999997;0.0
Cc1cccn2c(=O)c3cc(C(=O)N(C)C)n(C)c3nc12;1.2232644669609174;0.6929567912508211;-0.16957679805484424;-0.3851146642402806;1.720152152915091;-0.4038847501309328;-0.6209838283181613;-0.49920768260333204;-0.24710536429033883;-0.030729254193150108;2.060952389667274;1.050315284101127;-0.15220388682955227;-0.40599897147057507;-0.18749999999999997;0.0
Cc1cccn2c(=O)c3cc(C(=O)N(C)C4CCCCC4)sc3nc12;-0.5313132676868793;-0.9144689198229361;-0.16957679805484424;-0.3851146642402806;1.720152152915091;-0.4038847501309328;-0.6209838283181613;-0.49920768260333204;-0.24710536429033883;-0.030729254193150108;2.060952389667274;1.050315284101127;-0.15220388682955227;-0.40599897147057507;-0.18749999999999997;0.0
Cc1cccn2c(=O)c3cc(C(=O)N4CC(C)OC(C)C4)n(C)c3nc12;0.29877928995321257;-0.2587366160095723;-0.16957679805484424;-0.3851146642402806;1.720152152915091;-0.4038847501309328;-0.6209838283181613;-0.49920768260333204;-0.24710536429033883;-0.030729254193150108;2.060952389667274;1.050315284101127;-0.15220388682955227;-0.40599897147057507;-0.18749999999999997;0.0
Cc1cccn2c(=O)c3cc(C(=O)N4CCC(C)CC4)n(C)c3nc12;-0.10623104968803655;0.8866367684175406;-0.16957679805484424;-0.3851146642402806;1.720152152915091;-0.4038847501309328;-0.6209838283181613;-0.49920768260333204;-0.24710536429033883;-0.030729254193150108;2.060952389667274;1.050315284101127;-0.15220388682955227;-0.40599897147057507;-0.18749999999999997;1.0
Cc1cccn2c(=O)c3cc(C(=O)N4CCC(C)CC4)sc3nc12;-0.544992250966039;-1.09515168675534;-0.16957679805484424;-0.3851146642402806;1.720152152915091;-0.4038847501309328;-0.6209838283181613;-0.49920768260333204;-0.24710536429033883;-0.030729254193150108;2.060952389667274;1.050315284101127;-0.15220388682955227;-0.40599897147057507;-0.18749999999999997;0.0
Cc1cccn2c(=O)c3cc(C(=O)N4CCCC4)sc3nc12;-1.0591288243264656;-0.05542366718575531;-0.16957679805484424;1.6258289027286723;1.720152152915091;-0.4038847501309328;-0.6209838283181613;-0.49920768260333204;-0.24710536429033883;-0.030729254193150108;2.060952389667274;1.050315284101127;-0.15220388682955227;-0.40599897147057507;-0.18749999999999997;0.0
Cc1cccn2c(=O)c3cc(C(=O)N4CCCCCC4)sc3nc12;-0.9877862280481674;-0.28655743464308847;-0.16957679805484424;-0.3851146642402806;1.720152152915091;-0.4038847501309328;-0.6209838283181613;-0.49920768260333204;-0.24710536429033883;-0.030729254193150108;2.060952389667274;1.050315284101127;-0.15220388682955227;-0.40599897147057507;-0.18749999999999997;0.0
Cc1cccn2c(=O)c3cc(C(=O)N4CCCc5ccccc54)n(C)c3nc12;-1.0998960221997789;0.4967337818344981;-0.16957679805484424;-0.3851146642402806;1.720152152915091;0.16542088170256303;-0.6209838283181613;-0.49920768260333204;-0.24710536429033883;-0.030729254193150108;2.060952389667274;1.050315284101127;-0.15220388682955227;-0.40599897147057507;-0.18749999999999997;0.0
Cc1cccn2c(=O)c3cc(C(=O)N4CCOCC4)sc3nc12;-1.0219066001812638;-0.12593285451005543;-0.16957679805484424;-0.3851146642402806;1.720152152915091;-0.4038847501309328;-0.6209838283181613;-0.49920768260333204;-0.24710536429033883;-0.030729254193150108;2.060952389667274;1.050315284101127;6.5701344481423405;-0.40599897147057507;-0.18749999999999997;1.0
Cc1cccn2c(=O)c3cc(C(=O)NC(C)(C)C)n(C)c3nc12;1.7097140305417853;1.5335810309694335;-0.16957679805484424;-0.3851146642402806;1.720152152915091;-0.4038847501309328;-0.6209838283181613;-0.49920768260333204;-0.24710536429033883;-0.030729254193150108;2.060952389667274;1.050315284101127;-0.15220388682955227;-0.40599897147057507;-0.18749999999999997;0.0
Cc1cccn2c(=O)c3cc(C(=O)NC4CC(C)CC(C)(C)C4)n(C)c3nc12;0.7643975155380406;0.4899187417875822;-0.16957679805484424;-0.3851146642402806;1.720152152915091;-0.4038847501309328;-0.6209838283181613;-0.49920768260333204;-0.24710536429033883;-0.030729254193150108;2.060952389667274;1.050315284101127;-0.15220388682955227;-0.40599897147057507;-0.18749999999999997;0.0
Cc1cccn2c(=O)c3cc(C(=O)NC4CCCC4)c(=N)n(C4CCCCC4)c3nc12;-1.0131013428566134;-1.5171641916512468;-0.16957679805484424;-0.3851146642402806;2.9943191066252224;0.16542088170256303;-0.6209838283181613;-0.49920768260333204;-0.24710536429033883;-0.030729254193150108;2.060952389667274;1.050315284101127;-0.15220388682955227;-0.40599897147057507;-0.18749999999999997;0.0
Cc1cccn2c(=O)c3cc(C(=O)NC4CCCC4)c(=N)n(CC4CCCO4)c3nc12;-1.0131013428566134;-1.6825156510519466;-0.16957679805484424;1.6258289027286723;2.9943191066252224;0.16542088170256303;-0.6209838283181613;-0.49920768260333204;-0.24710536429033883;-0.030729254193150108;2.060952389667274;1.050315284101127;-0.15220388682955227;-0.40599897147057507;-0.18749999999999997;0.0
Cc1cccn2c(=O)c3cc(C(=O)NC4CCCC4)n(C)c3nc12;-0.544992250966039;0.06091758526875146;-0.16957679805484424;-0.3851146642402806;1.720152152915091;-0.4038847501309328;-0.6209838283181613;-0.49920768260333204;-0.24710536429033883;-0.030729254193150108;2.060952389667274;1.050315284101127;-0.15220388682955227;-0.40599897147057507;-0.18749999999999997;1.0
Cc1cccn2c(=O)c3cc(C(=O)NC4CCCCC4)c(=N)n(C(C)C)c3nc12;0.24686925971802332;-2.6143999950092165;-0.16957679805484424;-0.3851146642402806;2.9943191066252224;0.16542088170256303;-0.6209838283181613;-0.49920768260333204;-0.24710536429033883;-0.030729254193150108;2.060952389667274;1.050315284101127;-0.15220388682955227;-0.40599897147057507;-0.18749999999999997;1.0
Cc1cccn2c(=O)c3cc(C(=O)NC4CCCCC4)n(C)c3nc12;-0.5313132676868793;0.06939269447708614;-0.16957679805484424;-0.3851146642402806;1.720152152915091;-0.4038847501309328;-0.6209838283181613;-0.49920768260333204;-0.24710536429033883;-0.030729254193150108;2.060952389667274;1.050315284101127;-0.15220388682955227;-0.40599897147057507;-0.18749999999999997;1.0
Cc1cccn2c(=O)c3cc(C(=O)NC4CCCCC4C)n(C)c3nc12;-0.10995361196875324;-0.7130094485777517;-0.16957679805484424;-0.3851146642402806;1.720152152915091;-0.4038847501309328;-0.6209838283181613;-0.49920768260333204;-0.24710536429033883;-0.030729254193150108;2.060952389667274;1.050315284101127;-0.15220388682955227;-0.40599897147057507;-0.18749999999999997;0.0
Cc1cccn2c(=O)c3cc(C(=O)NC4CCCCCC4)n(C)c3nc12;-0.5186865138907191;0.09855848181960962;-0.16957679805484424;-0.3851146642402806;1.720152152915091;-0.4038847501309328;-0.6209838283181613;-0.49920768260333204;-0.24710536429033883;-0.030729254193150108;2.060952389667274;1.050315284101127;-0.15220388682955227;-0.40599897147057507;-0.18749999999999997;1.0
Cc1cccn2c(=O)c3cc(C(=O)NCCCN4CCOCC4)n(C)c3nc12;-0.4961387392547316;0.15254922657131903;-0.16957679805484424;-0.3851146642402806;2.874335129849025;-0.4038847501309328;-0.6209838283181613;-0.49920768260333204;-0.24710536429033883;-0.030729254193150108;2.060952389667274;1.050315284101127;-0.15220388682955227;-0.40599897147057507;-0.18749999999999997;0.0
Cc1cccn2c(=O)c3cc(C(=O)NCCN4CCOCC4)c(=N)n(CCc4ccccc4)c3nc12;-0.9005897214858231;-1.3015684041856699;-0.16957679805484424;-0.3851146642402806;4.148502083559156;0.7347265135360589;-0.6209838283181613;-0.49920768260333204;-0.24710536429033883;-0.030729254193150108;2.060952389667274;1.050315284101127;-0.15220388682955227;-0.40599897147057507;-0.18749999999999997;0.0
Cc1cccn2c(=O)c3cc(C(=O)NCCN4CCOCC4)n(C)c3nc12;-0.5069950751905825;0.7552312481541947;-0.16957679805484424;-0.3851146642402806;2.874335129849025;-0.4038847501309328;-0.6209838283181613;-0.49920768260333204;-0.24710536429033883;-0.030729254193150108;2.060952389667274;1.050315284101127;-0.15220388682955227;-0.40599897147057507;-0.18749999999999997;1.0
Cc1cccn2c(=O)c3cc(C(=O)NCc4ccc(F)cc4)c(=N)n(CCCOC(C)C)c3nc12;0.4733759419392027;-0.15797580642023504;-0.16957679805484424;-0.3851146642402806;2.9943191066252224;0.7347265135360589;1.6103478937742153;0.364022567901614;-0.24710536429033883;-0.030729254193150108;2.060952389667274;1.050315284101127;-0.15220388682955227;-0.40599897147057507;-0.18749999999999997;1.0
Cc1cccn2c(=O)c3cc(C(=O)Nc4cccc(F)c4)sc3nc12;-0.5313132676868793;-0.566145594111055;-0.16957679805484424;-0.3851146642402806;1.720152152915091;-0.4038847501309328;-0.6209838283181613;-0.49920768260333204;-0.24710536429033883;-0.030729254193150108;2.060952389667274;1.050315284101127;-0.15220388682955227;2.463060426921489;-0.18749999999999997;0.0
Cc1cccn2c(=O)c3cc(C(=O)Nc4cccc([N+](=O)[O-])c4)sc3nc12;-0.11340042889535644;-1.0995886738331953;-0.16957679805484424;-0.3851146642402806;4.10259889384207;-0.4038847501309328;-0.6209838283181613;-0.49920768260333204;-0.24710536429033883;-0.030729254193150108;2.060952389667274;1.050315284101127;-0.15220388682955227;-0.40599897147057507;-0.18749999999999997;1.0
Cc1cccn2c(=O)c3cc(C(=O)Nc4ccccc4F)n(C)c3nc12;-0.10995361196875324;0.5987914460973695;-0.16957679805484424;-0.3851146642402806;1.720152152915091;-0.4038847501309328;1.6103478937742153;0.364022567901614;-0.24710536429033883;-0.030729254193150108;2.060952389667274;1.050315284101127;-0.15220388682955227;-0.40599897147057507;-0.18749999999999997;0.0
Cc1cccn2c(=O)c3cc(C(N)=S)c(=N)n(CCCN4CCOCC4)c3nc12;-0.11958092821202199;-0.9501029012331116;-0.16957679805484424;-0.3851146642402806;3.0191398087215005;0.16542088170256303;-0.6209838283181613;-0.49920768260333204;-0.24710536429033883;-0.030729254193150108;-0.48521256726432327;-0.4361122207682917;6.5701344481423405;-0.40599897147057507;-0.18749999999999997;0.0
Cc1cccn2c(=O)cc(CN(Cc3ccc(C(C)C)cc3)CC(C)C)nc12;0.8666939329739716;-0.5387307890375574;-0.16957679805484424;-0.3851146642402806;1.7449728550113701;0.16542088170256303;-0.6209838283181613;-0.49920768260333204;-0.24710536429033883;-0.030729254193150108;-0.48521256726432327;-0.4361122207682917;-0.15220388682955227;-0.40599897147057507;-0.18749999999999997;0.0
Cc1cccn2c(=O)cc(COc3ccc(NC(=O)C(C)C)cc3)nc12;0.5402465388951354;0.7160224711143606;-0.16957679805484424;-0.3851146642402806;1.720152152915091;-0.9731903819644286;-0.6209838283181613;-0.49920768260333204;-0.24710536429033883;-0.030729254193150108;-0.48521256726432327;-0.4361122207682917;-0.15220388682955227;-0.40599897147057507;-0.18749999999999997;0.0
Cc1cccn2c(=O)cc(COc3ccc(NC(=O)CCC4CCCC4)cc3)nc12;-0.8308325162359331;0.294163681969099;-0.16957679805484424;-0.3851146642402806;1.720152152915091;-0.9731903819644286;-0.6209838283181613;-0.49920768260333204;-0.24710536429033883;-0.030729254193150108;-0.48521256726432327;-0.4361122207682917;-0.15220388682955227;-0.40599897147057507;-0.18749999999999997;0.0
Cc1cccn2c(=O)cc(COc3ccc(NC(=O)CN4C(=O)c5ccccc5C4=O)cc3)nc12;-0.6168901958437569;0.7520044259449131;-0.16957679805484424;1.6258289027286723;5.133059679524332;0.16542088170256303;-0.6209838283181613;-0.49920768260333204;-0.24710536429033883;-0.030729254193150108;-0.48521256726432327;-0.4361122207682917;-0.15220388682955227;-0.40599897147057507;-0.18749999999999997;0.0
Cc1cccn2c(=O)cc(COc3cccc(NC(=O)C4CCCCC4)c3)nc12;-0.8524813040721054;0.129653646722384;-0.16957679805484424;-0.3851146642402806;1.720152152915091;-0.9731903819644286;-0.6209838283181613;-0.49920768260333204;-0.24710536429033883;-0.030729254193150108;2.060952389667274;1.050315284101127;-0.15220388682955227;-0.40599897147057507;-0.18749999999999997;0.0
Cc1cccn2c(=O)cc(COc3ccccc3NC(=O)CC(C)C)nc12;0.5127182348995148;0.3107752198076429;-0.16957679805484424;-0.3851146642402806;1.720152152915091;-0.9731903819644286;-0.6209838283181613;-0.49920768260333204;-0.24710536429033883;-0.030729254193150108;-0.48521256726432327;-0.4361122207682917;-0.15220388682955227;-0.40599897147057507;-0.18749999999999997;0.0
Cc1cccn2c(=O)cc(CSCC(=O)Nc3nnc(C(C)C)s3)nc12;0.5402465388951354;-0.42633914862560823;-0.16957679805484424;-0.3851146642402806;2.9725317345355298;-0.9731903819644286;-0.6209838283181613;-0.49920768260333204;-0.24710536429033883;-0.030729254193150108;-0.48521256726432327;-0.4361122207682917;-0.15220388682955227;-0.40599897147057507;-0.18749999999999997;0.0
Cc1cccn2c(=O)cc(O)nc12;0.9489794408171084;0.13972840812922244;-0.16957679805484424;-0.3851146642402806;0.5907898780774372;-0.9731903819644286;-0.6209838283181613;-0.49920768260333204;-0.24710536429033883;-0.030729254193150108;-0.48521256726432327;-0.4361122207682917;-0.15220388682955227;-0.40599897147057507;-0.18749999999999997;0.0
Cc1cccn2c(Nc3ccc4c(c3)OCCO4)c(-c3ccsc3)nc12;-2.3950853705205124;-2.015288432649775;-0.16957679805484424;-0.3851146642402806;-0.5385723967602168;-0.4038847501309328;-0.6209838283181613;-0.49920768260333204;-0.24710536429033883;-0.030729254193150108;-0.48521256726432327;-0.4361122207682917;-0.15220388682955227;-0.40599897147057507;-0.18749999999999997;1.0
Cc1cccn2c(Nc3ccccc3)c(-c3ccccn3)nc12;-1.9459983784396186;-1.754453456657254;-0.16957679805484424;-0.3851146642402806;0.6354131422107596;-0.9731903819644286;-0.6209838283181613;-0.49920768260333204;-0.24710536429033883;-0.030729254193150108;-0.48521256726432327;-0.4361122207682917;-0.15220388682955227;-0.40599897147057507;-0.18749999999999997;1.0
Cc1cccn2c3c(c(=O)nc12)C(c1ccc(F)cc1)CC(=O)N3;-0.544992250966039;0.11315758664083592;-0.16957679805484424;-0.3851146642402806;1.720152152915091;0.16542088170256303;-0.6209838283181613;-0.49920768260333204;-0.24710536429033883;-0.030729254193150108;2.060952389667274;1.050315284101127;-0.15220388682955227;-0.40599897147057507;-0.18749999999999997;1.0
Cc1cccn2c3c(c(=O)nc12)C(c1ccsc1)CC(=O)N3;-1.0591288243264656;0.16957819586025327;-0.16957679805484424;-0.3851146642402806;1.720152152915091;0.16542088170256303;-0.6209838283181613;-0.49920768260333204;-0.24710536429033883;-0.030729254193150108;2.060952389667274;1.050315284101127;6.5701344481423405;-0.40599897147057507;-0.18749999999999997;0.0
Cc1cccn2cc(-c3cccc(NC(=O)C4CCCCC4C(=O)O)c3)nc12;-0.49613873925473884;-0.6531137727879217;-0.16957679805484424;-0.3851146642402806;0.6835602399553516;-0.4038847501309328;-0.6209838283181613;-0.49920768260333204;-0.24710536429033883;-0.030729254193150108;-0.48521256726432327;-0.4361122207682917;-0.15220388682955227;-0.40599897147057507;-0.18749999999999997;0.0
Cc1cccn2cc(-c3cccc(NC(=O)CCC(=O)O)c3)nc12;0.15939124580318756;-0.38398206283994984;-0.16957679805484424;-0.3851146642402806;0.6835602399553516;-0.4038847501309328;-0.6209838283181613;-0.49920768260333204;-0.24710536429033883;-0.030729254193150108;-0.48521256726432327;-0.4361122207682917;-0.15220388682955227;-0.40599897147057507;-0.18749999999999997;0.0
Cc1cccn2cc(CNC(=O)C(C)(C)C)nc12;1.9994224483285956;0.5068846152655546;-0.16957679805484424;-0.3851146642402806;-0.4458020348823024;-0.9731903819644286;-0.6209838283181613;-0.49920768260333204;-0.24710536429033883;-0.030729254193150108;-0.48521256726432327;-0.4361122207682917;-0.15220388682955227;-0.40599897147057507;-0.18749999999999997;0.0
Cc1cccn2cc(CNC(=O)c3ccccc3C(F)(F)F)nc12;0.7444289222304911;0.17402260845770665;-0.16957679805484424;-0.3851146642402806;-0.4458020348823024;0.16542088170256303;-0.6209838283181613;-0.49920768260333204;-0.24710536429033883;-0.030729254193150108;-0.48521256726432327;-0.4361122207682917;-0.15220388682955227;-0.40599897147057507;-0.18749999999999997;0.0
Cc1cccn2cc(CNc3ccc(F)cc3)nc12;-0.8638754029332277;0.3152533658420408;-0.16957679805484424;-0.3851146642402806;-1.5751643097199564;-0.9731903819644286;-0.6209838283181613;-0.49920768260333204;-0.24710536429033883;-0.030729254193150108;-0.48521256726432327;-0.4361122207682917;-0.15220388682955227;-0.40599897147057507;-0.18749999999999997;1.0
Cc1cccnc1-n1c(C)c(C)c2c1ncn1nc(-c3ccc(Cl)cc3)nc21;-1.0998960221997933;1.8285556753918724;-0.16957679805484424;-0.3851146642402806;-0.49937537543548566;0.7347265135360589;-0.6209838283181613;-0.49920768260333204;4.046856703705712;-0.030729254193150108;-0.48521256726432327;-0.4361122207682917;-0.15220388682955227;-0.40599897147057507;-0.18749999999999997;1.0
Cc1cccnc1-n1c(C)c(C)c2c1ncn1nc(-c3cccnc3)nc21;-1.5267083852806727;1.0785043353469776;-0.16957679805484424;-0.3851146642402806;0.6746101635354912;0.7347265135360589;-0.6209838283181613;-0.49920768260333204;-0.24710536429033883;-0.030729254193150108;-0.48521256726432327;-0.4361122207682917;-0.15220388682955227;-0.40599897147057507;-0.18749999999999997;1.0
Cc1cccnc1-n1c(C)c(C)c2c1ncn1nc(-c3ccco3)nc21;-1.577619566676588;1.5405274540756333;-0.16957679805484424;-0.3851146642402806;-0.49937537543548566;0.16542088170256303;-0.6209838283181613;-0.49920768260333204;-0.24710536429033883;-0.030729254193150108;-0.48521256726432327;-0.4361122207682917;-0.15220388682955227;-0.40599897147057507;-0.18749999999999997;1.0
Cc1cccnc1C(=O)N(C)CCN(C1CCOCC1)C1CCN(S(C)(=O)=O)C1;0.9475262496058171;0.7795435017949052;-0.16957679805484424;1.6258289027286723;1.8823664810226073;-0.9731903819644286;-0.6209838283181613;-0.49920768260333204;-0.24710536429033883;-0.030729254193150108;-0.48521256726432327;-0.4361122207682917;-0.15220388682955227;-0.40599897147057507;-0.18749999999999997;0.0
Cc1cccnc1C(=O)N1CC(C(=O)N(C)C)C2(CCN(c3ccc(C#N)c(C(F)(F)F)c3)CC2)C1;1.2346374657610064;0.7983453455005872;-0.16957679805484424;1.6258289027286723;1.8575457789263279;0.16542088170256303;-0.6209838283181613;-0.49920768260333204;-0.24710536429033883;-0.030729254193150108;2.060952389667274;1.050315284101127;-0.15220388682955227;-0.40599897147057507;-0.18749999999999997;0.0
Cc1cccnc1C(=O)N1CC(F)(F)C[C@H]1c1nncn1Cc1ccc(F)cc1;-0.0018620046160103172;1.0249974155018353;-0.16957679805484424;1.6258289027286723;0.728183504088674;-0.4038847501309328;1.6103478937742153;3.8169435699213987;-0.24710536429033883;-0.030729254193150108;-0.48521256726432327;-0.4361122207682917;-0.15220388682955227;-0.40599897147057507;-0.18749999999999997;0.0
Cc1cccnc1C(=O)N1CC(N2CC(F)(F)C[C@H]2CO)C1;0.8305604305229932;0.7661710305305502;-0.16957679805484424;1.6258289027286723;1.8823664810226073;-0.9731903819644286;1.6103478937742153;1.22725281840656;-0.24710536429033883;-0.030729254193150108;-0.48521256726432327;-0.4361122207682917;-0.15220388682955227;-0.40599897147057507;-0.18749999999999997;0.0
Cc1cccnc1C(=O)N1CC(c2nncn2C2CC2)C2(CCC2)C1;-1.9211319092116435;-0.27248180073532835;-0.16957679805484424;1.6258289027286723;0.728183504088674;-0.9731903819644286;-0.6209838283181613;-0.49920768260333204;-0.24710536429033883;-0.030729254193150108;-0.48521256726432327;-0.4361122207682917;-0.15220388682955227;-0.40599897147057507;-0.18749999999999997;0.0
Cc1cccnc1C(=O)N1CC2(CC(c3noc(-c4ccccc4)n3)N(C)C2)C1;-1.317700446767847;-1.7828542392839506;-0.16957679805484424;1.6258289027286723;1.8823664810226073;-0.4038847501309328;-0.6209838283181613;-0.49920768260333204;-0.24710536429033883;-0.030729254193150108;-0.48521256726432327;-0.4361122207682917;-0.15220388682955227;-0.40599897147057507;-0.18749999999999997;0.0
Cc1cccnc1C(=O)N1CC2(CN(Cc3ccccc3)CC2C(=O)NC(C)C)C1;-0.00856719342835867;1.1943833951114502;-0.16957679805484424;1.6258289027286723;3.0117287558602617;-0.4038847501309328;-0.6209838283181613;-0.49920768260333204;-0.24710536429033883;-0.030729254193150108;-0.48521256726432327;-0.4361122207682917;-0.15220388682955227;-0.40599897147057507;-0.18749999999999997;0.0
Cc1cccnc1C(=O)N1CC2(CN(Cc3ccccc3)CC2c2nc(C3CC3)n[nH]2)C1;-2.0735820417394097;-1.3084160016881095;-0.16957679805484424;1.6258289027286723;3.0833705956274597;-0.4038847501309328;-0.6209838283181613;-0.49920768260333204;-0.24710536429033883;-0.030729254193150108;-0.48521256726432327;-0.4361122207682917;-0.15220388682955227;-0.40599897147057507;-0.18749999999999997;0.0
Cc1cccnc1C(=O)N1CCC(=O)N(Cc2ccc(F)cc2)C2(CCOC2)C1;-0.3683121925460484;-1.147448482960008;-0.16957679805484424;1.6258289027286723;1.8575457789263279;-0.4038847501309328;1.6103478937742153;0.364022567901614;-0.24710536429033883;-0.030729254193150108;2.060952389667274;2.536742788970546;-0.15220388682955227;-0.40599897147057507;-0.18749999999999997;0.0
Cc1cccnc1C(=O)N1CCC(CCc2noc(C3CCOCC3)n2)CC1;-1.2552141285383949;0.7667131380899981;-0.16957679805484424;-0.3851146642402806;0.728183504088674;-0.9731903819644286;-0.6209838283181613;-0.49920768260333204;-0.24710536429033883;-0.030729254193150108;-0.48521256726432327;-0.4361122207682917;-0.15220388682955227;-0.40599897147057507;-0.18749999999999997;1.0
Cc1cccnc1C(=O)N1CCC(N2C[C@H](O)C[C@H]2C(=O)NC2CCCCC2)CC1;-0.47659733457022607;-0.09237522194381047;-0.16957679805484424;1.6258289027286723;3.0117287558602617;-0.9731903819644286;-0.6209838283181613;-0.49920768260333204;-0.24710536429033883;-0.030729254193150108;-0.48521256726432327;-0.4361122207682917;-0.15220388682955227;-0.40599897147057507;-0.18749999999999997;0.0
Cc1cccnc1C(=O)N1CCC(c2nc(N(C)C)ncc2C(=O)NC(C)C)C1;1.1962575139398364;0.7596902688020823;-0.16957679805484424;1.6258289027286723;1.8575457789263279;-0.4038847501309328;-0.6209838283181613;-0.49920768260333204;-0.24710536429033883;-0.030729254193150108;-0.48521256726432327;-0.4361122207682917;-0.15220388682955227;-0.40599897147057507;-0.18749999999999997;0.0
Cc1cccnc1C(=O)N1CCC2(CC1)CC(OCCOc1ccccc1)CCO2;-1.0712727384254799;1.0586876389282345;-0.16957679805484424;-0.3851146642402806;0.728183504088674;-0.9731903819644286;-0.6209838283181613;-0.49920768260333204;-0.24710536429033883;-0.030729254193150108;2.060952389667274;1.050315284101127;-0.15220388682955227;-0.40599897147057507;-0.18749999999999997;1.0
Cc1cccnc1C(=O)N1CCC2(CC1)N(Cc1ccccc1)C(=O)CS2(=O)=O;0.11585691898001582;1.91166392045319;-0.16957679805484424;1.6258289027286723;1.8575457789263279;-0.4038847501309328;-0.6209838283181613;-0.49920768260333204;-0.24710536429033883;-0.030729254193150108;-0.48521256726432327;-0.4361122207682917;6.5701344481423405;-0.40599897147057507;-0.18749999999999997;0.0
Cc1cccnc1C(=O)N1CCC2(CN(Cc3cccc(F)c3)CCC(=O)N2)C1;-0.3683121925460484;-0.27532288031074803;-0.16957679805484424;1.6258289027286723;3.0117287558602617;-0.4038847501309328;-0.6209838283181613;-0.49920768260333204;-0.24710536429033883;-0.030729254193150108;-0.48521256726432327;-0.4361122207682917;-0.15220388682955227;-0.40599897147057507;-0.18749999999999997;0.0
Cc1cccnc1C(=O)N1CCCC(C)(c2noc(COc3ccccc3)n2)C1;-0.7347623804760937;-1.4237183097855641;-0.16957679805484424;-0.3851146642402806;0.728183504088674;-0.9731903819644286;-0.6209838283181613;-0.49920768260333204;-0.24710536429033883;-0.030729254193150108;-0.48521256726432327;-0.4361122207682917;-0.15220388682955227;-0.40599897147057507;-0.18749999999999997;0.0
Cc1cccnc1C(=O)N1CCCC(CCc2noc(-c3cccnc3)n2)C1;-1.2552141285383949;-0.4057667358892486;-0.16957679805484424;-0.3851146642402806;1.9021690430596507;-0.4038847501309328;-0.6209838283181613;-0.49920768260333204;-0.24710536429033883;-0.030729254193150108;-0.48521256726432327;-0.4361122207682917;-0.15220388682955227;-0.40599897147057507;-0.18749999999999997;1.0
Cc1cccnc1C(=O)N1CCCC(CCc2noc(C3CCOCC3)n2)C1;-1.2552141285383949;-0.2734519512986722;-0.16957679805484424;-0.3851146642402806;0.728183504088674;-0.9731903819644286;-0.6209838283181613;-0.49920768260333204;-0.24710536429033883;-0.030729254193150108;-0.48521256726432327;-0.4361122207682917;-0.15220388682955227;-0.40599897147057507;-0.18749999999999997;1.0
Cc1cccnc1C(=O)N1CCCC(COc2ccccc2C(=O)NC(C)C)C1;0.46335713807976014;-1.10244574281313;-0.16957679805484424;-0.3851146642402806;1.8575457789263279;-0.4038847501309328;-0.6209838283181613;-0.49920768260333204;-0.24710536429033883;-0.030729254193150108;2.060952389667274;1.050315284101127;-0.15220388682955227;-0.40599897147057507;-0.18749999999999997;0.0
Cc1cccnc1C(=O)N1CCCC(N(CCCN2CCCC2)S(C)(=O)=O)C1;0.6090794091994535;-0.7799099435134293;-0.16957679805484424;1.6258289027286723;0.728183504088674;-0.9731903819644286;-0.6209838283181613;-0.49920768260333204;-0.24710536429033883;-0.030729254193150108;-0.48521256726432327;-0.4361122207682917;6.5701344481423405;-0.40599897147057507;-0.18749999999999997;0.0
Cc1cccnc1C(=O)N1CCCC(OCCc2noc(C3CC3)n2)C1;-1.336152317734658;1.2174675804627466;-0.16957679805484424;-0.3851146642402806;0.728183504088674;-0.9731903819644286;-0.6209838283181613;-0.49920768260333204;-0.24710536429033883;-0.030729254193150108;-0.48521256726432327;-0.4361122207682917;-0.15220388682955227;-0.40599897147057507;-0.18749999999999997;0.0
Cc1cccnc1C(=O)N1CCCC(c2nnnn2CCC(C)C)(N(C)C)C1;0.9886171038412634;-0.8466869895284974;-0.16957679805484424;-0.3851146642402806;1.8823664810226073;-0.9731903819644286;-0.6209838283181613;-0.49920768260333204;-0.24710536429033883;-0.030729254193150108;-0.48521256726432327;-0.4361122207682917;-0.15220388682955227;-0.40599897147057507;-0.18749999999999997;0.0
Cc1cccnc1C(=O)N1CCCC1CCc1nncn1-c1ccccc1;-1.2941843677810418;0.7901169873020307;-0.16957679805484424;1.6258289027286723;1.8039724383731446;-0.9731903819644286;-0.6209838283181613;-0.49920768260333204;-0.24710536429033883;-0.030729254193150108;-0.48521256726432327;-0.4361122207682917;-0.15220388682955227;-0.40599897147057507;-0.18749999999999997;0.0
Cc1cccnc1C(=O)N1CCNC(=O)C1Cc1nc(-c2ccccc2)no1;-0.8756764338965705;0.6731518499733726;-0.16957679805484424;-0.3851146642402806;1.8575457789263279;-0.4038847501309328;-0.6209838283181613;-0.49920768260333204;-0.24710536429033883;-0.030729254193150108;2.060952389667274;1.050315284101127;-0.15220388682955227;-0.40599897147057507;-0.18749999999999997;0.0
Cc1cccnc1C(=O)N1CC[C@@H]2CN(S(C)(=O)=O)C[C@]2(CO)C1;1.329466598657809;-0.8911795362539142;-0.16957679805484424;1.6258289027286723;0.728183504088674;-0.9731903819644286;-0.6209838283181613;-0.49920768260333204;-0.24710536429033883;-0.030729254193150108;2.060952389667274;4.023170293839964;-0.15220388682955227;-0.40599897147057507;-0.18749999999999997;0.0
Cc1cccnc1C(=O)N1CC[C@@]2(CO)CN(c3ccc(C#N)c(C(F)(F)F)c3)C[C@H]2C1;0.7501533919813113;-0.7912465354256106;-0.16957679805484424;1.6258289027286723;0.728183504088674;0.16542088170256303;-0.6209838283181613;-0.49920768260333204;-0.24710536429033883;-0.030729254193150108;-0.48521256726432327;-0.4361122207682917;-0.15220388682955227;-0.40599897147057507;-0.18749999999999997;0.0
Cc1cccnc1C(=O)N1CCc2c(c(CCC(=O)N3CCCC3)nn2C)C1;-0.49613873925473884;-0.01001779985357201;-0.16957679805484424;1.6258289027286723;2.9603532888446757;-0.4038847501309328;-0.6209838283181613;-0.49920768260333204;-0.24710536429033883;-0.030729254193150108;-0.48521256726432327;-0.4361122207682917;-0.15220388682955227;-0.40599897147057507;-0.18749999999999997;0.0
Cc1cccnc1C(=O)N1CCn2c(nn(CC(C)C)c2=O)C1c1ccccc1;-0.11958092821202922;0.6504291475621805;-0.16957679805484424;-0.3851146642402806;1.8039724383731446;-0.4038847501309328;-0.6209838283181613;-0.49920768260333204;-0.24710536429033883;-0.030729254193150108;-0.48521256726432327;-0.4361122207682917;-0.15220388682955227;-0.40599897147057507;-0.18749999999999997;0.0
Cc1cccnc1C(=O)N1CCn2c(nnc2C2CCCCN2S(C)(=O)=O)C1;0.005322126254391848;1.94289501357813;-0.16957679805484424;-0.3851146642402806;0.728183504088674;-0.9731903819644286;-0.6209838283181613;-0.49920768260333204;-0.24710536429033883;-0.030729254193150108;-0.48521256726432327;-0.4361122207682917;-0.15220388682955227;-0.40599897147057507;-0.18749999999999997;1.0
Cc1cccnc1C(=O)N1CCn2c(nnc2C2CCN(C(=O)CC(C)C)CC2)C1;-0.12236215290451173;2.7936791396509997;-0.16957679805484424;-0.3851146642402806;1.8575457789263279;-0.9731903819644286;-0.6209838283181613;-0.49920768260333204;-0.24710536429033883;-0.030729254193150108;-0.48521256726432327;-0.4361122207682917;-0.15220388682955227;-0.40599897147057507;-0.18749999999999997;0.0
Cc1cccnc1C(=O)N1C[C@@H](O)C[C@H]1c1nnc2n1CCN(C(=O)C(C)C)C2;0.24686925971802332;1.6304239572738959;-0.16957679805484424;1.6258289027286723;1.8575457789263279;-0.9731903819644286;-0.6209838283181613;-0.49920768260333204;-0.24710536429033883;-0.030729254193150108;-0.48521256726432327;-0.4361122207682917;-0.15220388682955227;-0.40599897147057507;-0.18749999999999997;0.0
Cc1cccnc1C(=O)N1Cc2c(-c3nc(C4CCOCC4)no3)nn(C)c2C1;-1.4354193703638587;-0.6422310127937909;-0.16957679805484424;1.6258289027286723;1.8309910140070214;-0.4038847501309328;-0.6209838283181613;-0.49920768260333204;-0.24710536429033883;-0.030729254193150108;2.060952389667274;1.050315284101127;-0.15220388682955227;-0.40599897147057507;-0.18749999999999997;0.0
Cc1cccnc1C(=O)N1[C@@H]2CC[C@H]1Cc1nn(CC3CC3)c(=O)n1C2;-1.577619566676588;2.1541071355172923;-0.16957679805484424;1.6258289027286723;1.8039724383731446;-0.9731903819644286;-0.6209838283181613;-0.49920768260333204;-0.24710536429033883;-0.030729254193150108;-0.48521256726432327;-0.4361122207682917;-0.15220388682955227;-0.40599897147057507;-0.18749999999999997;0.0
Cc1cccnc1C(=O)N1[C@@H]2CC[C@H]1Cc1nnc(-c3ccccc3)n1C2;-1.9203030315758987;2.014910011504866;-0.16957679805484424;1.6258289027286723;0.728183504088674;-0.4038847501309328;-0.6209838283181613;-0.49920768260333204;-0.24710536429033883;-0.030729254193150108;-0.48521256726432327;-0.4361122207682917;-0.15220388682955227;-0.40599897147057507;-0.18749999999999997;0.0
Cc1cccnc1C(=O)NCCN(C1CCOCC1)C1CCN(C(=O)N(C)C)C1;0.46335713807976014;0.702389358145135;-0.16957679805484424;1.6258289027286723;1.8823664810226073;-0.9731903819644286;-0.6209838283181613;-0.49920768260333204;-0.24710536429033883;-0.030729254193150108;-0.48521256726432327;-0.4361122207682917;-0.15220388682955227;-0.40599897147057507;-0.18749999999999997;0.0
Cc1cccnc1C(=O)N[C@H]1C[C@H](C(=O)N2CCCC2)C[C@H]1c1nc(-c2ccccc2)no1;-1.2860373459545495;-0.6310421824378183;-0.16957679805484424;1.6258289027286723;1.8575457789263279;-0.4038847501309328;-0.6209838283181613;-0.49920768260333204;-0.24710536429033883;-0.030729254193150108;2.060952389667274;2.536742788970546;-0.15220388682955227;-0.40599897147057507;-0.18749999999999997;0.0
Cc1cccnc1C(=O)N[C@H]1C[C@H](C(=O)NC(C)C)C[C@H]1c1nc(-c2ccccc2)no1;-0.12740312265967288;-0.8643041951803617;-0.16957679805484424;-0.3851146642402806;1.8575457789263279;-0.4038847501309328;-0.6209838283181613;-0.49920768260333204;-0.24710536429033883;-0.030729254193150108;2.060952389667274;2.536742788970546;-0.15220388682955227;-0.40599897147057507;-0.18749999999999997;0.0
Cc1cccnc1N1C(=O)C2C(C1=O)[C@H]1C=C[C@@H]2C1;-1.194304269906405;-1.2038700973419398;-0.16957679805484424;1.6258289027286723;0.6835602399553516;-0.9731903819644286;-0.6209838283181613;-0.49920768260333204;-0.24710536429033883;-0.030729254193150108;-0.48521256726432327;-0.4361122207682917;-0.15220388682955227;-0.40599897147057507;-0.18749999999999997;0.0
Cc1cccnc1NC(=O)C(=O)c1cccn1Cc1ccc(F)cc1;0.1448948892115773;-0.011867491837032926;-0.16957679805484424;-0.3851146642402806;0.6835602399553516;-0.4038847501309328;1.6103478937742153;0.364022567901614;-0.24710536429033883;-0.030729254193150108;-0.48521256726432327;-0.4361122207682917;-0.15220388682955227;-0.40599897147057507;-0.18749999999999997;0.0
Cc1cccnc1NC(=O)C(C)(C)Oc1ccc(C2CC2(Cl)Cl)cc1;1.2681672279520186;1.9111844479481968;-0.16957679805484424;-0.3851146642402806;-0.4458020348823024;-0.4038847501309328;-0.6209838283181613;-0.49920768260333204;-0.24710536429033883;-0.030729254193150108;-0.48521256726432327;-0.4361122207682917;-0.15220388682955227;-0.40599897147057507;-0.18749999999999997;0.0
Cc1cccnc1NC(=O)C(C)Oc1cc(C)c(Cl)c(C)c1;1.926851820893351;2.231546218633226;-0.16957679805484424;-0.3851146642402806;-0.4458020348823024;0.16542088170256303;-0.6209838283181613;-0.49920768260333204;-0.24710536429033883;-0.030729254193150108;-0.48521256726432327;-0.4361122207682917;-0.15220388682955227;-0.40599897147057507;-0.18749999999999997;0.0
Cc1cccnc1NC(=O)C(NS(=O)(=O)c1cccc2nsnc12)C(C)C;1.0327517250571276;-2.8226079384386082;-0.16957679805484424;-0.3851146642402806;-0.4458020348823024;-0.9731903819644286;-0.6209838283181613;-0.49920768260333204;-0.24710536429033883;-0.030729254193150108;-0.48521256726432327;-0.4361122207682917;-0.15220388682955227;-0.40599897147057507;-0.18749999999999997;0.0
Cc1cccnc1NC(=O)C1CC(=O)N(c2ccc(S(=O)(=O)N3CCCC3)cc2)C1;-0.008567193428380367;1.250071810386367;-0.16957679805484424;3.636772469697625;0.6835602399553516;-0.9731903819644286;-0.6209838283181613;-0.49920768260333204;-0.24710536429033883;-0.030729254193150108;-0.48521256726432327;-0.4361122207682917;-0.15220388682955227;-0.40599897147057507;-0.18749999999999997;0.0
Cc1cccnc1NC(=O)CCC(=O)N1CCC(c2noc3ccc(F)cc23)CC1;-0.4765973345702188;0.8911398365646066;-0.16957679805484424;-0.3851146642402806;0.6835602399553516;-0.4038847501309328;-0.6209838283181613;-0.49920768260333204;-0.24710536429033883;-0.030729254193150108;-0.48521256726432327;-0.4361122207682917;-0.15220388682955227;-0.40599897147057507;-0.18749999999999997;0.0
Cc1cccnc1NC(=O)CN1C(=O)C2CCCN2C(=O)c2ccccc21;-0.5069950751905897;1.1198096084294515;-0.16957679805484424;1.6258289027286723;1.812922514793006;-0.4038847501309328;-0.6209838283181613;-0.49920768260333204;-0.24710536429033883;-0.030729254193150108;-0.48521256726432327;-0.4361122207682917;-0.15220388682955227;-0.40599897147057507;-0.18749999999999997;0.0
Cc1cccnc1NC(=O)Nc1ccc(Br)cc1;0.628980243649341;-0.7888254824005883;-0.16957679805484424;-0.3851146642402806;-0.3227847280995177;-0.9731903819644286;-0.6209838283181613;-0.49920768260333204;-0.24710536429033883;-0.030729254193150108;-0.48521256726432327;-0.4361122207682917;-0.15220388682955227;-0.40599897147057507;-0.18749999999999997;0.0
Cc1cccnc1NC(=O)Nc1ccccc1Br;0.628980243649341;0.27320835852901004;-0.16957679805484424;-0.3851146642402806;-0.3227847280995177;-0.9731903819644286;-0.6209838283181613;-0.49920768260333204;-0.24710536429033883;-0.030729254193150108;-0.48521256726432327;-0.4361122207682917;-0.15220388682955227;-0.40599897147057507;-0.18749999999999997;0.0
Cc1cccnc1NC(=O)c1c(C(=O)O)cnn1C;1.7038282956128101;-2.1960885641759273;-0.16957679805484424;-0.3851146642402806;0.657005475036045;-0.4038847501309328;-0.6209838283181613;-0.49920768260333204;-0.24710536429033883;-0.030729254193150108;-0.48521256726432327;-0.4361122207682917;-0.15220388682955227;-0.40599897147057507;-0.18749999999999997;0.0
Cc1cccnc1NC(=O)c1cccc(C(=O)Nc2ncccc2C)c1;0.131513636973184;-0.02773589937081488;-0.16957679805484424;-0.3851146642402806;0.6835602399553516;0.7347265135360589;-0.6209838283181613;-0.49920768260333204;-0.24710536429033883;-0.030729254193150108;2.060952389667274;1.050315284101127;-0.15220388682955227;-0.40599897147057507;-0.18749999999999997;1.0
Cc1cccnc1NC(=S)Nc1cnn(Cc2ccc(Cl)cc2)c1;-0.2834027312789409;-0.3950741108018813;-0.16957679805484424;-0.3851146642402806;-0.472356799801609;-0.4038847501309328;-0.6209838283181613;-0.49920768260333204;4.046856703705712;-0.030729254193150108;-0.48521256726432327;-0.4361122207682917;-0.15220388682955227;-0.40599897147057507;-0.18749999999999997;1.0
Cc1cccnc1NC1(C(F)(F)F)N=C(c2ccccc2)N(Cc2ccco2)C1=O;0.10522776604777992;-0.4446032525216821;-0.16957679805484424;1.6258289027286723;0.708380942051631;-0.4038847501309328;-0.6209838283181613;-0.49920768260333204;-0.24710536429033883;-0.030729254193150108;-0.48521256726432327;-0.4361122207682917;-0.15220388682955227;-0.40599897147057507;-0.18749999999999997;0.0
Cc1cccnc1Nc1nc(C)c(C(=O)Nc2ccc3c(c2)OCO3)s1;-0.9274194158126922;-1.6909606998486126;-0.16957679805484424;1.6258289027286723;-0.4458020348823024;-0.9731903819644286;-0.6209838283181613;-0.49920768260333204;-0.24710536429033883;-0.030729254193150108;2.060952389667274;1.050315284101127;-0.15220388682955227;-0.40599897147057507;-0.18749999999999997;1.0
Cc1cccs1;1.5681582393416262;0.06743189128518064;-0.16957679805484424;-0.3851146642402806;-1.5751643097199564;-1.5424960137979244;-0.6209838283181613;-0.49920768260333204;-0.24710536429033883;-0.030729254193150108;-0.48521256726432327;-0.4361122207682917;-0.15220388682955227;-0.40599897147057507;-0.18749999999999997;1.0
Cc1ccn(-c2ccc(-c3ncco3)cc2)c(=O)c1-c1ccc2nc(N)ncc2c1;-1.3943393136512956;0.4588588879622356;-0.16957679805484424;-0.3851146642402806;0.6299868994021683;1.3040321453695547;-0.6209838283181613;-0.49920768260333204;-0.24710536429033883;-0.030729254193150108;-0.48521256726432327;-0.4361122207682917;-0.15220388682955227;-0.40599897147057507;-0.18749999999999997;1.0
Cc1ccn(-c2ccc(C(=O)NC(C)C)cn2)n1;1.2193722130921765;0.06863499425174596;-0.16957679805484424;-0.3851146642402806;-0.4458020348823024;-0.9731903819644286;-0.6209838283181613;-0.49920768260333204;-0.24710536429033883;-0.030729254193150108;-0.48521256726432327;-0.4361122207682917;-0.15220388682955227;-0.40599897147057507;-0.18749999999999997;0.0
Cc1ccn(-c2ccc(C(=O)NC3CCCC3)cn2)n1;-0.8308325162359043;0.3396477550243588;-0.16957679805484424;-0.3851146642402806;-0.4458020348823024;-0.9731903819644286;-0.6209838283181613;-0.49920768260333204;-0.24710536429033883;-0.030729254193150108;-0.48521256726432327;-0.4361122207682917;-0.15220388682955227;-0.40599897147057507;-0.18749999999999997;0.0
Cc1ccn(-c2ccc(C(=O)Nc3ccc(F)cc3)cn2)n1;-0.29071046421457947;0.12835798322195321;-0.16957679805484424;-0.3851146642402806;-0.4458020348823024;-0.9731903819644286;-0.6209838283181613;-0.49920768260333204;-0.24710536429033883;-0.030729254193150108;-0.48521256726432327;-0.4361122207682917;-0.15220388682955227;-0.40599897147057507;-0.18749999999999997;0.0
Cc1ccn(-c2nc(NC3CCC(F)(F)CC3)cc(N3CCOCC3)n2)n1;-0.7741508776234364;-1.1196492116024708;-0.16957679805484424;-0.3851146642402806;-1.5751643097199564;-1.5424960137979244;-0.6209838283181613;-0.49920768260333204;-0.24710536429033883;-0.030729254193150108;-0.48521256726432327;-0.4361122207682917;-0.15220388682955227;-0.40599897147057507;-0.18749999999999997;1.0
Cc1ccn(C(C)C(=O)O)n1;3.6613661310026093;0.20715497888922604;-0.16957679805484424;-0.3851146642402806;-0.472356799801609;-1.5424960137979244;-0.6209838283181613;-0.49920768260333204;-0.24710536429033883;-0.030729254193150108;-0.48521256726432327;-0.4361122207682917;-0.15220388682955227;-0.40599897147057507;-0.18749999999999997;1.0
Cc1ccn(C)n1;2.8332838881477147;0.06743189128518064;-0.16957679805484424;-0.3851146642402806;-0.472356799801609;-1.5424960137979244;-0.6209838283181613;-0.49920768260333204;-0.24710536429033883;-0.030729254193150108;-0.48521256726432327;-0.4361122207682917;-0.15220388682955227;-0.40599897147057507;-0.18749999999999997;1.0
Cc1ccn(CC(=O)N(CCCN2CCOCC2)C2CCOCC2)n1;-0.7052695467861081;-1.6292855259575252;-0.16957679805484424;-0.3851146642402806;1.8111884519699784;-1.5424960137979244;-0.6209838283181613;-0.49920768260333204;-0.24710536429033883;-0.030729254193150108;2.060952389667274;1.050315284101127;-0.15220388682955227;-0.40599897147057507;-0.18749999999999997;0.0
Cc1ccn(CC(=O)N(CCCN2CCc3ccccc3C2)C2CCOCC2)n1;-1.2189314920021435;-1.1871277852372895;-0.16957679805484424;-0.3851146642402806;1.8111884519699784;-0.4038847501309328;-0.6209838283181613;-0.49920768260333204;-0.24710536429033883;-0.030729254193150108;2.060952389667274;1.050315284101127;-0.15220388682955227;-0.40599897147057507;-0.18749999999999997;0.0
Cc1ccn(CC(=O)N2CC(n3cc(COCc4ccccc4)nn3)C2)n1;-1.2941843677810418;-0.8598127661293887;-0.16957679805484424;-0.3851146642402806;0.657005475036045;-0.9731903819644286;-0.6209838283181613;-0.49920768260333204;-0.24710536429033883;-0.030729254193150108;-0.48521256726432327;-0.4361122207682917;-0.15220388682955227;-0.40599897147057507;-0.18749999999999997;1.0
Cc1ccn(CC(=O)N2CC3(CC(c4nc(-c5ccccc5)no4)N(C)C3)C2)n1;-1.317700446767847;-1.3802820402671772;-0.16957679805484424;1.6258289027286723;1.8111884519699784;-0.9731903819644286;-0.6209838283181613;-0.49920768260333204;-0.24710536429033883;-0.030729254193150108;-0.48521256726432327;-0.4361122207682917;-0.15220388682955227;-0.40599897147057507;-0.18749999999999997;0.0
Cc1ccn(CC(=O)N2CCC(Cn3c(C)cnc3-c3cccnc3)CC2)n1;-0.8756764338965705;0.3923755652494041;-0.16957679805484424;-0.3851146642402806;1.8309910140070214;-0.9731903819644286;-0.6209838283181613;-0.49920768260333204;-0.24710536429033883;-0.030729254193150108;-0.48521256726432327;-0.4361122207682917;-0.15220388682955227;-0.40599897147057507;-0.18749999999999997;0.0
Cc1ccn(CC(=O)N2CCC([C@H]3[C@@H](Oc4ccccc4)CN3C(C)C)CC2)n1;-0.48603111614206007;-0.7707619048676794;-0.16957679805484424;-0.3851146642402806;1.8111884519699784;-1.5424960137979244;-0.6209838283181613;-0.49920768260333204;-0.24710536429033883;-0.030729254193150108;-0.48521256726432327;-0.4361122207682917;-0.15220388682955227;-0.40599897147057507;-0.18749999999999997;0.0
Cc1ccn(CC(=O)N2CCC3(CC2)CC(Cc2noc(C4CCC4)n2)CCO3)n1;-1.634779535840864;-1.2222506700945996;-0.16957679805484424;-0.3851146642402806;0.657005475036045;-1.5424960137979244;-0.6209838283181613;-0.49920768260333204;-0.24710536429033883;-0.030729254193150108;2.060952389667274;1.050315284101127;-0.15220388682955227;-0.40599897147057507;-0.18749999999999997;0.0
Cc1ccn(CC(=O)N2CCCCC2(C)c2noc(-c3ccc(F)cc3)n2)n1;-0.37421556838743975;-1.8898291890099523;-0.16957679805484424;-0.3851146642402806;0.657005475036045;-0.9731903819644286;1.6103478937742153;0.364022567901614;-0.24710536429033883;-0.030729254193150108;2.060952389667274;1.050315284101127;-0.15220388682955227;2.463060426921489;-0.18749999999999997;1.0
Cc1ccn(CC(=O)N2CCC[C@H]2Cn2cc(C(=O)N3CCc4ccccc4C3)nn2)n1;-1.3198817108597853;-1.2609161712607622;-0.16957679805484424;1.6258289027286723;1.7863677498736987;-0.4038847501309328;-0.6209838283181613;-0.49920768260333204;-0.24710536429033883;-0.030729254193150108;-0.48521256726432327;-0.4361122207682917;-0.15220388682955227;-0.40599897147057507;-0.18749999999999997;0.0
Cc1ccn(CC(=O)N2CC[C@H]3NC(=O)CC[C@]3(C(=O)N3CCCC3)C2)n1;-0.3805562313282103;-0.2963971293984618;-0.16957679805484424;1.6258289027286723;2.9157300247113525;-1.5424960137979244;-0.6209838283181613;-0.49920768260333204;-0.24710536429033883;-0.030729254193150108;2.060952389667274;2.536742788970546;-0.15220388682955227;-0.40599897147057507;-0.18749999999999997;0.0
Cc1ccn(CC(=O)N2CCc3nn(Cc4ccccc4)c(=O)n3CC2)n1;-0.9005897214858086;-1.3177307977720127;-0.16957679805484424;-0.3851146642402806;1.732794409320516;-0.9731903819644286;-0.6209838283181613;-0.49920768260333204;-0.24710536429033883;-0.030729254193150108;-0.48521256726432327;-0.4361122207682917;-0.15220388682955227;-0.40599897147057507;-0.18749999999999997;0.0
Cc1ccn(CC(=O)N2C[C@@H](COCC3CC3)[C@H](c3ccncc3)C2)n1;-1.336152317734658;-0.5877979298955749;-0.16957679805484424;1.6258289027286723;1.8309910140070214;-0.9731903819644286;-0.6209838283181613;-0.49920768260333204;-0.24710536429033883;-0.030729254193150108;2.060952389667274;1.050315284101127;-0.15220388682955227;-0.40599897147057507;-0.18749999999999997;0.0
Cc1ccn(CC(=O)N2C[C@@H](NS(C)(=O)=O)C[C@H]2c2nc(-c3ccccc3)n[nH]2)n1;-0.008567193428380367;-0.8251063451170213;-0.16957679805484424;1.6258289027286723;1.858009589640898;-0.9731903819644286;-0.6209838283181613;-0.49920768260333204;-0.24710536429033883;-0.030729254193150108;-0.48521256726432327;-0.4361122207682917;6.5701344481423405;-0.40599897147057507;-0.18749999999999997;0.0
Cc1ccn(CC(=O)N2C[C@@H]3C[C@H](N(C)C)CN3C(=O)[C@@H]2C)n1;1.0992399334002312;-1.182718111529277;-0.16957679805484424;1.6258289027286723;1.7863677498736987;-1.5424960137979244;-0.6209838283181613;-0.49920768260333204;-0.24710536429033883;-0.030729254193150108;-0.48521256726432327;-0.4361122207682917;-0.15220388682955227;-0.40599897147057507;-0.18749999999999997;0.0
Cc1ccn(CC(=O)NCCn2c(C)cnc2Cc2ccccc2)n1;-0.2801873287872654;-0.9385361515347592;-0.16957679805484424;-0.3851146642402806;0.657005475036045;-0.9731903819644286;-0.6209838283181613;-0.49920768260333204;-0.24710536429033883;-0.030729254193150108;-0.48521256726432327;-0.4361122207682917;-0.15220388682955227;-0.40599897147057507;-0.18749999999999997;0.0
Cc1ccn(CC(=O)NNC(=S)Nc2cnn(Cc3ccccc3C)c2)n1;0.11912358860428872;1.08583955272208;-0.16957679805484424;-0.3851146642402806;4.315923775122941;-0.4038847501309328;-0.6209838283181613;-0.49920768260333204;-0.24710536429033883;-0.030729254193150108;-0.48521256726432327;-0.4361122207682917;-0.15220388682955227;-0.40599897147057507;-0.18749999999999997;1.0
Cc1ccn(CC(=O)N[C@@H]2CN(C)C[C@H]2CN(C)C)n1;1.6084859973828285;0.38073222818523655;-0.16957679805484424;1.6258289027286723;0.657005475036045;-1.5424960137979244;-0.6209838283181613;-0.49920768260333204;-0.24710536429033883;-0.030729254193150108;-0.48521256726432327;-0.4361122207682917;-0.15220388682955227;-0.40599897147057507;-0.18749999999999997;0.0
Cc1ccn(CC(=O)N[C@@H]2C[C@H]3CN(S(C)(=O)=O)C[C@@]3(c3nc(C)no3)C2)n1;0.5067829917635008;0.9831765197639416;-0.16957679805484424;1.6258289027286723;0.657005475036045;-1.5424960137979244;-0.6209838283181613;-0.49920768260333204;-0.24710536429033883;-0.030729254193150108;2.060952389667274;2.536742788970546;-0.15220388682955227;-0.40599897147057507;-0.18749999999999997;0.0
Cc1ccn(CC(=O)N[C@H]2Cc3cc(C(=O)NCc4ccccc4)nn3C2)n1;-0.8756764338965705;0.2915606419744979;-0.16957679805484424;1.6258289027286723;2.8891752597920464;-0.9731903819644286;-0.6209838283181613;-0.49920768260333204;-0.24710536429033883;-0.030729254193150108;-0.48521256726432327;-0.4361122207682917;-0.15220388682955227;-0.40599897147057507;-0.18749999999999997;0.0
Cc1ccn(CC(=O)O)n1;2.9850989660044474;0.21371950617072272;-0.16957679805484424;-0.3851146642402806;0.657005475036045;-1.5424960137979244;-0.6209838283181613;-0.49920768260333204;-0.24710536429033883;-0.030729254193150108;-0.48521256726432327;-0.4361122207682917;-0.15220388682955227;-0.40599897147057507;-0.18749999999999997;0.0
Cc1ccn(CC(C)CNC(=O)NC2CCCCC2)n1;0.5457804523857217;0.1196150946320193;-0.16957679805484424;-0.3851146642402806;-0.472356799801609;-1.5424960137979244;-0.6209838283181613;-0.49920768260333204;-0.24710536429033883;-0.030729254193150108;-0.48521256726432327;-0.4361122207682917;-0.15220388682955227;-0.40599897147057507;-0.18749999999999997;1.0
Cc1ccn(CC(C)CNS(=O)(=O)c2cnn(C(F)F)c2C)n1;2.444722896735755;0.9883272522496728;-0.16957679805484424;-0.3851146642402806;-0.472356799801609;-1.5424960137979244;1.6103478937742153;1.22725281840656;-0.24710536429033883;-0.030729254193150108;-0.48521256726432327;-0.4361122207682917;-0.15220388682955227;2.463060426921489;-0.18749999999999997;0.0
Cc1ccn(CC(C)NC(=O)C2CCc3nc(N4CCC(C)CC4)ncc3C2)n1;-0.4860311161420673;-0.02237108878562249;-0.16957679805484424;-0.3851146642402806;0.657005475036045;-0.9731903819644286;-0.6209838283181613;-0.49920768260333204;-0.24710536429033883;-0.030729254193150108;-0.48521256726432327;-0.4361122207682917;-0.15220388682955227;-0.40599897147057507;-0.18749999999999997;0.0
Cc1ccn(CC(C)NC(=O)NC2CCCCC2)n1;0.5851908798263835;0.4326041436923177;-0.16957679805484424;-0.3851146642402806;-0.472356799801609;-1.5424960137979244;-0.6209838283181613;-0.49920768260333204;-0.24710536429033883;-0.030729254193150108;-0.48521256726432327;-0.4361122207682917;-0.15220388682955227;-0.40599897147057507;-0.18749999999999997;1.0
Cc1ccn(CC(C)NC(=O)c2cc(-c3ccc(F)cc3)nc3onc(C)c23)n1;-0.11958092821202199;-0.09043710712719005;-0.16957679805484424;-0.3851146642402806;0.657005475036045;0.16542088170256303;1.6103478937742153;0.364022567901614;-0.24710536429033883;-0.030729254193150108;-0.48521256726432327;-0.4361122207682917;-0.15220388682955227;-0.40599897147057507;-0.18749999999999997;1.0
Cc1ccn(CC(C)NC(=O)c2cc(-c3ccco3)nc3c2c(C)nn3C)n1;-0.11660104461291448;-0.29979409209565816;-0.16957679805484424;-0.3851146642402806;1.7598129849543926;-0.4038847501309328;-0.6209838283181613;-0.49920768260333204;-0.24710536429033883;-0.030729254193150108;2.060952389667274;1.050315284101127;-0.15220388682955227;-0.40599897147057507;-0.18749999999999997;0.0
Cc1ccn(CC(C)NC(=O)c2cc(C3CC3)nc3c2cnn3C)n1;-0.5313132676868793;2.0682241301428514;-0.16957679805484424;-0.3851146642402806;1.7598129849543926;-0.4038847501309328;-0.6209838283181613;-0.49920768260333204;-0.24710536429033883;-0.030729254193150108;-0.48521256726432327;-0.4361122207682917;-0.15220388682955227;-0.40599897147057507;-0.18749999999999997;0.0
Cc1ccn(CCC(=O)N(C)CC2COc3ccccc3O2)n1;-0.2868977339872869;-0.301125647701068;-0.16957679805484424;-0.3851146642402806;0.657005475036045;-1.5424960137979244;-0.6209838283181613;-0.49920768260333204;-0.24710536429033883;-0.030729254193150108;2.060952389667274;1.050315284101127;-0.15220388682955227;-0.40599897147057507;-0.18749999999999997;1.0
Cc1ccn(CCC(=O)N(C)Cc2ccco2)n1;0.628980243649341;-0.18813530004055237;-0.16957679805484424;-0.3851146642402806;0.657005475036045;-1.5424960137979244;-0.6209838283181613;-0.49920768260333204;-0.24710536429033883;-0.030729254193150108;-0.48521256726432327;-0.4361122207682917;-0.15220388682955227;-0.40599897147057507;-0.18749999999999997;0.0
Cc1ccn(CCC(=O)NCc2ccc(C)o2)n1;0.628980243649341;-0.14326664079061036;-0.16957679805484424;-0.3851146642402806;0.657005475036045;-1.5424960137979244;-0.6209838283181613;-0.49920768260333204;-0.24710536429033883;-0.030729254193150108;-0.48521256726432327;-0.4361122207682917;-0.15220388682955227;-0.40599897147057507;-0.18749999999999997;0.0
Cc1ccn(CCC(=O)NCc2ccco2)n1;0.05280038851199068;0.05786111812428378;-0.16957679805484424;-0.3851146642402806;0.657005475036045;-1.5424960137979244;-0.6209838283181613;-0.49920768260333204;-0.24710536429033883;-0.030729254193150108;-0.48521256726432327;-0.4361122207682917;-0.15220388682955227;-0.40599897147057507;-0.18749999999999997;0.0
Cc1ccn(CCC(=O)Nc2cc([N+](=O)[O-])ccc2O)n1;1.5222239180318908;0.6913022399573588;-0.16957679805484424;-0.3851146642402806;3.0394522159630246;-1.5424960137979244;-0.6209838283181613;-0.49920768260333204;-0.24710536429033883;-0.030729254193150108;2.060952389667274;2.536742788970546;-0.15220388682955227;-0.40599897147057507;-0.18749999999999997;0.0
Cc1ccn(CCC(=O)Nc2nccs2)n1;0.06878901710567238;0.9930959873206838;-0.16957679805484424;-0.3851146642402806;0.657005475036045;-1.5424960137979244;-0.6209838283181613;-0.49920768260333204;-0.24710536429033883;-0.030729254193150108;-0.48521256726432327;-0.4361122207682917;-0.15220388682955227;-0.40599897147057507;-0.18749999999999997;1.0
Cc1ccn(CCCC(=O)O)n1;2.4537461935058973;-0.020242142568568558;-0.16957679805484424;-0.3851146642402806;0.657005475036045;-1.5424960137979244;-0.6209838283181613;-0.49920768260333204;-0.24710536429033883;-0.030729254193150108;-0.48521256726432327;-0.4361122207682917;-0.15220388682955227;-0.40599897147057507;-0.18749999999999997;0.0
Cc1ccn(CCNC(=O)c2cc3c(C(F)(F)F)nn(C)c3s2)n1;1.1872228993126195;0.2059445422319959;-0.16957679805484424;-0.3851146642402806;1.7598129849543926;-0.9731903819644286;-0.6209838283181613;-0.49920768260333204;-0.24710536429033883;-0.030729254193150108;-0.48521256726432327;-0.4361122207682917;-0.15220388682955227;-0.40599897147057507;-0.18749999999999997;0.0
Cc1ccn(CCNc2nc(-c3ccc(Br)cc3)cc(C(F)F)n2)n1;0.1448948892115773;1.3691203478304939;-0.16957679805484424;-0.3851146642402806;-0.472356799801609;-0.9731903819644286;-0.6209838283181613;-0.49920768260333204;-0.24710536429033883;32.54228019054596;-0.48521256726432327;-0.4361122207682917;-0.15220388682955227;-0.40599897147057507;-0.18749999999999997;1.0
Cc1ccn(Cc2cc(C(=O)O)c3ccccc3n2)n1;-0.2994797437373544;-0.09054848211652311;-0.16957679805484424;-0.3851146642402806;0.7016287391693671;-0.4038847501309328;-0.6209838283181613;-0.49920768260333204;-0.24710536429033883;-0.030729254193150108;-0.48521256726432327;-0.4361122207682917;-0.15220388682955227;-0.40599897147057507;-0.18749999999999997;1.0
Cc1ccn(Cc2nnc(SCC(=O)Nc3ccc(OC(F)(F)F)cc3)o2)n1;0.6090794091994318;0.02165582646122017;-0.16957679805484424;-0.3851146642402806;0.657005475036045;-1.5424960137979244;-0.6209838283181613;-0.49920768260333204;-0.24710536429033883;-0.030729254193150108;-0.48521256726432327;-0.4361122207682917;-0.15220388682955227;-0.40599897147057507;-0.18749999999999997;0.0
Cc1ccn(Cc2nnc(SCC(=O)Nc3ccc(OC(F)F)cc3)o2)n1;0.11912358860427424;0.0207156893449851;-0.16957679805484424;-0.3851146642402806;0.657005475036045;-1.5424960137979244;-0.6209838283181613;-0.49920768260333204;-0.24710536429033883;-0.030729254193150108;-0.48521256726432327;-0.4361122207682917;-0.15220388682955227;-0.40599897147057507;-0.18749999999999997;0.0
Cc1ccn(Cc2nnc(SCC(=O)Nc3sc4c(c3C(N)=O)CCC4)o2)n1;-0.4961387392547461;-0.4493510637563721;-0.16957679805484424;-0.3851146642402806;1.7863677498736987;-0.4038847501309328;-0.6209838283181613;-0.49920768260333204;-0.24710536429033883;-0.030729254193150108;2.060952389667274;1.050315284101127;-0.15220388682955227;-0.40599897147057507;-0.18749999999999997;0.0
Cc1ccn(S(=O)(=O)c2cc(C)c(Cl)cc2C)n1;2.5898144177714313;-0.3915907488142056;8.817993498851902;-0.3851146642402806;-1.5751643097199564;-0.4038847501309328;-0.6209838283181613;-0.49920768260333204;4.046856703705712;-0.030729254193150108;-0.48521256726432327;-0.4361122207682917;-0.15220388682955227;-0.40599897147057507;5.333333333333333;0.0
Cc1ccn2c(/C=N\NC(N)=S)c(-c3ccc(Cl)cc3)cc2c1;0.17514815514189058;-0.1526325997465676;-0.16957679805484424;-0.3851146642402806;-0.29710891463568195;0.16542088170256303;-0.6209838283181613;-0.49920768260333204;-0.24710536429033883;-0.030729254193150108;-0.48521256726432327;-0.4361122207682917;-0.15220388682955227;-0.40599897147057507;-0.18749999999999997;1.0
Cc1ccn2c(=O)c(C(=O)NC(C)CCc3ccccc3)c(O)nc2c1;0.5402465388951354;0.416337334636452;-0.16957679805484424;-0.3851146642402806;1.720152152915091;0.16542088170256303;-0.6209838283181613;-0.49920768260333204;-0.24710536429033883;-0.030729254193150108;-0.48521256726432327;-0.4361122207682917;-0.15220388682955227;-0.40599897147057507;-0.18749999999999997;0.0
Cc1ccn2c(=O)c(C(=O)NC3CCCC3)c(O)nc2c1;0.21116394791605234;0.3619516284215086;-0.16957679805484424;-0.3851146642402806;1.720152152915091;-0.4038847501309328;-0.6209838283181613;-0.49920768260333204;-0.24710536429033883;-0.030729254193150108;-0.48521256726432327;-0.4361122207682917;-0.15220388682955227;-0.40599897147057507;-0.18749999999999997;0.0
Cc1ccn2c(=O)c(C(=O)NCC(C)O)c(O)nc2c1;2.1398387698813783;0.2035415207811761;-0.16957679805484424;-0.3851146642402806;1.720152152915091;-0.4038847501309328;-0.6209838283181613;-0.49920768260333204;-0.24710536429033883;-0.030729254193150108;-0.48521256726432327;-0.4361122207682917;-0.15220388682955227;-0.40599897147057507;-0.18749999999999997;0.0
Cc1ccn2c(=O)c(C(=O)NCCCN3CCCC3=O)c(O)nc2c1;0.56997710721042;0.3591189936881029;-0.16957679805484424;1.6258289027286723;2.849514427752745;-0.4038847501309328;-0.6209838283181613;-0.49920768260333204;-0.24710536429033883;-0.030729254193150108;-0.48521256726432327;-0.4361122207682917;-0.15220388682955227;-0.40599897147057507;-0.18749999999999997;0.0
Cc1ccn2c(=O)c(C(=O)NCCOCCO)c(O)nc2c1;1.4438038458946647;-0.6319858809183251;-0.16957679805484424;-0.3851146642402806;1.720152152915091;-0.4038847501309328;-0.6209838283181613;-0.49920768260333204;-0.24710536429033883;-0.030729254193150108;-0.48521256726432327;-0.4361122207682917;-0.15220388682955227;-0.40599897147057507;-0.18749999999999997;0.0
Cc1ccn2c(=O)c(C(=O)Nc3ccc(C(F)(F)F)cc3)cnc2c1;1.1316132765806406;0.16035710752244026;-0.16957679805484424;-0.3851146642402806;1.720152152915091;0.16542088170256303;1.6103478937742153;2.090483068911506;-0.24710536429033883;-0.030729254193150108;-0.48521256726432327;-0.4361122207682917;-0.15220388682955227;-0.40599897147057507;-0.18749999999999997;0.0
Cc1ccn2c(=O)c(C(=O)Nc3ccc(C)c(C)c3)cnc2c1;0.6371940442710681;-0.5842303781329053;-0.16957679805484424;-0.3851146642402806;1.720152152915091;0.7347265135360589;-0.6209838283181613;-0.49920768260333204;-0.24710536429033883;-0.030729254193150108;-0.48521256726432327;-0.4361122207682917;-0.15220388682955227;-0.40599897147057507;-0.18749999999999997;0.0
Cc1ccn2c(=O)c(C(=O)Nc3ccc(F)c(F)c3)cnc2c1;0.6371940442710681;-0.08194766304730575;-0.16957679805484424;-0.3851146642402806;1.720152152915091;-0.4038847501309328;-0.6209838283181613;-0.49920768260333204;-0.24710536429033883;-0.030729254193150108;-0.48521256726432327;-0.4361122207682917;-0.15220388682955227;2.463060426921489;-0.18749999999999997;0.0
Cc1ccn2c(=O)c(NC(=O)c3ccccc3)cnc2c1;-0.2948863116063802;0.2283558563759038;-0.16957679805484424;-0.3851146642402806;1.720152152915091;-0.4038847501309328;-0.6209838283181613;-0.49920768260333204;-0.24710536429033883;-0.030729254193150108;-0.48521256726432327;-0.4361122207682917;-0.15220388682955227;-0.40599897147057507;-0.18749999999999997;0.0
Cc1ccn2c(=O)cc(CN(Cc3ccc(Cl)cc3)CC(C)C)nc2c1;0.5402465388951354;-0.010290551310833377;-0.16957679805484424;-0.3851146642402806;1.7449728550113701;-0.4038847501309328;-0.6209838283181613;-0.49920768260333204;4.046856703705712;-0.030729254193150108;-0.48521256726432327;-0.4361122207682917;-0.15220388682955227;-0.40599897147057507;-0.18749999999999997;0.0
Cc1ccn2c(=O)cc(CN(Cc3ccccc3)CC(C)C)nc2c1;0.1448948892115773;0.2600017403506964;-0.16957679805484424;-0.3851146642402806;1.7449728550113701;-0.4038847501309328;-0.6209838283181613;-0.49920768260333204;-0.24710536429033883;-0.030729254193150108;-0.48521256726432327;-0.4361122207682917;-0.15220388682955227;-0.40599897147057507;-0.18749999999999997;0.0
Cc1ccn2c(=O)cc(COc3cc(NC(=O)Nc4cc(Cl)ccc4C)ccc3C)nc2c1;0.1923375107840851;1.1020571003179926;4.3242083503985285;-0.3851146642402806;0.5907898780774372;0.16542088170256303;-0.6209838283181613;-0.49920768260333204;4.046856703705712;-0.030729254193150108;2.060952389667274;1.050315284101127;-0.15220388682955227;-0.40599897147057507;5.333333333333333;1.0
Cc1ccn2c(=O)cc(COc3ccc(NC(=O)C(C)(C)C)cc3)nc2c1;1.032751725057113;1.5372787697058816;-0.16957679805484424;-0.3851146642402806;1.720152152915091;-0.9731903819644286;-0.6209838283181613;-0.49920768260333204;-0.24710536429033883;-0.030729254193150108;-0.48521256726432327;-0.4361122207682917;-0.15220388682955227;-0.40599897147057507;-0.18749999999999997;0.0
Cc1ccn2c(=O)cc(COc3ccc(NC(=O)Nc4ccc5c(c4)OCCO5)cc3)nc2c1;-1.2541838260437357;0.9997879337755851;-0.16957679805484424;-0.3851146642402806;0.5907898780774372;-0.9731903819644286;-0.6209838283181613;-0.49920768260333204;-0.24710536429033883;-0.030729254193150108;2.060952389667274;1.050315284101127;-0.15220388682955227;-0.40599897147057507;-0.18749999999999997;1.0
Cc1ccn2c(=O)cc(COc3cccc(NC(=O)CCC4CCCC4)c3)nc2c1;-0.8308325162359331;0.9724206257418369;-0.16957679805484424;-0.3851146642402806;1.720152152915091;-0.9731903819644286;-0.6209838283181613;-0.49920768260333204;-0.24710536429033883;-0.030729254193150108;2.060952389667274;1.050315284101127;-0.15220388682955227;-0.40599897147057507;-0.18749999999999997;0.0
Cc1ccn2c(=O)cc(CSCC(=O)Nc3cccc(Cl)c3C)nc2c1;0.5402465388951354;-0.3371569224641171;4.3242083503985285;-0.3851146642402806;1.720152152915091;-0.4038847501309328;-0.6209838283181613;-0.49920768260333204;-0.24710536429033883;-0.030729254193150108;-0.48521256726432327;-0.4361122207682917;-0.15220388682955227;-0.40599897147057507;5.333333333333333;0.0
Cc1ccn2c(=O)cc(CSCC(=O)Nc3nnc(C(C)C)s3)nc2c1;0.5402465388951354;0.0841361046057757;-0.16957679805484424;-0.3851146642402806;2.9725317345355298;-0.9731903819644286;-0.6209838283181613;-0.49920768260333204;-0.24710536429033883;-0.030729254193150108;-0.48521256726432327;-0.4361122207682917;-0.15220388682955227;-0.40599897147057507;-0.18749999999999997;0.0
Cc1ccn2c(=O)cc(CSc3nnc(C)s3)nc2c1;-0.2994797437373544;0.0839210391529666;-0.16957679805484424;-0.3851146642402806;0.5907898780774372;-0.9731903819644286;-0.6209838283181613;-0.49920768260333204;-0.24710536429033883;-0.030729254193150108;-0.48521256726432327;-0.4361122207682917;-0.15220388682955227;-0.40599897147057507;-0.18749999999999997;1.0
Cc1ccn2c(C(=O)C(=O)c3ccccc3)c(-c3ccccc3)nc2c1;-0.9274194158126922;-1.1470241840032187;-0.16957679805484424;-0.3851146642402806;1.720152152915091;0.16542088170256303;-0.6209838283181613;-0.49920768260333204;-0.24710536429033883;-0.030729254193150108;-0.48521256726432327;-0.4361122207682917;-0.15220388682955227;-0.40599897147057507;-0.18749999999999997;0.0
Cc1ccn2c(C(=O)NN=C3CCCCC3)c(C)nc2c1;-0.2948863116063802;-0.22284064556726324;-0.16957679805484424;-0.3851146642402806;0.5907898780774372;-0.9731903819644286;-0.6209838283181613;-0.49920768260333204;-0.24710536429033883;-0.030729254193150108;-0.48521256726432327;-0.4361122207682917;-0.15220388682955227;-0.40599897147057507;-0.18749999999999997;1.0
Cc1ccn2c(F)c(-c3nnc(Cc4ccccc4)o3)nc2c1;-1.4839524893104412;-0.11532612976394195;-0.16957679805484424;-0.3851146642402806;-0.5385723967602168;-0.4038847501309328;-0.6209838283181613;-0.49920768260333204;-0.24710536429033883;-0.030729254193150108;-0.48521256726432327;-0.4361122207682917;-0.15220388682955227;-0.40599897147057507;-0.18749999999999997;1.0
Cc1ccn2c(NC(=O)/C=C/c3ccccc3)c(-c3ccccc3)nc2c1;-1.2941843677810347;-0.04012005222622364;-0.16957679805484424;-0.3851146642402806;0.5907898780774372;0.16542088170256303;-0.6209838283181613;-0.49920768260333204;-0.24710536429033883;-0.030729254193150108;-0.48521256726432327;-0.4361122207682917;-0.15220388682955227;-0.40599897147057507;-0.18749999999999997;1.0
Cc1ccn2c(NC(=O)/C=C/c3ccccc3)c(-c3ccccc3C)nc2c1;-0.8756764338965632;-0.0809692633568054;-0.16957679805484424;-0.3851146642402806;0.5907898780774372;0.7347265135360589;-0.6209838283181613;-0.49920768260333204;-0.24710536429033883;-0.030729254193150108;-0.48521256726432327;-0.4361122207682917;-0.15220388682955227;-0.40599897147057507;-0.18749999999999997;1.0
Cc1ccn2c(NC(=O)C(C)Cl)c(-c3ccc(F)cc3)nc2c1;0.6371940442710681;-1.4082733322874488;-0.16957679805484424;-0.3851146642402806;0.5907898780774372;-0.4038847501309328;1.6103478937742153;0.364022567901614;4.046856703705712;-0.030729254193150108;-0.48521256726432327;-0.4361122207682917;-0.15220388682955227;-0.40599897147057507;-0.18749999999999997;0.0
Cc1ccn2c(NC(=O)C3CC3)c(-c3ccc(F)cc3)nc2c1;-1.0219066001812638;-1.6073931641476005;-0.16957679805484424;-0.3851146642402806;0.5907898780774372;-0.4038847501309328;1.6103478937742153;0.364022567901614;-0.24710536429033883;-0.030729254193150108;-0.48521256726432327;-0.4361122207682917;-0.15220388682955227;-0.40599897147057507;-0.18749999999999997;1.0
Cc1ccn2c(Nc3ccc(C(C)C)cc3)c(-c3cccnc3)nc2c1;-0.9274194158126922;-0.34732660737111626;-0.16957679805484424;-0.3851146642402806;0.6354131422107596;0.16542088170256303;-0.6209838283181613;-0.49920768260333204;-0.24710536429033883;-0.030729254193150108;-0.48521256726432327;-0.4361122207682917;-0.15220388682955227;-0.40599897147057507;-0.18749999999999997;1.0
Cc1ccn2c(Nc3ccc4c(c3)OCCO4)c(-c3ccc(C)o3)nc2c1;-1.9203030315758987;-0.38729917945463843;-0.16957679805484424;-0.3851146642402806;-0.5385723967602168;-0.9731903819644286;-0.6209838283181613;-0.49920768260333204;-0.24710536429033883;-0.030729254193150108;-0.48521256726432327;-0.4361122207682917;-0.15220388682955227;-0.40599897147057507;-0.18749999999999997;1.0
Cc1ccn2c(Nc3ccc4c(c3)OCCO4)c(-c3ccc(N4CCOCC4)cc3)nc2c1;-2.442380219360722;-0.9165219778129701;-0.16957679805484424;-0.3851146642402806;-0.5385723967602168;-0.4038847501309328;-0.6209838283181613;-0.49920768260333204;-0.24710536429033883;-0.030729254193150108;-0.48521256726432327;-0.4361122207682917;-0.15220388682955227;-0.40599897147057507;-0.18749999999999997;1.0
Cc1ccn2c(Nc3ccccc3)c(-c3ccc(C)o3)nc2c1;-1.4839524893104412;-0.6076603336884032;-0.16957679805484424;-0.3851146642402806;-0.5385723967602168;-0.9731903819644286;-0.6209838283181613;-0.49920768260333204;-0.24710536429033883;-0.030729254193150108;-0.48521256726432327;-0.4361122207682917;-0.15220388682955227;-0.40599897147057507;-0.18749999999999997;1.0
Cc1ccn2c(Nc3ccccc3C)c(-c3ccc(N4CCOCC4)cc3)nc2c1;-1.74857449531701;-2.0523389416687845;-0.16957679805484424;-0.3851146642402806;-0.5385723967602168;0.16542088170256303;-0.6209838283181613;-0.49920768260333204;-0.24710536429033883;-0.030729254193150108;-0.48521256726432327;-0.4361122207682917;-0.15220388682955227;-0.40599897147057507;-0.18749999999999997;1.0
Cc1ccn2c(Nc3ccccc3C)c(-c3ccccc3)nc2c1;-1.4305802051302958;-1.8595767248809711;-0.16957679805484424;-0.3851146642402806;-0.5385723967602168;0.16542088170256303;-0.6209838283181613;-0.49920768260333204;-0.24710536429033883;-0.030729254193150108;-0.48521256726432327;-0.4361122207682917;-0.15220388682955227;-0.40599897147057507;-0.18749999999999997;1.0
Cc1ccn2c(c1)nc(=O)c1cc(S(=O)(=O)N3CCCC(C)C3)c(Cl)cc12;0.4066330612622563;-1.172084474814103;4.3242083503985285;-0.3851146642402806;-0.4458020348823024;-0.4038847501309328;-0.6209838283181613;-0.49920768260333204;4.046856703705712;-0.030729254193150108;2.060952389667274;2.536742788970546;-0.15220388682955227;-0.40599897147057507;5.333333333333333;0.0
Cc1ccn2cc(-c3ccc(C)c(NS(=O)(=O)c4ccc(C)c(C)c4)c3)nc2c1;0.36458818331402776;-0.010805831820817876;-0.16957679805484424;-0.3851146642402806;-0.46286595987428214;1.3040321453695547;-0.6209838283181613;-0.49920768260333204;-0.24710536429033883;-0.030729254193150108;-0.48521256726432327;-0.4361122207682917;-0.15220388682955227;-0.40599897147057507;-0.18749999999999997;1.0
Cc1ccn2cc(-c3ccc(NC(=O)C(C)(C)C)cc3)nc2n1;0.7856222522834303;0.3316446356558067;-0.16957679805484424;-0.3851146642402806;0.5907898780774372;-0.9731903819644286;-0.6209838283181613;-0.49920768260333204;-0.24710536429033883;-0.030729254193150108;-0.48521256726432327;-0.4361122207682917;-0.15220388682955227;-0.40599897147057507;-0.18749999999999997;0.0
Cc1ccn2cc(-c3ccc(NC(=O)C4CCCCC4)cc3)nc2n1;-1.3814777036845647;-0.6086976256141485;-0.16957679805484424;-0.3851146642402806;0.5907898780774372;-0.9731903819644286;-0.6209838283181613;-0.49920768260333204;-0.24710536429033883;-0.030729254193150108;-0.48521256726432327;-0.4361122207682917;-0.15220388682955227;-0.40599897147057507;-0.18749999999999997;1.0
Cc1ccn2cc(-c3ccc(NC(=O)c4ccc(Cl)cc4)cc3)nc2n1;-0.9274194158126922;0.04702059435011477;4.3242083503985285;-0.3851146642402806;0.5907898780774372;-0.4038847501309328;-0.6209838283181613;-0.49920768260333204;4.046856703705712;-0.030729254193150108;-0.48521256726432327;-0.4361122207682917;-0.15220388682955227;-0.40599897147057507;5.333333333333333;1.0
Cc1ccn2cc(-c3ccc(NS(=O)(=O)c4ccc(I)cc4)cc3)nc2n1;-0.3805562313282031;0.8391075055706383;-0.16957679805484424;-0.3851146642402806;0.573725953085457;-0.9731903819644286;-0.6209838283181613;-0.49920768260333204;-0.24710536429033883;-0.030729254193150108;-0.48521256726432327;-0.4361122207682917;-0.15220388682955227;-0.40599897147057507;-0.18749999999999997;0.0
Cc1ccn2cc(-c3cccc(S(=O)(=O)N4CC(C)OC(C)C4)c3)nc2c1;0.013038414967022988;-0.8632514377708549;-0.16957679805484424;-0.3851146642402806;-1.5751643097199564;-0.4038847501309328;-0.6209838283181613;-0.49920768260333204;-0.24710536429033883;-0.030729254193150108;-0.48521256726432327;-0.4361122207682917;-0.15220388682955227;-0.40599897147057507;-0.18749999999999997;1.0
Cc1ccn2cc(C(=O)NCCCN3CCCC3=O)nc2c1;-0.29071046421457947;0.1514667790812671;-0.16957679805484424;1.6258289027286723;0.6835602399553516;-0.9731903819644286;-0.6209838283181613;-0.49920768260333204;-0.24710536429033883;-0.030729254193150108;-0.48521256726432327;-0.4361122207682917;-0.15220388682955227;-0.40599897147057507;-0.18749999999999997;0.0
Cc1ccn2cc(C(=O)NCCCN3CCOCC3)nc2c1;-0.7737584392132657;0.08663058123530883;-0.16957679805484424;-0.3851146642402806;0.708380942051631;-0.9731903819644286;-0.6209838283181613;-0.49920768260333204;-0.24710536429033883;-0.030729254193150108;-0.48521256726432327;-0.4361122207682917;-0.15220388682955227;-0.40599897147057507;-0.18749999999999997;0.0
Cc1ccn2cc(C(=O)NCc3ccc(F)cc3)nc2c1;-0.2948863116063802;0.48227722309322285;-0.16957679805484424;-0.3851146642402806;-0.4458020348823024;-0.4038847501309328;1.6103478937742153;0.364022567901614;-0.24710536429033883;-0.030729254193150108;-0.48521256726432327;-0.4361122207682917;-0.15220388682955227;-0.40599897147057507;-0.18749999999999997;1.0
Cc1ccn2cc(C(=O)NCc3ccccc3)nc2c1;-0.8308325162359043;0.4899386743078375;-0.16957679805484424;-0.3851146642402806;-0.4458020348823024;-0.4038847501309328;-0.6209838283181613;-0.49920768260333204;-0.24710536429033883;-0.030729254193150108;-0.48521256726432327;-0.4361122207682917;-0.15220388682955227;-0.40599897147057507;-0.18749999999999997;0.0
Cc1ccn2cc(C(=O)NCc3ccccc3F)nc2c1;-0.2948863116063802;0.4889999463900374;-0.16957679805484424;-0.3851146642402806;-0.4458020348823024;-0.4038847501309328;-0.6209838283181613;-0.49920768260333204;-0.24710536429033883;-0.030729254193150108;-0.48521256726432327;-0.4361122207682917;-0.15220388682955227;2.463060426921489;-0.18749999999999997;1.0
Cc1ccn2cc(CNc3ccc(F)cc3)nc2c1;-0.8638754029332277;0.48844393565866445;-0.16957679805484424;-0.3851146642402806;-1.5751643097199564;-0.9731903819644286;-0.6209838283181613;-0.49920768260333204;-0.24710536429033883;-0.030729254193150108;-0.48521256726432327;-0.4361122207682917;-0.15220388682955227;-0.40599897147057507;-0.18749999999999997;1.0
Cc1ccnc(N)c1;2.45374619350589;0.06743189128518064;-0.16957679805484424;-0.3851146642402806;-1.5751643097199564;-0.9731903819644286;-0.6209838283181613;-0.49920768260333204;-0.24710536429033883;-0.030729254193150108;-0.48521256726432327;-0.4361122207682917;-0.15220388682955227;-0.40599897147057507;-0.18749999999999997;1.0
Cc1ccnc(N2C(=O)c3cccc4c([N+](=O)[O-])ccc(c34)C2=O)c1;-0.10623104968803655;-1.034634504224475;-0.16957679805484424;-0.3851146642402806;3.06600698088233;1.3040321453695547;-0.6209838283181613;-0.49920768260333204;-0.24710536429033883;-0.030729254193150108;-0.48521256726432327;-0.4361122207682917;-0.15220388682955227;-0.40599897147057507;-0.18749999999999997;0.0
Cc1ccnc(N2C(=O)c3cccnc3C2=O)c1;-0.31019775204296585;-0.2516565743755476;-0.16957679805484424;1.6258289027286723;1.8575457789263279;-0.4038847501309328;-0.6209838283181613;-0.49920768260333204;-0.24710536429033883;-0.030729254193150108;-0.48521256726432327;-0.4361122207682917;-0.15220388682955227;-0.40599897147057507;-0.18749999999999997;0.0
Cc1ccnc(N2CCC(C(=O)N3CCC(C(N)=O)(N4CCCCC4)CC3)CC2)n1;-0.36280237509408747;1.357010971260123;-0.16957679805484424;-0.3851146642402806;1.8377432168892849;-1.5424960137979244;-0.6209838283181613;-0.49920768260333204;-0.24710536429033883;-0.030729254193150108;-0.48521256726432327;-0.4361122207682917;-0.15220388682955227;-0.40599897147057507;-0.18749999999999997;1.0
Cc1ccnc(N2CCC(C(=O)N3CCN(Cc4ccc5c(c4)OCO5)CC3)CC2)n1;-1.698717823499917;1.112660596602322;-0.16957679805484424;1.6258289027286723;0.708380942051631;-0.9731903819644286;-0.6209838283181613;-0.49920768260333204;-0.24710536429033883;-0.030729254193150108;-0.48521256726432327;-0.4361122207682917;-0.15220388682955227;-0.40599897147057507;-0.18749999999999997;0.0
Cc1ccnc(N2CCC(C(=O)N3CCN(c4ccc(F)cc4)CC3)CC2)n1;-0.8756764338965705;1.8297805045182274;-0.16957679805484424;-0.3851146642402806;-0.4458020348823024;-1.5424960137979244;-0.6209838283181613;-0.49920768260333204;-0.24710536429033883;-0.030729254193150108;-0.48521256726432327;-0.4361122207682917;-0.15220388682955227;-0.40599897147057507;-0.18749999999999997;0.0
Cc1ccnc(N2CCC(C(=O)NC(C)c3ccccc3)CC2)n1;-0.2834027312789409;0.687419019585761;-0.16957679805484424;-0.3851146642402806;-0.4458020348823024;-0.9731903819644286;-0.6209838283181613;-0.49920768260333204;-0.24710536429033883;-0.030729254193150108;-0.48521256726432327;-0.4361122207682917;-0.15220388682955227;-0.40599897147057507;-0.18749999999999997;1.0
Cc1ccnc(N2CCC(C(=O)NC3CCCCC3)CC2)n1;-0.7737584392132657;0.7472354146287236;-0.16957679805484424;-0.3851146642402806;-0.4458020348823024;-1.5424960137979244;-0.6209838283181613;-0.49920768260333204;-0.24710536429033883;-0.030729254193150108;-0.48521256726432327;-0.4361122207682917;-0.15220388682955227;-0.40599897147057507;-0.18749999999999997;0.0
Cc1ccnc(N2CCC(C(=O)NCCCN3CCCC(C)C3)CC2)n1;-0.27721926494878907;1.3018574013932853;-0.16957679805484424;-0.3851146642402806;-0.4458020348823024;-1.5424960137979244;-0.6209838283181613;-0.49920768260333204;-0.24710536429033883;-0.030729254193150108;-0.48521256726432327;-0.4361122207682917;-0.15220388682955227;-0.40599897147057507;-0.18749999999999997;0.0
Cc1ccnc(N2CCC(C(=O)NCCc3ccc(S(N)(=O)=O)cc3)CC2)n1;0.6090794091994318;0.9182428023032159;-0.16957679805484424;-0.3851146642402806;-0.4458020348823024;-0.9731903819644286;-0.6209838283181613;-0.49920768260333204;-0.24710536429033883;-0.030729254193150108;-0.48521256726432327;-0.4361122207682917;-0.15220388682955227;-0.40599897147057507;-0.18749999999999997;0.0
Cc1ccnc(N2CCC(C(=O)NCc3ccc(F)cc3Cl)CC2)n1;0.1448948892115773;-0.4786531730638505;4.3242083503985285;-0.3851146642402806;-0.4458020348823024;-0.9731903819644286;1.6103478937742153;0.364022567901614;-0.24710536429033883;-0.030729254193150108;-0.48521256726432327;-0.4361122207682917;-0.15220388682955227;-0.40599897147057507;5.333333333333333;0.0
Cc1ccnc(N2CCC(C(=O)NCc3ccccc3C)CC2)n1;-0.2834027312789409;-0.663648000463155;-0.16957679805484424;-0.3851146642402806;-0.4458020348823024;-0.4038847501309328;-0.6209838283181613;-0.49920768260333204;-0.24710536429033883;-0.030729254193150108;-0.48521256726432327;-0.4361122207682917;-0.15220388682955227;-0.40599897147057507;-0.18749999999999997;1.0
Cc1ccnc(N2CCC(C(=O)Nc3ccc(Cl)cc3C)CC2)n1;0.15939124580318756;0.9406390820888726;-0.16957679805484424;-0.3851146642402806;-0.4458020348823024;-0.9731903819644286;-0.6209838283181613;-0.49920768260333204;-0.24710536429033883;-0.030729254193150108;-0.48521256726432327;-0.4361122207682917;-0.15220388682955227;-0.40599897147057507;-0.18749999999999997;1.0
Cc1ccnc(N2CCC(C(=O)Nc3ccc(F)cc3F)CC2)n1;0.15939124580318756;0.7329361213939126;-0.16957679805484424;-0.3851146642402806;-0.4458020348823024;-1.5424960137979244;-0.6209838283181613;-0.49920768260333204;-0.24710536429033883;-0.030729254193150108;-0.48521256726432327;-0.4361122207682917;-0.15220388682955227;-0.40599897147057507;-0.18749999999999997;1.0
Cc1ccnc(N2CCCC(C(=O)N3CCN(C4CCCCC4)CC3)C2)n1;-1.2941843677810418;0.30366618276095647;-0.16957679805484424;-0.3851146642402806;0.708380942051631;-1.5424960137979244;-0.6209838283181613;-0.49920768260333204;-0.24710536429033883;-0.030729254193150108;-0.48521256726432327;-0.4361122207682917;-0.15220388682955227;-0.40599897147057507;-0.18749999999999997;0.0
Cc1ccnc(N2CCCC(C(=O)N3CCN(c4ccccn4)CC3)C2)n1;-1.2941843677810418;0.45829712411309353;-0.16957679805484424;-0.3851146642402806;-0.4458020348823024;-1.5424960137979244;-0.6209838283181613;-0.49920768260333204;-0.24710536429033883;-0.030729254193150108;-0.48521256726432327;-0.4361122207682917;-0.15220388682955227;-0.40599897147057507;-0.18749999999999997;0.0
Cc1ccnc(N2CCCC(C(=O)N3CCOCC3)C2)n1;-0.8009365711288127;0.09681557392617043;-0.16957679805484424;-0.3851146642402806;-0.4458020348823024;-1.5424960137979244;-0.6209838283181613;-0.49920768260333204;-0.24710536429033883;-0.030729254193150108;-0.48521256726432327;-0.4361122207682917;-0.15220388682955227;-0.40599897147057507;-0.18749999999999997;0.0
Cc1ccnc(N2CCCC(C(=O)NCC3CCN(Cc4ccccc4C)CC3)C2)n1;-0.8105804243891837;0.19414072302083488;-0.16957679805484424;-0.3851146642402806;0.708380942051631;-0.4038847501309328;-0.6209838283181613;-0.49920768260333204;-0.24710536429033883;-0.030729254193150108;-0.48521256726432327;-0.4361122207682917;-0.15220388682955227;-0.40599897147057507;-0.18749999999999997;0.0
Cc1ccnc(N2CCCC(C(=O)NCCCN3CCCC3=O)C2)n1;-0.2801873287872654;0.32818051549363064;-0.16957679805484424;1.6258289027286723;0.6835602399553516;-1.5424960137979244;-0.6209838283181613;-0.49920768260333204;-0.24710536429033883;-0.030729254193150108;-0.48521256726432327;-0.4361122207682917;-0.15220388682955227;-0.40599897147057507;-0.18749999999999997;0.0
Cc1ccnc(N2CCCC(C(=O)NCCCN3CCc4ccccc4C3)C2)n1;-1.218931492002129;0.3479827148009504;-0.16957679805484424;-0.3851146642402806;0.708380942051631;-0.4038847501309328;-0.6209838283181613;-0.49920768260333204;-0.24710536429033883;-0.030729254193150108;-0.48521256726432327;-0.4361122207682917;-0.15220388682955227;-0.40599897147057507;-0.18749999999999997;0.0
Cc1ccnc(N2CCCC(C(=O)NCCCOC(C)C)C2)n1;0.9101570213358601;0.20123073942366887;-0.16957679805484424;-0.3851146642402806;-0.4458020348823024;-1.5424960137979244;-0.6209838283181613;-0.49920768260333204;-0.24710536429033883;-0.030729254193150108;2.060952389667274;1.050315284101127;-0.15220388682955227;-0.40599897147057507;-0.18749999999999997;0.0
Cc1ccnc(N2CCCC(C(=O)NCCc3c[nH]c4ccc(Cl)cc34)C2)n1;-0.8756764338965632;-0.0025889915822824134;-0.16957679805484424;-0.3851146642402806;-0.4458020348823024;-0.4038847501309328;-0.6209838283181613;-0.49920768260333204;-0.24710536429033883;-0.030729254193150108;-0.48521256726432327;-0.4361122207682917;-0.15220388682955227;-0.40599897147057507;-0.18749999999999997;1.0
Cc1ccnc(N2CCCC(C(=O)NCCc3ccccc3)C2)n1;-0.7261967083610693;-0.3876807672138812;-0.16957679805484424;-0.3851146642402806;-0.4458020348823024;-0.9731903819644286;-0.6209838283181613;-0.49920768260333204;-0.24710536429033883;-0.030729254193150108;-0.48521256726432327;-0.4361122207682917;-0.15220388682955227;-0.40599897147057507;-0.18749999999999997;1.0
Cc1ccnc(N2CCCC(C(=O)NCc3c(C)noc3C)C2)n1;0.15939124580318756;-0.7888881124067583;-0.16957679805484424;-0.3851146642402806;-0.4458020348823024;-0.9731903819644286;-0.6209838283181613;-0.49920768260333204;-0.24710536429033883;-0.030729254193150108;2.060952389667274;1.050315284101127;-0.15220388682955227;-0.40599897147057507;-0.18749999999999997;1.0
Cc1ccnc(N2CCCC(C(=O)NCc3ccccc3C)C2)n1;-0.2834027312789409;-0.7161039118383994;-0.16957679805484424;-0.3851146642402806;-0.4458020348823024;-0.4038847501309328;-0.6209838283181613;-0.49920768260333204;-0.24710536429033883;-0.030729254193150108;-0.48521256726432327;-0.4361122207682917;-0.15220388682955227;-0.40599897147057507;-0.18749999999999997;1.0
Cc1ccnc(N2CCCC(C(=O)NCc3ccccc3F)C2)n1;-0.2834027312789409;-0.015770276925642635;-0.16957679805484424;-0.3851146642402806;-0.4458020348823024;-0.9731903819644286;-0.6209838283181613;-0.49920768260333204;-0.24710536429033883;-0.030729254193150108;-0.48521256726432327;-0.4361122207682917;-0.15220388682955227;2.463060426921489;-0.18749999999999997;1.0
Cc1ccnc(NC(=O)C(C)(C)Oc2ccc(Cl)cc2)c1;1.6847881458549563;-1.6273892788982618;-0.16957679805484424;-0.3851146642402806;-0.4458020348823024;-0.9731903819644286;-0.6209838283181613;-0.49920768260333204;-0.24710536429033883;-0.030729254193150108;-0.48521256726432327;-0.4361122207682917;-0.15220388682955227;-0.40599897147057507;-0.18749999999999997;0.0
Cc1ccnc(NC(=O)C(C)(C)Oc2ccc(Cl)cc2)n1;1.6847881458549563;-1.4782875477880264;-0.16957679805484424;-0.3851146642402806;0.8065775467381363;-1.5424960137979244;-0.6209838283181613;-0.49920768260333204;-0.24710536429033883;-0.030729254193150108;-0.48521256726432327;-0.4361122207682917;-0.15220388682955227;-0.40599897147057507;-0.18749999999999997;0.0
Cc1ccnc(NC(=O)C2CC(=O)N(c3n[nH]c4cccc(F)c34)C2)c1;-0.5186865138907191;-0.22821645208925995;-0.16957679805484424;1.6258289027286723;3.0387473314941382;-0.4038847501309328;-0.6209838283181613;-0.49920768260333204;-0.24710536429033883;-0.030729254193150108;-0.48521256726432327;-0.4361122207682917;-0.15220388682955227;2.463060426921489;-0.18749999999999997;0.0
Cc1ccnc(NC(=O)C2CCCN(S(=O)(=O)c3c(C)noc3/C=C/c3cc(C)ccc3C)C2)c1;0.5709144786330419;-1.4393032093254634;-0.16957679805484424;-0.3851146642402806;-0.4458020348823024;0.7347265135360589;-0.6209838283181613;-0.49920768260333204;-0.24710536429033883;-0.030729254193150108;2.060952389667274;2.536742788970546;-0.15220388682955227;-0.40599897147057507;-0.18749999999999997;0.0
Cc1ccnc(NC(=O)C2CCCN(S(=O)(=O)c3ccc4c(c3)oc(=O)n4C)C2)c1;0.34566798823733397;-0.1941325432057174;-0.16957679805484424;-0.3851146642402806;0.6299868994021683;-0.9731903819644286;-0.6209838283181613;-0.49920768260333204;-0.24710536429033883;-0.030729254193150108;2.060952389667274;2.536742788970546;6.5701344481423405;-0.40599897147057507;-0.18749999999999997;0.0
Cc1ccnc(NC(=O)C2CCCN(c3cc(=O)n(C)c(=O)n3C)C2)c1;0.9489794408171012;0.3377716642889373;-0.16957679805484424;-0.3851146642402806;2.835138108524294;-0.9731903819644286;-0.6209838283181613;-0.49920768260333204;-0.24710536429033883;-0.030729254193150108;-0.48521256726432327;-0.4361122207682917;-0.15220388682955227;-0.40599897147057507;-0.18749999999999997;0.0
Cc1ccnc(NC(=O)C2CCN(C(=O)c3ccc(-c4noc(C)n4)cc3)CC2)c1;-0.47659733457022607;-0.5728872756400649;-0.16957679805484424;-0.3851146642402806;0.6835602399553516;0.16542088170256303;-0.6209838283181613;-0.49920768260333204;-0.24710536429033883;-0.030729254193150108;-0.48521256726432327;-0.4361122207682917;-0.15220388682955227;-0.40599897147057507;-0.18749999999999997;0.0
Cc1ccnc(NC(=O)C2CCN(S(=O)(=O)c3ccc4c(c3)CC(C)N4C(=O)C3CC3)CC2)c1;-0.21609514562614995;0.22924152786287044;-0.16957679805484424;1.6258289027286723;0.6835602399553516;-0.4038847501309328;-0.6209838283181613;-0.49920768260333204;-0.24710536429033883;-0.030729254193150108;-0.48521256726432327;-0.4361122207682917;6.5701344481423405;-0.40599897147057507;-0.18749999999999997;0.0
Cc1ccnc(NC(=O)C2CCN(S(=O)(=O)c3cccnc3)CC2)c1;0.28144884058294795;-0.5400329236486293;-0.16957679805484424;-0.3851146642402806;0.728183504088674;-0.9731903819644286;-0.6209838283181613;-0.49920768260333204;-0.24710536429033883;-0.030729254193150108;-0.48521256726432327;-0.4361122207682917;6.5701344481423405;-0.40599897147057507;-0.18749999999999997;0.0
Cc1ccnc(NC(=O)CCCCC(=O)O)c1;2.297465966300442;0.025704795535385214;-0.16957679805484424;-0.3851146642402806;0.6835602399553516;-0.9731903819644286;-0.6209838283181613;-0.49920768260333204;-0.24710536429033883;-0.030729254193150108;-0.48521256726432327;-0.4361122207682917;-0.15220388682955227;-0.40599897147057507;-0.18749999999999997;0.0
Cc1ccnc(NC(=O)CCNS(=O)(=O)c2cc(Br)cnc2N)c1;1.891606396081846;0.3065875804793882;-0.16957679805484424;-0.3851146642402806;-0.4458020348823024;-0.9731903819644286;-0.6209838283181613;-0.49920768260333204;-0.24710536429033883;-0.030729254193150108;2.060952389667274;2.536742788970546;-0.15220388682955227;-0.40599897147057507;-0.18749999999999997;0.0
Cc1ccnc(NC(=O)CCc2nnc3ccc(N4CCC5(CC4)OCCO5)nn23)c1;-1.588593669168159;-0.30412083071038776;-0.16957679805484424;1.6258289027286723;-0.4458020348823024;-0.9731903819644286;-0.6209838283181613;-0.49920768260333204;-0.24710536429033883;-0.030729254193150108;-0.48521256726432327;-0.4361122207682917;-0.15220388682955227;-0.40599897147057507;-0.18749999999999997;1.0
Cc1ccnc(NC(=O)CCn2cnc3oc(C)c(C)c3c2=O)c1;0.602185222885316;0.4608472402027023;-0.16957679805484424;-0.3851146642402806;1.7593491742398217;0.16542088170256303;-0.6209838283181613;-0.49920768260333204;-0.24710536429033883;-0.030729254193150108;2.060952389667274;1.050315284101127;-0.15220388682955227;-0.40599897147057507;-0.18749999999999997;0.0
Cc1ccnc(NC(=O)COc2ccc(Cl)cc2Cl)n1;1.0771332248842715;1.2029869251910643;4.3242083503985285;-0.3851146642402806;0.8065775467381363;-1.5424960137979244;-0.6209838283181613;-0.49920768260333204;4.046856703705712;-0.030729254193150108;-0.48521256726432327;-0.4361122207682917;-0.15220388682955227;-0.40599897147057507;5.333333333333333;0.0
Cc1ccnc(NC(=O)CSc2ncc(-c3ccccc3)nn2)c1;-0.7261967083610693;-0.9680903003244193;-0.16957679805484424;-0.3851146642402806;-0.4458020348823024;-0.4038847501309328;-0.6209838283181613;-0.49920768260333204;-0.24710536429033883;-0.030729254193150108;-0.48521256726432327;-0.4361122207682917;-0.15220388682955227;-0.40599897147057507;-0.18749999999999997;0.0
Cc1ccnc(NC(=O)CSc2nnc3c4ccccc4n(Cc4ccccc4)c3n2)c1;-1.6519771936713818;-1.5920921795397354;-0.16957679805484424;-0.3851146642402806;-0.4458020348823024;0.16542088170256303;-0.6209838283181613;-0.49920768260333204;-0.24710536429033883;-0.030729254193150108;-0.48521256726432327;-0.4361122207682917;-0.15220388682955227;-0.40599897147057507;-0.18749999999999997;1.0
Cc1ccnc(NC(=O)Cc2c(C(=O)O)c(C)cn2C)c1;2.0282741775543234;0.45650674840018385;-0.16957679805484424;-0.3851146642402806;-0.4458020348823024;0.16542088170256303;-0.6209838283181613;-0.49920768260333204;-0.24710536429033883;-0.030729254193150108;2.060952389667274;2.536742788970546;-0.15220388682955227;-0.40599897147057507;-0.18749999999999997;0.0
Cc1ccnc(NC(=O)Cn2c(=O)c(C)nc3ccccc32)c1;0.17514815514189058;1.4690981569766686;-0.16957679805484424;-0.3851146642402806;1.7593491742398217;-0.9731903819644286;-0.6209838283181613;-0.49920768260333204;-0.24710536429033883;-0.030729254193150108;-0.48521256726432327;-0.4361122207682917;-0.15220388682955227;-0.40599897147057507;-0.18749999999999997;1.0
Cc1ccnc(NC(=O)Cn2c(=O)oc3ccccc32)c1;-0.2948863116063802;1.0533877186698837;-0.16957679805484424;-0.3851146642402806;0.6299868994021683;-0.9731903819644286;-0.6209838283181613;-0.49920768260333204;-0.24710536429033883;-0.030729254193150108;-0.48521256726432327;-0.4361122207682917;-0.15220388682955227;-0.40599897147057507;-0.18749999999999997;1.0
Cc1ccnc(NC(=O)Cn2ncc3c2-c2ccccc2OC3)c1;-1.4305802051302958;1.387177870910662;-0.16957679805484424;-0.3851146642402806;0.657005475036045;0.16542088170256303;-0.6209838283181613;-0.49920768260333204;-0.24710536429033883;-0.030729254193150108;-0.48521256726432327;-0.4361122207682917;-0.15220388682955227;-0.40599897147057507;-0.18749999999999997;1.0
Cc1ccnc(NC(=O)NCc2noc3ccc(C)cc23)c1;-0.29071046421457947;0.06527746217928067;-0.16957679805484424;-0.3851146642402806;-0.3227847280995177;0.16542088170256303;-0.6209838283181613;-0.49920768260333204;-0.24710536429033883;-0.030729254193150108;2.060952389667274;1.050315284101127;-0.15220388682955227;-0.40599897147057507;-0.18749999999999997;1.0
Cc1ccnc(NC(=O)Nc2cc(C(F)(F)F)ccc2Cl)c1;2.0820267656335583;0.5197162913133359;-0.16957679805484424;-0.3851146642402806;-0.3227847280995177;-0.4038847501309328;-0.6209838283181613;-0.49920768260333204;-0.24710536429033883;-0.030729254193150108;-0.48521256726432327;-0.4361122207682917;-0.15220388682955227;-0.40599897147057507;-0.18749999999999997;0.0
Cc1ccnc(NC(=O)Nc2ccccc2Br)c1;0.628980243649341;0.40529032436836576;-0.16957679805484424;-0.3851146642402806;-0.3227847280995177;-0.9731903819644286;-0.6209838283181613;-0.49920768260333204;-0.24710536429033883;-0.030729254193150108;-0.48521256726432327;-0.4361122207682917;-0.15220388682955227;-0.40599897147057507;-0.18749999999999997;0.0
Cc1ccnc(NC(=O)c2c(C(=O)O)cccc2[N+](=O)[O-])c1;1.926851820893351;-0.7523157266756527;-0.16957679805484424;-0.3851146642402806;1.9366447060446763;0.16542088170256303;-0.6209838283181613;-0.49920768260333204;-0.24710536429033883;-0.030729254193150108;2.060952389667274;5.509597798709383;-0.15220388682955227;-0.40599897147057507;-0.18749999999999997;0.0
Cc1ccnc(NC(=O)c2c(C)nn(C(F)F)c2C)c1;2.1398387698813783;-1.0013542546633987;-0.16957679805484424;-0.3851146642402806;-0.4458020348823024;-0.4038847501309328;1.6103478937742153;1.22725281840656;-0.24710536429033883;-0.030729254193150108;-0.48521256726432327;-0.4361122207682917;-0.15220388682955227;2.463060426921489;-0.18749999999999997;0.0
Cc1ccnc(NC(=O)c2c(C)oc3ncn(C)c(=O)c23)c1;0.675385485782793;0.09727839969231866;-0.16957679805484424;-0.3851146642402806;0.6835602399553516;0.16542088170256303;-0.6209838283181613;-0.49920768260333204;-0.24710536429033883;-0.030729254193150108;-0.48521256726432327;-0.4361122207682917;-0.15220388682955227;-0.40599897147057507;-0.18749999999999997;0.0
Cc1ccnc(NC(=O)c2cc(C(F)(F)F)n[nH]2)c1;1.8835045474172531;-0.4697895134060475;-0.16957679805484424;-0.3851146642402806;0.7552020797225507;-0.9731903819644286;1.6103478937742153;2.090483068911506;-0.24710536429033883;-0.030729254193150108;-0.48521256726432327;-0.4361122207682917;-0.15220388682955227;2.463060426921489;-0.18749999999999997;0.0
Cc1ccnc(NC(=O)c2ccc(COc3ccc(Cl)cc3)o2)c1;-0.2834027312789409;-0.30816690266450214;-0.16957679805484424;-0.3851146642402806;-0.4458020348823024;-0.9731903819644286;-0.6209838283181613;-0.49920768260333204;-0.24710536429033883;-0.030729254193150108;2.060952389667274;1.050315284101127;-0.15220388682955227;-0.40599897147057507;-0.18749999999999997;1.0
Cc1ccnc(NC(=O)c2ccccc2S(=O)(=O)CCC(C)C)c1;1.891606396081846;-1.4238380979156444;-0.16957679805484424;-0.3851146642402806;-0.4458020348823024;-0.4038847501309328;-0.6209838283181613;-0.49920768260333204;-0.24710536429033883;-0.030729254193150108;-0.48521256726432327;-0.4361122207682917;-0.15220388682955227;-0.40599897147057507;-0.18749999999999997;0.0
Cc1ccnc(NC(=O)c2ccco2)c1;0.08690946284517252;-0.10356271894325307;-0.16957679805484424;-0.3851146642402806;-0.4458020348823024;-0.9731903819644286;-0.6209838283181613;-0.49920768260333204;-0.24710536429033883;-0.030729254193150108;-0.48521256726432327;-0.4361122207682917;-0.15220388682955227;-0.40599897147057507;-0.18749999999999997;1.0
Cc1ccnc(NC(=O)c2ccn(COc3cc(C)c(Cl)c(C)c3)n2)c1;0.5402465388951354;-0.5633098570609982;-0.16957679805484424;-0.3851146642402806;-0.4458020348823024;0.16542088170256303;-0.6209838283181613;-0.49920768260333204;-0.24710536429033883;-0.030729254193150108;2.060952389667274;1.050315284101127;-0.15220388682955227;-0.40599897147057507;-0.18749999999999997;0.0
Cc1ccnc(NC(=O)c2nn3c(C(F)(F)F)cc(-c4ccco4)nc3c2Br)c1;0.364588183314035;0.3007459532635914;-0.16957679805484424;-0.3851146642402806;-0.4458020348823024;-0.9731903819644286;-0.6209838283181613;-0.49920768260333204;-0.24710536429033883;32.54228019054596;-0.48521256726432327;-0.4361122207682917;-0.15220388682955227;2.463060426921489;-0.18749999999999997;0.0
Cc1ccnc(NC(=O)c2noc3c2CSc2ccccc2-3)c1;-1.4839524893104412;0.09619170898809823;-0.16957679805484424;-0.3851146642402806;-0.4458020348823024;0.16542088170256303;-0.6209838283181613;-0.49920768260333204;-0.24710536429033883;-0.030729254193150108;-0.48521256726432327;-0.4361122207682917;-0.15220388682955227;-0.40599897147057507;-0.18749999999999997;1.0
Cc1ccnc(NC(NC(=O)c2ccco2)(C(F)(F)F)C(F)(F)F)c1;2.931093772219546;2.6447390807724953;-0.16957679805484424;-0.3851146642402806;-0.4458020348823024;-0.9731903819644286;-0.6209838283181613;-0.49920768260333204;-0.24710536429033883;-0.030729254193150108;-0.48521256726432327;-0.4361122207682917;-0.15220388682955227;2.463060426921489;-0.18749999999999997;0.0
Cc1ccnc(NC(c2cc(C)ccc2C)c2ccc3ccc(C)nc3c2O)c1;-0.11958092821201476;-0.5527181513337561;-0.16957679805484424;-0.3851146642402806;-1.5751643097199564;1.8733377772030504;-0.6209838283181613;-0.49920768260333204;-0.24710536429033883;-0.030729254193150108;-0.48521256726432327;-0.4361122207682917;-0.15220388682955227;-0.40599897147057507;-0.18749999999999997;1.0
Cc1ccnc(NC(c2cc(C)ccc2C)c2ccc3cccnc3c2O)c1;-0.49613873925473884;-1.1177836228184432;-0.16957679805484424;-0.3851146642402806;-0.40117877074897995;1.8733377772030504;-0.6209838283181613;-0.49920768260333204;-0.24710536429033883;-0.030729254193150108;-0.48521256726432327;-0.4361122207682917;-0.15220388682955227;-0.40599897147057507;-0.18749999999999997;0.0
Cc1ccnc(NC(c2cccc(Br)c2)c2ccc3ccc(C)nc3c2O)c1;-0.4961387392547316;-1.0025340036385717;-0.16957679805484424;-0.3851146642402806;-1.5751643097199564;0.7347265135360589;-0.6209838283181613;-0.49920768260333204;-0.24710536429033883;-0.030729254193150108;-0.48521256726432327;-0.4361122207682917;-0.15220388682955227;-0.40599897147057507;-0.18749999999999997;1.0
Cc1ccnc(NC(c2cccc(Cl)c2)c2ccc3ccc(C)nc3c2O)c1;-0.4961387392547316;-0.8737246933151867;-0.16957679805484424;-0.3851146642402806;-1.5751643097199564;0.7347265135360589;-0.6209838283181613;-0.49920768260333204;-0.24710536429033883;-0.030729254193150108;-0.48521256726432327;-0.4361122207682917;-0.15220388682955227;-0.40599897147057507;-0.18749999999999997;1.0
Cc1ccnc(NC(c2cccc(Cl)c2Cl)c2ccc3cccnc3c2O)c1;-0.49613873925473884;-1.0312604134038779;4.3242083503985285;-0.3851146642402806;-0.40117877074897995;0.7347265135360589;-0.6209838283181613;-0.49920768260333204;4.046856703705712;-0.030729254193150108;-0.48521256726432327;-0.4361122207682917;-0.15220388682955227;-0.40599897147057507;5.333333333333333;0.0
Cc1ccnc(NC(c2cccc(F)c2)c2ccc3ccc(C)nc3c2O)c1;-0.4961387392547316;-0.7515415057996587;-0.16957679805484424;-0.3851146642402806;-1.5751643097199564;0.7347265135360589;-0.6209838283181613;-0.49920768260333204;-0.24710536429033883;-0.030729254193150108;-0.48521256726432327;-0.4361122207682917;-0.15220388682955227;-0.40599897147057507;-0.18749999999999997;1.0
Cc1ccnc(NC(c2cccs2)c2c(NC(=O)c3ccco3)sc(C)c2C)c1;-0.48603111614205285;-2.2394921871951343;-0.16957679805484424;-0.3851146642402806;-0.4458020348823024;0.16542088170256303;-0.6209838283181613;-0.49920768260333204;-0.24710536429033883;-0.030729254193150108;-0.48521256726432327;-0.4361122207682917;-0.15220388682955227;-0.40599897147057507;-0.18749999999999997;1.0
Cc1ccnc(NC(c2ccsc2)c2c(NC(=O)c3ccco3)sc3c2CCCC3)c1;-1.6987178234999096;-2.2403007133398893;-0.16957679805484424;-0.3851146642402806;-0.4458020348823024;0.7347265135360589;-0.6209838283181613;-0.49920768260333204;-0.24710536429033883;-0.030729254193150108;-0.48521256726432327;-0.4361122207682917;-0.15220388682955227;-0.40599897147057507;-0.18749999999999997;1.0
Cc1ccnc(NP2(=O)COc3ccccc3OC2)c1;-0.6601400770216855;2.1771700974748907;-0.16957679805484424;-0.3851146642402806;-0.4998585778254499;-0.9731903819644286;-0.6209838283181613;-0.49920768260333204;-0.24710536429033883;-0.030729254193150108;-0.48521256726432327;-0.4361122207682917;-0.15220388682955227;-0.40599897147057507;-0.18749999999999997;1.0
Cc1ccnc(NS(=O)(=O)c2c(C)nn(-c3ccc(Cl)cc3)c2C)c1;1.131613276580648;-0.04062338707559226;-0.16957679805484424;-0.3851146642402806;-0.46286595987428214;-0.9731903819644286;-0.6209838283181613;-0.49920768260333204;4.046856703705712;-0.030729254193150108;-0.48521256726432327;-0.4361122207682917;-0.15220388682955227;-0.40599897147057507;-0.18749999999999997;1.0
Cc1ccnc(NS(=O)(=O)c2cc(-c3nc(C)c(C(=O)N4CCCC4)s3)n(C)c2)c1;0.34566798823732675;0.27062576586862797;-0.16957679805484424;1.6258289027286723;0.6664963149633719;-0.9731903819644286;-0.6209838283181613;-0.49920768260333204;-0.24710536429033883;-0.030729254193150108;-0.48521256726432327;-0.4361122207682917;6.5701344481423405;-0.40599897147057507;-0.18749999999999997;0.0
Cc1ccnc(NS(=O)(=O)c2ccc(Br)cc2)c1;1.4090304788857602;-0.4740976840383239;-0.16957679805484424;-0.3851146642402806;-0.46286595987428214;-0.9731903819644286;-0.6209838283181613;-0.49920768260333204;-0.24710536429033883;32.54228019054596;-0.48521256726432327;-0.4361122207682917;-0.15220388682955227;-0.40599897147057507;-0.18749999999999997;1.0
Cc1ccnc(NS(=O)(=O)c2ccc(Br)cc2)n1;1.4090304788857602;-0.9444332717828056;-0.16957679805484424;-0.3851146642402806;-1.5751643097199564;-1.5424960137979244;-0.6209838283181613;-0.49920768260333204;-0.24710536429033883;32.54228019054596;-0.48521256726432327;-0.4361122207682917;-0.15220388682955227;-0.40599897147057507;-0.18749999999999997;1.0
Cc1ccnc(NS(=O)(=O)c2ccc(C)c(C)c2)n1;1.8835045474172531;-0.3546450579733862;-0.16957679805484424;-0.3851146642402806;-1.5751643097199564;-0.4038847501309328;-0.6209838283181613;-0.49920768260333204;-0.24710536429033883;-0.030729254193150108;-0.48521256726432327;-0.4361122207682917;-0.15220388682955227;-0.40599897147057507;-0.18749999999999997;0.0
Cc1ccnc(NS(=O)(=O)c2ccc(C3CCCCC3)cc2)c1;-0.1384695259749247;-0.9534869747660564;-0.16957679805484424;-0.3851146642402806;-0.46286595987428214;-0.4038847501309328;-0.6209838283181613;-0.49920768260333204;-0.24710536429033883;-0.030729254193150108;-0.48521256726432327;-0.4361122207682917;-0.15220388682955227;-0.40599897147057507;-0.18749999999999997;1.0
Cc1ccnc(NS(=O)(=O)c2ccc(N)cc2)c1;1.4090304788857602;-0.6402404210208271;-0.16957679805484424;-0.3851146642402806;-0.46286595987428214;-0.9731903819644286;-0.6209838283181613;-0.49920768260333204;-0.24710536429033883;-0.030729254193150108;-0.48521256726432327;-0.4361122207682917;-0.15220388682955227;-0.40599897147057507;-0.18749999999999997;1.0
Cc1ccnc(NS(=O)(=O)c2ccc(N)cc2)n1;1.4090304788857602;-0.7093709732506155;-0.16957679805484424;-0.3851146642402806;-1.5751643097199564;-1.5424960137979244;-0.6209838283181613;-0.49920768260333204;-0.24710536429033883;-0.030729254193150108;-0.48521256726432327;-0.4361122207682917;-0.15220388682955227;-0.40599897147057507;-0.18749999999999997;1.0
Cc1ccnc(NS(=O)(=O)c2ccc(NC(=O)/C=C/c3ccccc3Cl)cc2)n1;0.5810760616757646;-0.3818644846483953;4.3242083503985285;-0.3851146642402806;-0.4458020348823024;-0.9731903819644286;-0.6209838283181613;-0.49920768260333204;4.046856703705712;-0.030729254193150108;-0.48521256726432327;-0.4361122207682917;-0.15220388682955227;-0.40599897147057507;5.333333333333333;0.0
Cc1ccnc(NS(=O)(=O)c2ccc(NC(=O)C(Cl)(Cl)Cl)cc2)n1;2.4766440725091567;0.6640646120385899;-0.16957679805484424;-0.3851146642402806;-0.4458020348823024;-1.5424960137979244;-0.6209838283181613;-0.49920768260333204;-0.24710536429033883;-0.030729254193150108;-0.48521256726432327;-0.4361122207682917;-0.15220388682955227;-0.40599897147057507;-0.18749999999999997;0.0
Cc1ccnc(NS(=O)(=O)c2ccc(NC(=O)C3CC(=O)N(C(C)(C)C)C3)cc2)n1;1.7314401084602709;0.2714024141652525;-0.16957679805484424;1.6258289027286723;0.6835602399553516;-1.5424960137979244;-0.6209838283181613;-0.49920768260333204;-0.24710536429033883;-0.030729254193150108;-0.48521256726432327;-0.4361122207682917;-0.15220388682955227;-0.40599897147057507;-0.18749999999999997;0.0
Cc1ccnc(NS(=O)(=O)c2ccc(NC(=O)C3CCN(C(=O)c4ccco4)CC3)cc2)n1;-0.026244509388248606;0.23652530459200918;-0.16957679805484424;-0.3851146642402806;0.6835602399553516;-1.5424960137979244;-0.6209838283181613;-0.49920768260333204;-0.24710536429033883;-0.030729254193150108;-0.48521256726432327;-0.4361122207682917;-0.15220388682955227;-0.40599897147057507;-0.18749999999999997;0.0
Cc1ccnc(NS(=O)(=O)c2ccc(NC(=O)CCCc3ccccc3)cc2)n1;0.2146258737457193;-0.47243281762206935;-0.16957679805484424;-0.3851146642402806;-0.4458020348823024;-0.9731903819644286;-0.6209838283181613;-0.49920768260333204;-0.24710536429033883;-0.030729254193150108;-0.48521256726432327;-0.4361122207682917;-0.15220388682955227;-0.40599897147057507;-0.18749999999999997;0.0
Cc1ccnc(NS(=O)(=O)c2ccc(NC(=O)Cc3ccc(Cl)cc3)cc2)n1;0.6090794091994318;-1.472862690560009;-0.16957679805484424;-0.3851146642402806;-0.4458020348823024;-0.9731903819644286;-0.6209838283181613;-0.49920768260333204;-0.24710536429033883;-0.030729254193150108;-0.48521256726432327;-0.4361122207682917;-0.15220388682955227;-0.40599897147057507;-0.18749999999999997;0.0
Cc1ccnc(NS(=O)(=O)c2ccc(NC(=O)Cc3ccc(F)cc3)cc2)n1;0.6090794091994318;-1.3633305446271762;-0.16957679805484424;-0.3851146642402806;-0.4458020348823024;-0.9731903819644286;-0.6209838283181613;-0.49920768260333204;-0.24710536429033883;-0.030729254193150108;-0.48521256726432327;-0.4361122207682917;-0.15220388682955227;-0.40599897147057507;-0.18749999999999997;0.0
Cc1ccnc(NS(=O)(=O)c2ccc(NC(=O)Nc3ccccc3)cc2)n1;0.2455624324666609;-0.9425354364491823;-0.16957679805484424;-0.3851146642402806;-1.5751643097199564;-1.5424960137979244;-0.6209838283181613;-0.49920768260333204;-0.24710536429033883;-0.030729254193150108;-0.48521256726432327;-0.4361122207682917;-0.15220388682955227;-0.40599897147057507;-0.18749999999999997;1.0
Cc1ccnc(NS(=O)(=O)c2ccc(NC(=O)c3cc4c(s3)CCCC4)cc2)n1;-0.36831219254605563;-0.052449741098422965;-0.16957679805484424;-0.3851146642402806;-0.4458020348823024;-0.9731903819644286;-0.6209838283181613;-0.49920768260333204;-0.24710536429033883;-0.030729254193150108;-0.48521256726432327;-0.4361122207682917;-0.15220388682955227;-0.40599897147057507;-0.18749999999999997;1.0
Cc1ccnc(NS(=O)(=O)c2ccc(NC(=O)c3ccc(Br)cc3)cc2)n1;0.639157078761887;0.32732155379520855;-0.16957679805484424;-0.3851146642402806;-0.4458020348823024;-0.9731903819644286;-0.6209838283181613;-0.49920768260333204;-0.24710536429033883;32.54228019054596;-0.48521256726432327;-0.4361122207682917;-0.15220388682955227;-0.40599897147057507;-0.18749999999999997;0.0
Cc1ccnc(NS(=O)(=O)c2ccc(NC(=O)c3ccc(Br)o3)cc2)n1;0.6715484152137646;-0.9244378630014132;-0.16957679805484424;-0.3851146642402806;-0.4458020348823024;-1.5424960137979244;-0.6209838283181613;-0.49920768260333204;-0.24710536429033883;-0.030729254193150108;-0.48521256726432327;-0.4361122207682917;-0.15220388682955227;-0.40599897147057507;-0.18749999999999997;0.0
Cc1ccnc(NS(=O)(=O)c2ccc(NC(=O)c3ccc(C)o3)cc2)n1;0.6715484152137646;-1.2300965475497583;-0.16957679805484424;-0.3851146642402806;-0.4458020348823024;-1.5424960137979244;-0.6209838283181613;-0.49920768260333204;-0.24710536429033883;-0.030729254193150108;-0.48521256726432327;-0.4361122207682917;-0.15220388682955227;-0.40599897147057507;-0.18749999999999997;0.0
Cc1ccnc(NS(=O)(=O)c2ccc(NC(=O)c3ccc(Cl)cc3)cc2)n1;0.639157078761887;0.07792017316113357;4.3242083503985285;-0.3851146642402806;-0.4458020348823024;-0.9731903819644286;-0.6209838283181613;-0.49920768260333204;4.046856703705712;-0.030729254193150108;-0.48521256726432327;-0.4361122207682917;-0.15220388682955227;-0.40599897147057507;5.333333333333333;0.0
Cc1ccnc(NS(=O)(=O)c2ccc(NC(=O)c3cccc(Cl)c3)cc2)n1;0.6391570787618942;-0.4543502223253992;-0.16957679805484424;-0.3851146642402806;-0.4458020348823024;-0.9731903819644286;-0.6209838283181613;-0.49920768260333204;-0.24710536429033883;-0.030729254193150108;-0.48521256726432327;-0.4361122207682917;-0.15220388682955227;-0.40599897147057507;-0.18749999999999997;0.0
Cc1ccnc(NS(=O)(=O)c2ccc(NC(=O)c3csc4c3CCCC4)cc2)n1;-0.36831219254605563;-1.1227381569605064;-0.16957679805484424;-0.3851146642402806;-0.4458020348823024;-0.4038847501309328;-0.6209838283181613;-0.49920768260333204;-0.24710536429033883;-0.030729254193150108;-0.48521256726432327;-0.4361122207682917;-0.15220388682955227;-0.40599897147057507;-0.18749999999999997;0.0
Cc1ccnc(NS(=O)(=O)c2ccc(NC(=O)c3sc4ccccc4c3Cl)cc2)n1;-0.008567193428365903;-0.2502537895434278;-0.16957679805484424;-0.3851146642402806;-0.4458020348823024;-0.9731903819644286;-0.6209838283181613;-0.49920768260333204;-0.24710536429033883;-0.030729254193150108;-0.48521256726432327;-0.4361122207682917;-0.15220388682955227;-0.40599897147057507;-0.18749999999999997;1.0
Cc1ccnc(NS(=O)(=O)c2ccc(NC(=O)c3snnc3C)cc2)n1;0.6715484152137718;0.4338842247620055;-0.16957679805484424;-0.3851146642402806;-0.4458020348823024;-1.5424960137979244;-0.6209838283181613;-0.49920768260333204;-0.24710536429033883;-0.030729254193150108;-0.48521256726432327;-0.4361122207682917;-0.15220388682955227;-0.40599897147057507;-0.18749999999999997;0.0
Cc1ccnc(NS(=O)(=O)c2ccc(Nc3cc(-c4ccccc4)nc(C)n3)cc2)n1;-0.35764802973578136;-0.5256174231586939;-0.16957679805484424;-0.3851146642402806;-1.5751643097199564;-0.9731903819644286;-0.6209838283181613;-0.49920768260333204;-0.24710536429033883;-0.030729254193150108;-0.48521256726432327;-0.4361122207682917;-0.15220388682955227;-0.40599897147057507;-0.18749999999999997;1.0
Cc1ccnc(NS(=O)(=O)c2ccc([N+](=O)[O-])cc2)n1;1.7791784365970473;-0.714808799137033;-0.16957679805484424;-0.3851146642402806;0.807282431207023;-1.5424960137979244;-0.6209838283181613;-0.49920768260333204;-0.24710536429033883;-0.030729254193150108;-0.48521256726432327;-0.4361122207682917;6.5701344481423405;-0.40599897147057507;-0.18749999999999997;0.0
Cc1ccnc(N[C@H](c2ccc(C(F)(F)F)cc2)c2ccc3cccnc3c2O)n1;-0.008567193428365903;-2.154135966065169;-0.16957679805484424;-0.3851146642402806;-0.40117877074897995;0.7347265135360589;-0.6209838283181613;-0.49920768260333204;-0.24710536429033883;-0.030729254193150108;-0.48521256726432327;-0.4361122207682917;-0.15220388682955227;-0.40599897147057507;-0.18749999999999997;1.0
Cc1ccnc(Nc2nc(C)c(C(=O)N3CCC(C)CC3)s2)c1;0.17514815514189058;-0.9128967018774867;-0.16957679805484424;-0.3851146642402806;-0.4458020348823024;-0.9731903819644286;-0.6209838283181613;-0.49920768260333204;-0.24710536429033883;-0.030729254193150108;-0.48521256726432327;-0.4361122207682917;-0.15220388682955227;-0.40599897147057507;-0.18749999999999997;0.0
Cc1ccnc(Nc2nc(C)c(C(=O)NC3CCCC3)s2)c1;-0.29071046421457947;-0.8676825835246845;-0.16957679805484424;-0.3851146642402806;-0.4458020348823024;-0.9731903819644286;-0.6209838283181613;-0.49920768260333204;-0.24710536429033883;-0.030729254193150108;-0.48521256726432327;-0.4361122207682917;-0.15220388682955227;-0.40599897147057507;-0.18749999999999997;1.0
Cc1ccnc(Nc2nc(C)c(C(=O)NCCC(C)C)s2)c1;1.4438038458946647;-2.267386422766017;-0.16957679805484424;-0.3851146642402806;-0.4458020348823024;-0.9731903819644286;-0.6209838283181613;-0.49920768260333204;-0.24710536429033883;-0.030729254193150108;-0.48521256726432327;-0.4361122207682917;-0.15220388682955227;-0.40599897147057507;-0.18749999999999997;1.0
Cc1ccnc(Nc2nc(C)c3cc4c(cc3n2)CCC4)n1;-1.5421767993251518;0.31288431650010146;-0.16957679805484424;-0.3851146642402806;-0.3227847280995177;0.16542088170256303;-0.6209838283181613;-0.49920768260333204;-0.24710536429033883;-0.030729254193150108;-0.48521256726432327;-0.4361122207682917;-0.15220388682955227;-0.40599897147057507;-0.18749999999999997;0.0
Cc1ccnc(Nc2nc(C)c3cccc(C)c3n2)n1;-0.2994797437373544;-0.21605570883005018;-0.16957679805484424;-0.3851146642402806;-0.3227847280995177;-0.4038847501309328;-0.6209838283181613;-0.49920768260333204;-0.24710536429033883;-0.030729254193150108;-0.48521256726432327;-0.4361122207682917;-0.15220388682955227;-0.40599897147057507;-0.18749999999999997;1.0
Cc1ccnc(OC2CCOC3(CCN(C(=O)C4(c5ccccc5)CC4)CC3)C2)c1;-1.5209845763647183;-0.2838125590068817;-0.16957679805484424;-0.3851146642402806;-0.4458020348823024;-0.4038847501309328;-0.6209838283181613;-0.49920768260333204;-0.24710536429033883;-0.030729254193150108;2.060952389667274;1.050315284101127;-0.15220388682955227;-0.40599897147057507;-0.18749999999999997;1.0
Cc1ccnc(OC2CCOC3(CCN(C(=O)C4CC4)CC3)C2)c1;-1.2883365057851064;-0.30215379062775394;-0.16957679805484424;-0.3851146642402806;-0.4458020348823024;-0.9731903819644286;-0.6209838283181613;-0.49920768260333204;-0.24710536429033883;-0.030729254193150108;2.060952389667274;1.050315284101127;-0.15220388682955227;-0.40599897147057507;-0.18749999999999997;1.0
Cc1ccnc(OC2CCOC3(CCN(C(=O)C4CCCC4)CC3)C2)c1;-1.2048504414160215;0.31434968050055895;-0.16957679805484424;-0.3851146642402806;-0.4458020348823024;-0.9731903819644286;-0.6209838283181613;-0.49920768260333204;-0.24710536429033883;-0.030729254193150108;2.060952389667274;1.050315284101127;-0.15220388682955227;-0.40599897147057507;-0.18749999999999997;1.0
Cc1ccnc(OC2CCOC3(CCN(C(=O)CCc4ccccc4)CC3)C2)c1;-1.1012125684061245;-0.7689412431680938;-0.16957679805484424;-0.3851146642402806;-0.4458020348823024;-0.4038847501309328;-0.6209838283181613;-0.49920768260333204;-0.24710536429033883;-0.030729254193150108;2.060952389667274;1.050315284101127;-0.15220388682955227;-0.40599897147057507;-0.18749999999999997;1.0
Cc1ccnc(OC2CCOC3(CCN(C(=O)CN4CCCCCC4)CC3)C2)c1;-1.1012125684061245;-0.667889304190046;-0.16957679805484424;-0.3851146642402806;0.708380942051631;-0.9731903819644286;-0.6209838283181613;-0.49920768260333204;-0.24710536429033883;-0.030729254193150108;2.060952389667274;1.050315284101127;-0.15220388682955227;-0.40599897147057507;-0.18749999999999997;0.0
Cc1ccnc(OC2CCOC3(CCN(C(=O)COCc4ccccc4)CC3)C2)c1;-1.0712727384254799;-0.19666992416046816;-0.16957679805484424;-0.3851146642402806;-0.4458020348823024;-0.4038847501309328;-0.6209838283181613;-0.49920768260333204;-0.24710536429033883;-0.030729254193150108;2.060952389667274;1.050315284101127;-0.15220388682955227;-0.40599897147057507;-0.18749999999999997;1.0
Cc1ccnc(OC2CCOC3(CCN(C(=O)c4ccsc4)CC3)C2)c1;-1.2048504414160215;0.2401568604924445;-0.16957679805484424;-0.3851146642402806;-0.4458020348823024;-0.4038847501309328;-0.6209838283181613;-0.49920768260333204;-0.24710536429033883;-0.030729254193150108;2.060952389667274;1.050315284101127;-0.15220388682955227;-0.40599897147057507;-0.18749999999999997;1.0
Cc1ccnc(OC2CCOC3(CCN(C(=O)c4cnccn4)CC3)C2)c1;-1.167745523918648;-0.09836443352262304;-0.16957679805484424;-0.3851146642402806;0.728183504088674;-0.9731903819644286;-0.6209838283181613;-0.49920768260333204;-0.24710536429033883;-0.030729254193150108;2.060952389667274;1.050315284101127;-0.15220388682955227;-0.40599897147057507;-0.18749999999999997;1.0
Cc1ccnc(OCC2CC(=O)N(CC3CCN(C(=O)C(C)C)CC3)C2)c1;0.5127182348995003;-0.15968752762455138;-0.16957679805484424;1.6258289027286723;0.6835602399553516;-0.9731903819644286;-0.6209838283181613;-0.49920768260333204;-0.24710536429033883;-0.030729254193150108;-0.48521256726432327;-0.4361122207682917;-0.15220388682955227;-0.40599897147057507;-0.18749999999999997;0.0
Cc1ccnc(OCC2CC(=O)N(CC3CCN(C(=O)NCCC(C)C)CC3)C2)c1;0.44114464451086516;-1.0105946536483028;-0.16957679805484424;1.6258289027286723;-0.4458020348823024;-0.9731903819644286;-0.6209838283181613;-0.49920768260333204;-0.24710536429033883;-0.030729254193150108;-0.48521256726432327;-0.4361122207682917;-0.15220388682955227;-0.40599897147057507;-0.18749999999999997;0.0
Cc1ccnc(OCC2CC(=O)N(CC3CCN(C(=O)c4c[nH]c5ccccc45)CC3)C2)c1;-1.2860373459545495;-0.14272020532101795;-0.16957679805484424;1.6258289027286723;0.6835602399553516;0.16542088170256303;-0.6209838283181613;-0.49920768260333204;-0.24710536429033883;-0.030729254193150108;-0.48521256726432327;-0.4361122207682917;-0.15220388682955227;-0.40599897147057507;-0.18749999999999997;1.0
Cc1ccnc(OCC2CC(=O)N(CC3CCN(C(=O)c4cc(C)on4)CC3)C2)c1;-0.47659733457022607;0.07080055900098631;-0.16957679805484424;1.6258289027286723;0.6835602399553516;-0.9731903819644286;-0.6209838283181613;-0.49920768260333204;-0.24710536429033883;-0.030729254193150108;-0.48521256726432327;-0.4361122207682917;-0.15220388682955227;-0.40599897147057507;-0.18749999999999997;0.0
Cc1ccnc(OCC2CC(=O)N(CC3CCN(Cc4ccc(C)o4)CC3)C2)c1;-0.8524813040721054;0.10072826849617371;-0.16957679805484424;1.6258289027286723;0.708380942051631;-0.9731903819644286;-0.6209838283181613;-0.49920768260333204;-0.24710536429033883;-0.030729254193150108;-0.48521256726432327;-0.4361122207682917;-0.15220388682955227;-0.40599897147057507;-0.18749999999999997;0.0
Cc1ccnc(OCc2nn(C)c3c2CN(C(=O)c2ccnc(C)c2)CC3)c1;-0.4961387392547461;-0.2849646067637863;-0.16957679805484424;-0.3851146642402806;1.8309910140070214;0.16542088170256303;-0.6209838283181613;-0.49920768260333204;-0.24710536429033883;-0.030729254193150108;-0.48521256726432327;-0.4361122207682917;-0.15220388682955227;-0.40599897147057507;-0.18749999999999997;0.0
Cc1ccnc(OCc2nn(C)c3c2CN(C(=O)c2ncccc2F)CC3)c1;-0.49613873925473884;-0.3562412013162595;-0.16957679805484424;-0.3851146642402806;0.657005475036045;-0.4038847501309328;-0.6209838283181613;-0.49920768260333204;-0.24710536429033883;-0.030729254193150108;-0.48521256726432327;-0.4361122207682917;-0.15220388682955227;-0.40599897147057507;-0.18749999999999997;0.0
Cc1ccnc(SC2CC(=O)N(c3ccc(C)c(C)c3)C2=O)n1;0.6371940442710681;0.961875785644361;-0.16957679805484424;1.6258289027286723;0.6835602399553516;-0.4038847501309328;-0.6209838283181613;-0.49920768260333204;-0.24710536429033883;-0.030729254193150108;-0.48521256726432327;-0.4361122207682917;-0.15220388682955227;-0.40599897147057507;-0.18749999999999997;0.0
Cc1ccnc(SCC(=O)NC2CCCC2)n1;0.05280038851199068;0.1975388761630604;-0.16957679805484424;-0.3851146642402806;-0.4458020348823024;-1.5424960137979244;-0.6209838283181613;-0.49920768260333204;-0.24710536429033883;-0.030729254193150108;-0.48521256726432327;-0.4361122207682917;-0.15220388682955227;-0.40599897147057507;-0.18749999999999997;0.0
Cc1ccnc(SCC(=O)NC2CCCCCC2)n1;0.025872171933162907;-0.10322810463411;-0.16957679805484424;-0.3851146642402806;-0.4458020348823024;-1.5424960137979244;-0.6209838283181613;-0.49920768260333204;-0.24710536429033883;-0.030729254193150108;-0.48521256726432327;-0.4361122207682917;-0.15220388682955227;-0.40599897147057507;-0.18749999999999997;1.0
Cc1ccnc(SCC(=O)NCc2ccc3c(c2)CCN3C(=O)c2ccc(Cl)cc2)n1;-0.4677721840675319;0.6035678077249379;4.3242083503985285;1.6258289027286723;0.6835602399553516;0.16542088170256303;-0.6209838283181613;-0.49920768260333204;4.046856703705712;-0.030729254193150108;-0.48521256726432327;-0.4361122207682917;-0.15220388682955227;-0.40599897147057507;5.333333333333333;0.0
Cc1ccnc(SCC(=O)Nc2cc(Cl)c(Cl)cc2Cl)n1;1.5222239180318908;0.8457414053109911;4.3242083503985285;-0.3851146642402806;-0.4458020348823024;-1.5424960137979244;-0.6209838283181613;-0.49920768260333204;-0.24710536429033883;-0.030729254193150108;-0.48521256726432327;-0.4361122207682917;-0.15220388682955227;-0.40599897147057507;5.333333333333333;0.0
Cc1ccnc(SCC(=O)Nc2ccc(C(C)C)cc2)n1;1.0161736585094583;0.697178298577904;-0.16957679805484424;-0.3851146642402806;-0.4458020348823024;-0.9731903819644286;-0.6209838283181613;-0.49920768260333204;-0.24710536429033883;-0.030729254193150108;-0.48521256726432327;-0.4361122207682917;-0.15220388682955227;-0.40599897147057507;-0.18749999999999997;0.0
Cc1ccnc(SCC(=O)Nc2ncc3c(n2)CCCC3=O)n1;-0.2868977339872869;0.29551200825769736;-0.16957679805484424;-0.3851146642402806;1.9359398215757906;-0.9731903819644286;-0.6209838283181613;-0.49920768260333204;-0.24710536429033883;-0.030729254193150108;-0.48521256726432327;-0.4361122207682917;-0.15220388682955227;-0.40599897147057507;-0.18749999999999997;0.0
Cc1ccnc(SCC(=O)n2c3c(c4ccccc42)CC(C)CC3)n1;-0.956395485685722;1.1741221803944668;-0.16957679805484424;-0.3851146642402806;0.6299868994021683;-0.4038847501309328;-0.6209838283181613;-0.49920768260333204;-0.24710536429033883;-0.030729254193150108;-0.48521256726432327;-0.4361122207682917;-0.15220388682955227;-0.40599897147057507;-0.18749999999999997;0.0
Cc1ccnc(SCc2nc(-c3ccc(N4CCOCC4)cc3)no2)n1;-1.7448852196566238;0.1072200822507025;-0.16957679805484424;-0.3851146642402806;-1.5751643097199564;-0.9731903819644286;-0.6209838283181613;-0.49920768260333204;-0.24710536429033883;-0.030729254193150108;-0.48521256726432327;-0.4361122207682917;-0.15220388682955227;-0.40599897147057507;-0.18749999999999997;1.0
Cc1ccnc(Sc2nc3c(c(=O)[nH]c(=O)n3C)n2CCCc2ccccc2)n1;-0.4860311161420673;-0.5394025685006155;-0.16957679805484424;-0.3851146642402806;1.8039724383731446;-0.9731903819644286;-0.6209838283181613;-0.49920768260333204;-0.24710536429033883;-0.030729254193150108;-0.48521256726432327;-0.4361122207682917;6.5701344481423405;-0.40599897147057507;-0.18749999999999997;0.0
Cc1ccnc(Sc2nc3c(c(=O)[nH]c(=O)n3C)n2Cc2ccccc2Cl)n1;-0.11660104461291448;-1.271164803678121;-0.16957679805484424;-0.3851146642402806;1.8039724383731446;-0.9731903819644286;-0.6209838283181613;-0.49920768260333204;4.046856703705712;-0.030729254193150108;-0.48521256726432327;-0.4361122207682917;6.5701344481423405;-0.40599897147057507;-0.18749999999999997;0.0
Cc1ccnc2c1NC(=O)c1cccnc1N2C1CC1;-1.6760927123589804;0.9663879045431667;-0.16957679805484424;-0.3851146642402806;-0.4458020348823024;-0.4038847501309328;-0.6209838283181613;-0.49920768260333204;-0.24710536429033883;-0.030729254193150108;-0.48521256726432327;-0.4361122207682917;-0.15220388682955227;-0.40599897147057507;-0.18749999999999997;1.0
Cc1ccnc2nc(NC(=O)C(C)(C)C)nn12;2.128977749347155;0.1286875724824071;-0.16957679805484424;-0.3851146642402806;0.8065775467381363;-1.5424960137979244;-0.6209838283181613;-0.49920768260333204;-0.24710536429033883;-0.030729254193150108;-0.48521256726432327;-0.4361122207682917;-0.15220388682955227;-0.40599897147057507;-0.18749999999999997;0.0
Cc1ccnc2nc(NC(=O)C(C)C)nn12;1.3971709483520578;-0.1918381054086021;-0.16957679805484424;-0.3851146642402806;0.8065775467381363;-1.5424960137979244;-0.6209838283181613;-0.49920768260333204;-0.24710536429033883;-0.030729254193150108;-0.48521256726432327;-0.4361122207682917;-0.15220388682955227;-0.40599897147057507;-0.18749999999999997;0.0
Cc1ccnc2nc(NC(=O)C(C)N3C(=O)c4ccccc4C3=O)nn12;-0.10995361196875324;0.458007252960911;-0.16957679805484424;1.6258289027286723;4.219485073347378;-0.4038847501309328;-0.6209838283181613;-0.49920768260333204;-0.24710536429033883;-0.030729254193150108;-0.48521256726432327;-0.4361122207682917;-0.15220388682955227;-0.40599897147057507;-0.18749999999999997;0.0
Cc1ccnc2nc(NC(=O)CC(C)C)nn12;1.3030422061556484;-0.5871691410028594;-0.16957679805484424;-0.3851146642402806;0.8065775467381363;-1.5424960137979244;-0.6209838283181613;-0.49920768260333204;-0.24710536429033883;-0.030729254193150108;-0.48521256726432327;-0.4361122207682917;-0.15220388682955227;-0.40599897147057507;-0.18749999999999997;0.0
Cc1ccnc2nc(NC(=O)CN3C(=O)c4ccccc4C3=O)nn12;-0.531313267686872;-0.27361138936198826;-0.16957679805484424;1.6258289027286723;4.219485073347378;-0.4038847501309328;-0.6209838283181613;-0.49920768260333204;-0.24710536429033883;-0.030729254193150108;-0.48521256726432327;-0.4361122207682917;-0.15220388682955227;-0.40599897147057507;-0.18749999999999997;0.0
Cc1ccnc2nc(NC(=O)Cc3ccc(Cl)cc3)nn12;-0.2948863116063802;-0.14340468556790842;-0.16957679805484424;-0.3851146642402806;0.8065775467381363;-0.9731903819644286;-0.6209838283181613;-0.49920768260333204;-0.24710536429033883;-0.030729254193150108;-0.48521256726432327;-0.4361122207682917;-0.15220388682955227;-0.40599897147057507;-0.18749999999999997;1.0
Cc1ccnc2nc(NC(=O)Cc3ccccc3)nn12;-0.8308325162359043;-0.1126807323427822;-0.16957679805484424;-0.3851146642402806;0.8065775467381363;-0.9731903819644286;-0.6209838283181613;-0.49920768260333204;-0.24710536429033883;-0.030729254193150108;-0.48521256726432327;-0.4361122207682917;-0.15220388682955227;-0.40599897147057507;-0.18749999999999997;1.0
Cc1ccnc2nc(NC(=O)c3cccs3)nn12;-0.9005897214858014;0.8264997916016463;-0.16957679805484424;-0.3851146642402806;0.8065775467381363;-1.5424960137979244;-0.6209838283181613;-0.49920768260333204;-0.24710536429033883;-0.030729254193150108;-0.48521256726432327;-0.4361122207682917;-0.15220388682955227;-0.40599897147057507;-0.18749999999999997;0.0
Cc1ccncc1C(=O)N1CC(c2nc(CCN(C)C(=O)C3CC3)no2)C1;-0.5069950751905897;0.8949121496599687;-0.16957679805484424;-0.3851146642402806;1.8575457789263279;-0.4038847501309328;-0.6209838283181613;-0.49920768260333204;-0.24710536429033883;-0.030729254193150108;2.060952389667274;1.050315284101127;-0.15220388682955227;-0.40599897147057507;-0.18749999999999997;0.0
Cc1ccncc1C(=O)N1CC(c2ncc(C)n2CC2CC2)C1;-1.0219066001812638;1.6107622306338982;-0.16957679805484424;-0.3851146642402806;0.728183504088674;-0.4038847501309328;-0.6209838283181613;-0.49920768260333204;-0.24710536429033883;-0.030729254193150108;-0.48521256726432327;-0.4361122207682917;-0.15220388682955227;-0.40599897147057507;-0.18749999999999997;1.0
Cc1ccncc1C(=O)N1CC(c2nnc(-c3ccncc3)o2)C2(CCOCC2)C1;-1.634779535840864;-1.9238623484029518;-0.16957679805484424;1.6258289027286723;1.9021690430596507;0.16542088170256303;-0.6209838283181613;-0.49920768260333204;-0.24710536429033883;-0.030729254193150108;2.060952389667274;2.536742788970546;-0.15220388682955227;-0.40599897147057507;-0.18749999999999997;0.0
Cc1ccncc1C(=O)N1CC2(CC(CC(=O)N3CCCC3)CO2)C1;-0.8198415343143514;-0.20193425502478726;-0.16957679805484424;3.636772469697625;1.8575457789263279;-0.4038847501309328;-0.6209838283181613;-0.49920768260333204;-0.24710536429033883;-0.030729254193150108;-0.48521256726432327;-0.4361122207682917;-0.15220388682955227;-0.40599897147057507;-0.18749999999999997;0.0
Cc1ccncc1C(=O)N1CC2C(=O)N(CC(C)C)C(=O)N2CC(C)(C)C1;1.8199410176475725;0.3885134241083208;-0.16957679805484424;1.6258289027286723;3.0117287558602617;-0.4038847501309328;-0.6209838283181613;-0.49920768260333204;-0.24710536429033883;-0.030729254193150108;2.060952389667274;1.050315284101127;-0.15220388682955227;-0.40599897147057507;-0.18749999999999997;0.0
Cc1ccncc1C(=O)N1CC2C(=O)N(c3ccc(F)cc3)C(=O)N2CC(C)(C)C1;0.6999031699030482;-2.07869296551289;-0.16957679805484424;1.6258289027286723;1.8575457789263279;-0.4038847501309328;-0.6209838283181613;-0.49920768260333204;-0.24710536429033883;-0.030729254193150108;2.060952389667274;1.050315284101127;-0.15220388682955227;-0.40599897147057507;-0.18749999999999997;0.0
Cc1ccncc1C(=O)N1CCC(CC2CC2)(NC(=O)c2ccccc2)CC1;-0.7537532630292714;-0.19969344351421497;-0.16957679805484424;-0.3851146642402806;1.8575457789263279;0.16542088170256303;-0.6209838283181613;-0.49920768260333204;-0.24710536429033883;-0.030729254193150108;-0.48521256726432327;-0.4361122207682917;-0.15220388682955227;-0.40599897147057507;-0.18749999999999997;1.0
Cc1ccncc1C(=O)N1CCC(CCc2noc(-c3ccc(F)cc3)n2)CC1;-0.8524813040721054;0.4375197144746783;-0.16957679805484424;-0.3851146642402806;0.728183504088674;0.16542088170256303;1.6103478937742153;0.364022567901614;-0.24710536429033883;-0.030729254193150108;-0.48521256726432327;-0.4361122207682917;-0.15220388682955227;2.463060426921489;-0.18749999999999997;0.0
Cc1ccncc1C(=O)N1CCC(Cc2ccc(COc3ccncc3)cc2)CC1;-1.185067697901633;0.621882330060948;-0.16957679805484424;-0.3851146642402806;1.9021690430596507;0.7347265135360589;-0.6209838283181613;-0.49920768260333204;-0.24710536429033883;-0.030729254193150108;-0.48521256726432327;-0.4361122207682917;-0.15220388682955227;-0.40599897147057507;-0.18749999999999997;1.0
Cc1ccncc1C(=O)N1CCC(Cn2c(C)cnc2C2CC2)C1;-0.9877862280481674;1.5004667935940479;-0.16957679805484424;1.6258289027286723;0.728183504088674;-0.4038847501309328;-0.6209838283181613;-0.49920768260333204;-0.24710536429033883;-0.030729254193150108;-0.48521256726432327;-0.4361122207682917;-0.15220388682955227;-0.40599897147057507;-0.18749999999999997;0.0
Cc1ccncc1C(=O)N1CCC(Cn2c(C)cnc2C2CCC2)C1;-0.956395485685722;1.4063257390620405;-0.16957679805484424;1.6258289027286723;0.728183504088674;-0.4038847501309328;-0.6209838283181613;-0.49920768260333204;-0.24710536429033883;-0.030729254193150108;-0.48521256726432327;-0.4361122207682917;-0.15220388682955227;-0.40599897147057507;-0.18749999999999997;0.0
Cc1ccncc1C(=O)N1CCC(N2C(=O)C(OCC3CC3)C23CCCCC3)CC1;-1.2805443541751642;1.0290074247120087;-0.16957679805484424;-0.3851146642402806;1.8575457789263279;-0.4038847501309328;-0.6209838283181613;-0.49920768260333204;-0.24710536429033883;-0.030729254193150108;-0.48521256726432327;-0.4361122207682917;-0.15220388682955227;-0.40599897147057507;-0.18749999999999997;0.0
Cc1ccncc1C(=O)N1CCC(N2C(=O)C3(CCCC3)C2c2scnc2C)CC1;-0.9263091725094499;3.502037586449975;-0.16957679805484424;-0.3851146642402806;1.8575457789263279;-0.4038847501309328;-0.6209838283181613;-0.49920768260333204;-0.24710536429033883;-0.030729254193150108;-0.48521256726432327;-0.4361122207682917;-0.15220388682955227;-0.40599897147057507;-0.18749999999999997;0.0
Cc1ccncc1C(=O)N1CCC2(CC1)CC2NC(=O)c1ccncc1;-0.7961175394940629;-0.24903849350085389;-0.16957679805484424;-0.3851146642402806;3.0315313178973047;0.16542088170256303;-0.6209838283181613;-0.49920768260333204;-0.24710536429033883;-0.030729254193150108;-0.48521256726432327;-0.4361122207682917;-0.15220388682955227;-0.40599897147057507;-0.18749999999999997;1.0
Cc1ccncc1C(=O)N1CCC2(CC1)CN(c1ccc(C#N)c(C(F)(F)F)c1)CC2C(N)=O;1.0066449604529217;-0.03487657154990803;-0.16957679805484424;1.6258289027286723;1.8575457789263279;0.7347265135360589;-0.6209838283181613;-0.49920768260333204;-0.24710536429033883;-0.030729254193150108;-0.48521256726432327;-0.4361122207682917;-0.15220388682955227;-0.40599897147057507;-0.18749999999999997;0.0
Cc1ccncc1C(=O)N1CCCC1CCc1noc(-c2cccnc2)n1;-1.2941843677810418;0.8725578663578377;-0.16957679805484424;1.6258289027286723;1.9021690430596507;0.16542088170256303;-0.6209838283181613;-0.49920768260333204;-0.24710536429033883;-0.030729254193150108;-0.48521256726432327;-0.4361122207682917;-0.15220388682955227;-0.40599897147057507;-0.18749999999999997;0.0
Cc1ccncc1C(=O)N1CCCCC1CCn1cc(C(=O)NCC2CC2)nn1;-0.8524813040721054;0.5822649981993451;-0.16957679805484424;-0.3851146642402806;2.9603532888446753;-0.4038847501309328;-0.6209838283181613;-0.49920768260333204;-0.24710536429033883;-0.030729254193150108;-0.48521256726432327;-0.4361122207682917;-0.15220388682955227;-0.40599897147057507;-0.18749999999999997;0.0
Cc1ccncc1C(=O)N1CCCN(CC(C)C)C2(CCCCC2)CC(=O)NCC1;0.5549396039870037;2.657716996502472;-0.16957679805484424;-0.3851146642402806;3.0117287558602617;-0.4038847501309328;-0.6209838283181613;-0.49920768260333204;-0.24710536429033883;-0.030729254193150108;-0.48521256726432327;-0.4361122207682917;-0.15220388682955227;-0.40599897147057507;-0.18749999999999997;0.0
Cc1ccncc1C(=O)N1CCCn2ccnc2C1c1ccccc1;-1.3814777036845647;-0.3641530171858773;-0.16957679805484424;-0.3851146642402806;0.728183504088674;0.16542088170256303;-0.6209838283181613;-0.49920768260333204;-0.24710536429033883;-0.030729254193150108;-0.48521256726432327;-0.4361122207682917;-0.15220388682955227;-0.40599897147057507;-0.18749999999999997;0.0
Cc1ccncc1C(=O)N1CCN(C(=O)N2C[C@H]3C[C@H](C2)[C@H]2CCCC(=O)N2C3)CC1;-1.013101342856606;0.7096508211295701;-0.16957679805484424;-0.3851146642402806;1.8575457789263279;-0.4038847501309328;-0.6209838283181613;-0.49920768260333204;-0.24710536429033883;-0.030729254193150108;-0.48521256726432327;-0.4361122207682917;-0.15220388682955227;-0.40599897147057507;-0.18749999999999997;0.0
Cc1ccncc1C(=O)N1CCOc2ccc(CCC(=O)NC3CC3)cc2C1;-0.8756764338965705;0.0886452824305076;-0.16957679805484424;-0.3851146642402806;1.8575457789263279;0.7347265135360589;-0.6209838283181613;-0.49920768260333204;-0.24710536429033883;-0.030729254193150108;-0.48521256726432327;-0.4361122207682917;-0.15220388682955227;-0.40599897147057507;-0.18749999999999997;0.0
Cc1ccncc1C(=O)N1CC[C@@H]2CN(S(C)(=O)=O)[C@@H]2C1;0.8797784352615575;0.7901702108960735;-0.16957679805484424;-0.3851146642402806;0.728183504088674;-0.4038847501309328;-0.6209838283181613;-0.49920768260333204;-0.24710536429033883;-0.030729254193150108;-0.48521256726432327;-0.4361122207682917;6.5701344481423405;-0.40599897147057507;-0.18749999999999997;0.0
Cc1ccncc1C(=O)N1CCn2c(nnc2[C@@H]2C[C@@H](O)CN2C)C1;-0.5313132676868793;2.3721943177207407;-0.16957679805484424;1.6258289027286723;1.8823664810226073;-0.4038847501309328;-0.6209838283181613;-0.49920768260333204;-0.24710536429033883;-0.030729254193150108;-0.48521256726432327;-0.4361122207682917;-0.15220388682955227;-0.40599897147057507;-0.18749999999999997;0.0
Cc1ccncc1C(=O)N1CCn2nc(C(=O)N3CCc4ccccc4C3)cc2C1;-1.3943393136513027;0.7426162431088535;-0.16957679805484424;-0.3851146642402806;2.9603532888446753;0.7347265135360589;-0.6209838283181613;-0.49920768260333204;-0.24710536429033883;-0.030729254193150108;-0.48521256726432327;-0.4361122207682917;-0.15220388682955227;-0.40599897147057507;-0.18749999999999997;1.0
Cc1ccncc1C(=O)N1CCn2nc(C(=O)NCC(C)C)cc2C1;0.56997710721042;0.668966259030703;-0.16957679805484424;-0.3851146642402806;2.9603532888446753;-0.4038847501309328;-0.6209838283181613;-0.49920768260333204;-0.24710536429033883;-0.030729254193150108;-0.48521256726432327;-0.4361122207682917;-0.15220388682955227;-0.40599897147057507;-0.18749999999999997;0.0
Cc1ccncc1C(=O)N1C[C@@H](COCC2CC2)[C@H](c2ccccn2)C1;-1.336152317734658;0.5652642609726538;-0.16957679805484424;1.6258289027286723;1.9021690430596507;-0.4038847501309328;-0.6209838283181613;-0.49920768260333204;-0.24710536429033883;-0.030729254193150108;2.060952389667274;1.050315284101127;-0.15220388682955227;-0.40599897147057507;-0.18749999999999997;0.0
Cc1ccncc1C(=O)N1C[C@@H](COCC2CC2)[C@H](c2ccncc2)C1;-1.336152317734658;0.3412478642308339;-0.16957679805484424;1.6258289027286723;1.9021690430596507;0.16542088170256303;-0.6209838283181613;-0.49920768260333204;-0.24710536429033883;-0.030729254193150108;2.060952389667274;1.050315284101127;-0.15220388682955227;-0.40599897147057507;-0.18749999999999997;0.0
Cc1ccncc1C(=O)N1C[C@@H](Oc2ccccc2)C[C@H]1C(=O)NC1CC1;-0.9005897214858086;2.5980451831091957;-0.16957679805484424;1.6258289027286723;1.8575457789263279;-0.4038847501309328;-0.6209838283181613;-0.49920768260333204;-0.24710536429033883;-0.030729254193150108;-0.48521256726432327;-0.4361122207682917;-0.15220388682955227;-0.40599897147057507;-0.18749999999999997;0.0
Cc1ccncc1C(=O)N1C[C@@H](Oc2cccnc2)C[C@H]1C(=O)N1CCOCC1;-0.8524813040720981;2.6062925115658055;-0.16957679805484424;1.6258289027286723;3.0315313178973047;-0.4038847501309328;-0.6209838283181613;-0.49920768260333204;-0.24710536429033883;-0.030729254193150108;-0.48521256726432327;-0.4361122207682917;-0.15220388682955227;-0.40599897147057507;-0.18749999999999997;0.0
Cc1ccncc1C(=O)N1C[C@H]2CCCC(=O)N(Cc3ccccc3)[C@H]2C1;-0.9005897214858158;-0.05596974969040603;-0.16957679805484424;1.6258289027286723;1.8575457789263279;0.16542088170256303;-0.6209838283181613;-0.49920768260333204;-0.24710536429033883;-0.030729254193150108;-0.48521256726432327;-0.4361122207682917;-0.15220388682955227;-0.40599897147057507;-0.18749999999999997;0.0
Cc1ccncc1C(=O)N1C[C@H]2CCC[C@@]2(c2noc(CC(C)C)n2)C1;-0.38738463757208985;-2.0002627729596942;-0.16957679805484424;1.6258289027286723;0.728183504088674;-0.4038847501309328;-0.6209838283181613;-0.49920768260333204;-0.24710536429033883;-0.030729254193150108;-0.48521256726432327;-0.4361122207682917;-0.15220388682955227;-0.40599897147057507;-0.18749999999999997;0.0
Cc1ccncc1NC(=O)C1CCCn2c1nn(Cc1c(F)cccc1Cl)c2=O;-0.11958092821201476;-0.9105918759018071;4.3242083503985285;-0.3851146642402806;1.8039724383731446;-0.4038847501309328;1.6103478937742153;0.364022567901614;4.046856703705712;-0.030729254193150108;2.060952389667274;1.050315284101127;-0.15220388682955227;2.463060426921489;5.333333333333333;0.0
Cc1ccnn1-c1ccc(SCC(=O)Nc2cccc(F)c2)nn1;-0.2834027312789409;-1.4651452040529531;-0.16957679805484424;-0.3851146642402806;-0.4458020348823024;-1.5424960137979244;-0.6209838283181613;-0.49920768260333204;-0.24710536429033883;-0.030729254193150108;-0.48521256726432327;-0.4361122207682917;-0.15220388682955227;2.463060426921489;-0.18749999999999997;0.0
Cc1ccnn1C(C)C(=O)N1N=C(C(F)F)CC1(O)C(F)F;3.0481227156309307;-1.7729437212076953;-0.16957679805484424;1.6258289027286723;0.657005475036045;-1.5424960137979244;1.6103478937742153;1.22725281840656;-0.24710536429033883;-0.030729254193150108;-0.48521256726432327;-0.4361122207682917;-0.15220388682955227;2.463060426921489;-0.18749999999999997;0.0
Cc1ccnn1C(C)C(=O)Nc1cnn(C)c1C(N)=O;2.1398387698813783;-0.7573794344978809;-0.16957679805484424;-0.3851146642402806;2.8891752597920464;-1.5424960137979244;-0.6209838283181613;-0.49920768260333204;-0.24710536429033883;-0.030729254193150108;2.060952389667274;1.050315284101127;-0.15220388682955227;-0.40599897147057507;-0.18749999999999997;0.0
Cc1ccnn1CC(=O)NN;2.695270181005237;0.5026407749134624;-0.16957679805484424;-0.3851146642402806;1.9350608701203194;-1.5424960137979244;-0.6209838283181613;-0.49920768260333204;-0.24710536429033883;-0.030729254193150108;-0.48521256726432327;-0.4361122207682917;-0.15220388682955227;-0.40599897147057507;-0.18749999999999997;0.0
Cc1ccnn1CC(=O)Nn1c(S)nc2ccccc2c1=O;0.19233751078410677;0.00354876522272563;-0.16957679805484424;-0.3851146642402806;3.0644231449579733;-0.9731903819644286;-0.6209838283181613;-0.49920768260333204;-0.24710536429033883;-0.030729254193150108;-0.48521256726432327;-0.4361122207682917;-0.15220388682955227;-0.40599897147057507;-0.18749999999999997;1.0
Cc1ccnn1CC(=O)O;2.9850989660044474;0.06743189128518064;-0.16957679805484424;-0.3851146642402806;0.657005475036045;-1.5424960137979244;-0.6209838283181613;-0.49920768260333204;-0.24710536429033883;-0.030729254193150108;-0.48521256726432327;-0.4361122207682917;-0.15220388682955227;-0.40599897147057507;-0.18749999999999997;0.0
Cc1ccnn1CC(C)CNC(=O)c1cc2c(C(F)(F)F)nn(C)c2s1;1.4890142190577036;-0.06525288654720875;-0.16957679805484424;-0.3851146642402806;1.7598129849543926;-0.9731903819644286;-0.6209838283181613;-0.49920768260333204;-0.24710536429033883;-0.030729254193150108;-0.48521256726432327;-0.4361122207682917;-0.15220388682955227;-0.40599897147057507;-0.18749999999999997;0.0
Cc1ccnn1CCC(=O)O;2.695270181005237;0.30030370395858963;-0.16957679805484424;-0.3851146642402806;0.657005475036045;-1.5424960137979244;-0.6209838283181613;-0.49920768260333204;-0.24710536429033883;-0.030729254193150108;-0.48521256726432327;-0.4361122207682917;-0.15220388682955227;-0.40599897147057507;-0.18749999999999997;0.0
Cc1ccnn1CCCNC(=O)CCn1cc(Cl)c([N+](=O)[O-])n1;1.3722029104650375;0.2840503338660168;-0.16957679805484424;-0.3851146642402806;0.657005475036045;-1.5424960137979244;-0.6209838283181613;-0.49920768260333204;-0.24710536429033883;-0.030729254193150108;-0.48521256726432327;-0.4361122207682917;-0.15220388682955227;-0.40599897147057507;-0.18749999999999997;0.0
Cc1ccnn1CCCNC(=O)CCn1nc(C(F)(F)F)c(Cl)c1C;2.232903651477947;0.2544501124551097;-0.16957679805484424;-0.3851146642402806;1.7598129849543926;-1.5424960137979244;-0.6209838283181613;-0.49920768260333204;-0.24710536429033883;-0.030729254193150108;-0.48521256726432327;-0.4361122207682917;-0.15220388682955227;-0.40599897147057507;-0.18749999999999997;0.0
Cc1ccnn1CCCNC(=O)Nc1cccc2ccccc12;-0.7489436231164645;-0.6625156230197721;-0.16957679805484424;-0.3851146642402806;-0.472356799801609;-0.4038847501309328;-0.6209838283181613;-0.49920768260333204;-0.24710536429033883;-0.030729254193150108;-0.48521256726432327;-0.4361122207682917;-0.15220388682955227;-0.40599897147057507;-0.18749999999999997;1.0
Cc1ccnn1CCCNC(=O)c1cc(S(=O)(=O)N2CCCC2)c(Cl)cc1Cl;0.9886171038412634;-1.0293424176040757;13.311778647305275;1.6258289027286723;0.657005475036045;-0.9731903819644286;-0.6209838283181613;-0.49920768260333204;4.046856703705712;-0.030729254193150108;2.060952389667274;2.536742788970546;-0.15220388682955227;-0.40599897147057507;5.333333333333333;0.0
Cc1ccnn1CCCNC(=O)c1ccc([N+](=O)[O-])cc1;1.0161736585094583;0.25117677503221353;-0.16957679805484424;-0.3851146642402806;3.0394522159630246;-0.9731903819644286;-0.6209838283181613;-0.49920768260333204;-0.24710536429033883;-0.030729254193150108;-0.48521256726432327;-0.4361122207682917;-0.15220388682955227;-0.40599897147057507;-0.18749999999999997;0.0
Cc1ccnn1CCCNC(=O)c1nc2ncccn2n1;-0.8009365711288127;-0.19578563946398664;-0.16957679805484424;-0.3851146642402806;0.657005475036045;-1.5424960137979244;-0.6209838283181613;-0.49920768260333204;-0.24710536429033883;-0.030729254193150108;-0.48521256726432327;-0.4361122207682917;-0.15220388682955227;-0.40599897147057507;-0.18749999999999997;1.0
Cc1ccnn1CCCNc1nc(-c2cnn(C)c2)cc(C(F)(F)F)n1;0.6715484152137718;-0.6142899402017495;-0.16957679805484424;-0.3851146642402806;0.6304507101167385;-0.9731903819644286;-0.6209838283181613;-0.49920768260333204;-0.24710536429033883;-0.030729254193150108;-0.48521256726432327;-0.4361122207682917;-0.15220388682955227;-0.40599897147057507;-0.18749999999999997;0.0
Cc1ccnn1Cc1cc(C(=O)O)c2ccccc2n1;-0.2994797437373544;-1.0966658922161003;-0.16957679805484424;-0.3851146642402806;0.7016287391693671;-0.4038847501309328;-0.6209838283181613;-0.49920768260333204;-0.24710536429033883;-0.030729254193150108;-0.48521256726432327;-0.4361122207682917;-0.15220388682955227;-0.40599897147057507;-0.18749999999999997;0.0
Cc1ccnn1Cc1nnc(SCC(=O)c2ccc(F)cc2F)o1;0.15939124580318756;-1.1052575601749104;-0.16957679805484424;-0.3851146642402806;0.657005475036045;-0.9731903819644286;-0.6209838283181613;-0.49920768260333204;-0.24710536429033883;-0.030729254193150108;-0.48521256726432327;-0.4361122207682917;-0.15220388682955227;2.463060426921489;-0.18749999999999997;0.0
Cc1ccnn2cc3c(=O)n(C)c(=O)n(C)c3c12;0.8705861868427124;-0.7636273037370774;-0.16957679805484424;-0.3851146642402806;1.7057758336866393;-0.4038847501309328;-0.6209838283181613;-0.49920768260333204;-0.24710536429033883;-0.030729254193150108;-0.48521256726432327;-0.4361122207682917;-0.15220388682955227;-0.40599897147057507;-0.18749999999999997;0.0
Cc1ccoc1C(=O)N1CC(N2CC(F)(F)C[C@H]2CO)C1;0.8797784352615575;0.6633596546662867;-0.16957679805484424;1.6258289027286723;0.708380942051631;-0.9731903819644286;1.6103478937742153;1.22725281840656;-0.24710536429033883;-0.030729254193150108;-0.48521256726432327;-0.4361122207682917;-0.15220388682955227;-0.40599897147057507;-0.18749999999999997;0.0
Cc1ccoc1C(=O)N1CCCn2ccnc2C1C(C)C;0.21116394791605234;-1.5289139794377002;-0.16957679805484424;-0.3851146642402806;-0.4458020348823024;-0.9731903819644286;-0.6209838283181613;-0.49920768260333204;-0.24710536429033883;-0.030729254193150108;-0.48521256726432327;-0.4361122207682917;-0.15220388682955227;-0.40599897147057507;-0.18749999999999997;1.0
Cc1ccoc1C(=O)Nc1cccc([N+](=O)[O-])c1;1.2193722130921765;-0.062272138022064;-0.16957679805484424;-0.3851146642402806;1.9366447060446763;-0.9731903819644286;-0.6209838283181613;-0.49920768260333204;-0.24710536429033883;-0.030729254193150108;-0.48521256726432327;-0.4361122207682917;-0.15220388682955227;-0.40599897147057507;-0.18749999999999997;0.0
Cc1ccsc1-c1nc(-c2cc3c(C)nn(-c4ccccc4)c3s2)no1;-1.986352468598561;-1.1609612124535589;-0.16957679805484424;-0.3851146642402806;-1.5751643097199564;-0.4038847501309328;-0.6209838283181613;-0.49920768260333204;-0.24710536429033883;-0.030729254193150108;-0.48521256726432327;-0.4361122207682917;-0.15220388682955227;-0.40599897147057507;-0.18749999999999997;1.0
Cc1ccsc1-c1nc(-c2ccc(NC(=O)NC(C)C)cc2)no1;0.15939124580318756;-1.1240455979380275;-0.16957679805484424;-0.3851146642402806;-1.5751643097199564;-0.4038847501309328;-0.6209838283181613;-0.49920768260333204;-0.24710536429033883;-0.030729254193150108;-0.48521256726432327;-0.4361122207682917;-0.15220388682955227;-0.40599897147057507;-0.18749999999999997;1.0
Cc1ccsc1-c1nc(-c2ccc(S(=O)(=O)N3CCC(C)CC3)cc2)no1;-0.3805562313282103;-1.3074315729501131;-0.16957679805484424;-0.3851146642402806;-1.5751643097199564;-0.4038847501309328;-0.6209838283181613;-0.49920768260333204;-0.24710536429033883;-0.030729254193150108;-0.48521256726432327;-0.4361122207682917;-0.15220388682955227;-0.40599897147057507;-0.18749999999999997;1.0
Cc1ccsc1-c1nc(-c2ccc(S(=O)(=O)N3CCCC3)cc2)no1;-0.8198415343143514;-0.7947432243013918;-0.16957679805484424;1.6258289027286723;-1.5751643097199564;-0.4038847501309328;-0.6209838283181613;-0.49920768260333204;-0.24710536429033883;-0.030729254193150108;-0.48521256726432327;-0.4361122207682917;-0.15220388682955227;-0.40599897147057507;-0.18749999999999997;1.0
Cc1ccsc1-c1nc(-c2ccc(S(=O)(=O)N3CCCCC3)cc2)no1;-0.7961175394940629;-0.818118741230071;-0.16957679805484424;-0.3851146642402806;-1.5751643097199564;-0.4038847501309328;-0.6209838283181613;-0.49920768260333204;-0.24710536429033883;-0.030729254193150108;-0.48521256726432327;-0.4361122207682917;-0.15220388682955227;-0.40599897147057507;-0.18749999999999997;1.0
Cc1ccsc1-c1nc(-c2ccc3c(c2)[nH]c(=O)c(=O)n3CC(C)C)no1;-0.11340042889535644;0.329470874753161;-0.16957679805484424;-0.3851146642402806;0.6835602399553516;-0.4038847501309328;-0.6209838283181613;-0.49920768260333204;-0.24710536429033883;-0.030729254193150108;-0.48521256726432327;-0.4361122207682917;-0.15220388682955227;-0.40599897147057507;-0.18749999999999997;0.0
Cc1ccsc1-c1nc(-c2cccc(NC(=O)NC(C)C)c2)no1;0.15939124580318756;-0.7778381571225067;-0.16957679805484424;-0.3851146642402806;-1.5751643097199564;-0.4038847501309328;-0.6209838283181613;-0.49920768260333204;-0.24710536429033883;-0.030729254193150108;-0.48521256726432327;-0.4361122207682917;-0.15220388682955227;-0.40599897147057507;-0.18749999999999997;1.0
Cc1ccsc1-c1nc(CNC(=O)CCN2C(=O)c3ccccc3C2=O)no1;-0.49613873925473884;1.0580978877531027;-0.16957679805484424;1.6258289027286723;2.9671054917269384;0.16542088170256303;-0.6209838283181613;-0.49920768260333204;-0.24710536429033883;-0.030729254193150108;2.060952389667274;4.023170293839964;-0.15220388682955227;-0.40599897147057507;-0.18749999999999997;0.0
Cc1ccsc1-c1nnc(CC(=O)NCCC2=CCCCC2)o1;-0.7489436231164645;-0.07812024470523363;-0.16957679805484424;-0.3851146642402806;-0.4458020348823024;-0.9731903819644286;-0.6209838283181613;-0.49920768260333204;-0.24710536429033883;-0.030729254193150108;-0.48521256726432327;-0.4361122207682917;-0.15220388682955227;-0.40599897147057507;-0.18749999999999997;1.0
Cc1ccsc1-c1nnc(CC(=O)NCc2cccs2)o1;-0.8009365711288127;0.7205909859188174;-0.16957679805484424;-0.3851146642402806;-0.4458020348823024;-0.9731903819644286;-0.6209838283181613;-0.49920768260333204;-0.24710536429033883;-0.030729254193150108;-0.48521256726432327;-0.4361122207682917;-0.15220388682955227;-0.40599897147057507;-0.18749999999999997;0.0
Cc1ccsc1-c1nnc(CC(=O)NCc2ccncc2)o1;-0.7737584392132657;0.5612907497943669;-0.16957679805484424;-0.3851146642402806;0.728183504088674;-0.4038847501309328;-0.6209838283181613;-0.49920768260333204;-0.24710536429033883;-0.030729254193150108;-0.48521256726432327;-0.4361122207682917;-0.15220388682955227;-0.40599897147057507;-0.18749999999999997;1.0
Cc1ccsc1-c1nnc(CC(=O)Nc2ccc(C(F)(F)F)cc2)o1;0.7065310585817979;0.3703692868451057;-0.16957679805484424;-0.3851146642402806;-0.4458020348823024;-0.4038847501309328;1.6103478937742153;2.090483068911506;-0.24710536429033883;-0.030729254193150108;-0.48521256726432327;-0.4361122207682917;-0.15220388682955227;-0.40599897147057507;-0.18749999999999997;1.0
Cc1ccsc1-c1nnc(CC(=O)Nc2cccc(Cl)c2)o1;-0.29071046421457947;0.5218499520708999;4.3242083503985285;-0.3851146642402806;-0.4458020348823024;-0.9731903819644286;-0.6209838283181613;-0.49920768260333204;-0.24710536429033883;-0.030729254193150108;-0.48521256726432327;-0.4361122207682917;-0.15220388682955227;-0.40599897147057507;5.333333333333333;1.0
Cc1ccsc1/C=C(\C#N)S(=O)(=O)c1ccccc1;1.32418583952404;-1.2939475467078119;-0.16957679805484424;-0.3851146642402806;-1.5751643097199564;-0.9731903819644286;-0.6209838283181613;-0.49920768260333204;-0.24710536429033883;-0.030729254193150108;-0.48521256726432327;-0.4361122207682917;-0.15220388682955227;-0.40599897147057507;-0.18749999999999997;1.0
Cc1ccsc1/C=C/C(=O)Nc1ccc2nc(N3CCCCC3)cc(C)c2c1;-0.875676433896556;0.6128610644702295;-0.16957679805484424;-0.3851146642402806;-0.4458020348823024;0.16542088170256303;-0.6209838283181613;-0.49920768260333204;-0.24710536429033883;-0.030729254193150108;-0.48521256726432327;-0.4361122207682917;-0.15220388682955227;-0.40599897147057507;-0.18749999999999997;1.0
Cc1ccsc1/C=C/C(=O)Nc1ccc2nc3n(c(=O)c2c1)CCCC3;-0.9274194158126922;0.8357755216400288;-0.16957679805484424;-0.3851146642402806;1.7593491742398217;-0.4038847501309328;-0.6209838283181613;-0.49920768260333204;-0.24710536429033883;-0.030729254193150108;-0.48521256726432327;-0.4361122207682917;-0.15220388682955227;-0.40599897147057507;-0.18749999999999997;0.0
Cc1ccsc1/C=C/c1n[nH]c(-c2ccccc2O)n1;-0.8308325162359043;0.29582599312970137;-0.16957679805484424;-0.3851146642402806;-0.3741601951151035;-0.4038847501309328;-0.6209838283181613;-0.49920768260333204;-0.24710536429033883;-0.030729254193150108;-0.48521256726432327;-0.4361122207682917;-0.15220388682955227;-0.40599897147057507;-0.18749999999999997;0.0
Cc1ccsc1/C=C1\N=C(c2ccc(Cl)c([N+](=O)[O-])c2)OC1=O;0.6371940442710681;-0.3138045588282702;4.3242083503985285;1.6258289027286723;0.807282431207023;-0.4038847501309328;-0.6209838283181613;-0.49920768260333204;4.046856703705712;-0.030729254193150108;2.060952389667274;2.536742788970546;-0.15220388682955227;-0.40599897147057507;5.333333333333333;0.0
Cc1ccsc1/C=N/NC(=O)Cc1ccc([N+](=O)[O-])cc1;1.0161736585094583;0.43688551690470856;-0.16957679805484424;-0.3851146642402806;1.9366447060446763;-0.4038847501309328;-0.6209838283181613;-0.49920768260333204;-0.24710536429033883;-0.030729254193150108;-0.48521256726432327;-0.4361122207682917;6.5701344481423405;-0.40599897147057507;-0.18749999999999997;0.0
Cc1ccsc1/C=N/NC(=O)c1ccc(CN2CCOCC2)o1;-0.7489436231164645;0.16451294378137044;-0.16957679805484424;-0.3851146642402806;0.708380942051631;-0.9731903819644286;-0.6209838283181613;-0.49920768260333204;-0.24710536429033883;-0.030729254193150108;2.060952389667274;1.050315284101127;6.5701344481423405;-0.40599897147057507;-0.18749999999999997;1.0
Cc1ccsc1/C=N/NC(=O)c1cccc([N+](=O)[O-])c1;1.0771332248842715;0.10623807296002784;-0.16957679805484424;-0.3851146642402806;1.9366447060446763;-0.4038847501309328;-0.6209838283181613;-0.49920768260333204;-0.24710536429033883;-0.030729254193150108;2.060952389667274;2.536742788970546;6.5701344481423405;-0.40599897147057507;-0.18749999999999997;0.0
Cc1ccsc1/C=N/NC(=O)c1ccncc1;0.05280038851199068;0.30610600416595335;-0.16957679805484424;-0.3851146642402806;0.728183504088674;-0.4038847501309328;-0.6209838283181613;-0.49920768260333204;-0.24710536429033883;-0.030729254193150108;-0.48521256726432327;-0.4361122207682917;6.5701344481423405;-0.40599897147057507;-0.18749999999999997;0.0
Cc1ccsc1/C=N/NC(=O)c1cnn(-c2ccccc2)c1C(F)(F)F;0.6715484152137791;0.8503751429452776;-0.16957679805484424;-0.3851146642402806;-0.4458020348823024;-0.4038847501309328;1.6103478937742153;2.090483068911506;-0.24710536429033883;-0.030729254193150108;-0.48521256726432327;-0.4361122207682917;6.5701344481423405;-0.40599897147057507;-0.18749999999999997;1.0
Cc1ccsc1C(=CCCN1CCC[C@@H](C(=O)O)C1)c1sccc1C;0.14489488921158455;3.154844946714719;-0.16957679805484424;-0.3851146642402806;-0.4458020348823024;-0.4038847501309328;-0.6209838283181613;-0.49920768260333204;-0.24710536429033883;-0.030729254193150108;-0.48521256726432327;-0.4361122207682917;-0.15220388682955227;-0.40599897147057507;-0.18749999999999997;1.0
Cc1ccsc1C(=O)N1CC(c2nnc(-c3ccncc3)o2)C2(CCOCC2)C1;-1.6841506346978923;-3.671569076631645;-0.16957679805484424;1.6258289027286723;0.728183504088674;-0.4038847501309328;-0.6209838283181613;-0.49920768260333204;-0.24710536429033883;-0.030729254193150108;2.060952389667274;2.536742788970546;-0.15220388682955227;-0.40599897147057507;-0.18749999999999997;0.0
Cc1ccsc1C(=O)N1CC2(C1)C(c1nc(-c3ccc(F)cc3)no1)CCS2(=O)=O;-0.45827903136759696;-4.928758572575008;-0.16957679805484424;1.6258289027286723;-0.4458020348823024;-0.4038847501309328;1.6103478937742153;1.22725281840656;-0.24710536429033883;-0.030729254193150108;2.060952389667274;2.536742788970546;-0.15220388682955227;-0.40599897147057507;-0.18749999999999997;1.0
Cc1ccsc1C(=O)N1CC2(CC(c3nc(-c4ccncc4)no3)N(C)C2)C1;-1.3575105459743113;-1.8843831093826224;-0.16957679805484424;1.6258289027286723;1.8823664810226073;-0.4038847501309328;-0.6209838283181613;-0.49920768260333204;-0.24710536429033883;-0.030729254193150108;-0.48521256726432327;-0.4361122207682917;-0.15220388682955227;-0.40599897147057507;-0.18749999999999997;0.0
Cc1ccsc1C(=O)N1CC2(CN(Cc3ccccc3)CC2C(=O)NCC(C)C)C1;-0.00856719342835867;-2.3714082434810853;-0.16957679805484424;1.6258289027286723;1.8377432168892844;-0.4038847501309328;-0.6209838283181613;-0.49920768260333204;-0.24710536429033883;-0.030729254193150108;-0.48521256726432327;-0.4361122207682917;-0.15220388682955227;-0.40599897147057507;-0.18749999999999997;0.0
Cc1ccsc1C(=O)N1CCC(CCc2noc(-c3cccnc3)n2)C1;-1.336152317734658;0.17082801831081226;-0.16957679805484424;1.6258289027286723;0.728183504088674;-0.4038847501309328;-0.6209838283181613;-0.49920768260333204;-0.24710536429033883;-0.030729254193150108;-0.48521256726432327;-0.4361122207682917;-0.15220388682955227;-0.40599897147057507;-0.18749999999999997;0.0
Cc1ccsc1C(=O)N1CCC(Cc2nncn2C)CC1;-0.2948863116063802;2.0426137904981685;-0.16957679805484424;-0.3851146642402806;-0.4458020348823024;-0.9731903819644286;-0.6209838283181613;-0.49920768260333204;-0.24710536429033883;-0.030729254193150108;-0.48521256726432327;-0.4361122207682917;-0.15220388682955227;-0.40599897147057507;-0.18749999999999997;1.0
Cc1ccsc1C(=O)N1CCC(N2C(=O)N(C)CC23CCOCC3)CC1;-0.3873846375721043;3.1989297698466266;-0.16957679805484424;1.6258289027286723;-0.4458020348823024;-0.9731903819644286;-0.6209838283181613;-0.49920768260333204;-0.24710536429033883;-0.030729254193150108;2.060952389667274;1.050315284101127;-0.15220388682955227;-0.40599897147057507;-0.18749999999999997;0.0
Cc1ccsc1C(=O)N1CCC(N2C(=O)N(CC3CC3)CC23CCOCC3)CC1;-1.3177004467678541;2.026158778623849;-0.16957679805484424;1.6258289027286723;-0.4458020348823024;-0.9731903819644286;-0.6209838283181613;-0.49920768260333204;-0.24710536429033883;-0.030729254193150108;2.060952389667274;1.050315284101127;-0.15220388682955227;-0.40599897147057507;-0.18749999999999997;1.0
Cc1ccsc1C(=O)N1CCC(NS(=O)(=O)c2ccccc2)CC1;0.3016349451483626;2.1725537647834354;-0.16957679805484424;-0.3851146642402806;-0.4458020348823024;-0.9731903819644286;-0.6209838283181613;-0.49920768260333204;-0.24710536429033883;-0.030729254193150108;-0.48521256726432327;-0.4361122207682917;-0.15220388682955227;-0.40599897147057507;-0.18749999999999997;1.0
Cc1ccsc1C(=O)N1CCC(c2nc(-c3ccccc3)no2)C1;-1.4305802051302958;0.7816423331859661;-0.16957679805484424;1.6258289027286723;-0.4458020348823024;-0.4038847501309328;-0.6209838283181613;-0.49920768260333204;-0.24710536429033883;-0.030729254193150108;2.060952389667274;1.050315284101127;-0.15220388682955227;-0.40599897147057507;-0.18749999999999997;1.0
Cc1ccsc1C(=O)N1CCC(c2nc(N(C)C)ncc2C(=O)NC(C)C)C1;1.2462316276157959;1.9967237658994086;-0.16957679805484424;1.6258289027286723;0.6835602399553516;-0.4038847501309328;-0.6209838283181613;-0.49920768260333204;-0.24710536429033883;-0.030729254193150108;-0.48521256726432327;-0.4361122207682917;-0.15220388682955227;-0.40599897147057507;-0.18749999999999997;0.0
Cc1ccsc1C(=O)N1CCC(c2nnnn2C2CCCC2)(N(C)C)C1;-0.3873846375720826;0.038770635084611225;-0.16957679805484424;1.6258289027286723;0.708380942051631;-0.9731903819644286;-0.6209838283181613;-0.49920768260333204;-0.24710536429033883;-0.030729254193150108;-0.48521256726432327;-0.4361122207682917;-0.15220388682955227;-0.40599897147057507;-0.18749999999999997;0.0
Cc1ccsc1C(=O)N1CCC(n2cnnc2C2CC2)C1;-1.6059462817222112;1.9573117655662977;-0.16957679805484424;1.6258289027286723;-0.4458020348823024;-0.9731903819644286;-0.6209838283181613;-0.49920768260333204;-0.24710536429033883;-0.030729254193150108;-0.48521256726432327;-0.4361122207682917;-0.15220388682955227;-0.40599897147057507;-0.18749999999999997;0.0
Cc1ccsc1C(=O)N1CCC2(CC1)CC(N(C1CC1)S(C)(=O)=O)CCO2;0.1394772588294169;1.771837319272434;-0.16957679805484424;-0.3851146642402806;-0.4458020348823024;-0.9731903819644286;-0.6209838283181613;-0.49920768260333204;-0.24710536429033883;-0.030729254193150108;2.060952389667274;4.023170293839964;-0.15220388682955227;-0.40599897147057507;-0.18749999999999997;1.0
Cc1ccsc1C(=O)N1CCC2(CC1)NC(=O)N(c1ccccc1)N2;-0.8198415343143514;0.9723295928538135;-0.16957679805484424;1.6258289027286723;-0.4458020348823024;-0.9731903819644286;-0.6209838283181613;-0.49920768260333204;-0.24710536429033883;-0.030729254193150108;-0.48521256726432327;-0.4361122207682917;-0.15220388682955227;-0.40599897147057507;-0.18749999999999997;0.0
Cc1ccsc1C(=O)N1CCC2(CC1)NC(c1cccc(Br)c1)=NO2;-0.8198415343143514;0.6845323619532743;-0.16957679805484424;1.6258289027286723;-0.4458020348823024;-0.4038847501309328;-0.6209838283181613;-0.49920768260333204;-0.24710536429033883;-0.030729254193150108;2.060952389667274;1.050315284101127;-0.15220388682955227;-0.40599897147057507;-0.18749999999999997;0.0
Cc1ccsc1C(=O)N1CCC2(CCC2n2cc(C(=O)NCc3ccccc3)nn2)CC1;-1.2131989363509006;0.8194997150400077;-0.16957679805484424;-0.3851146642402806;0.6835602399553516;-0.4038847501309328;-0.6209838283181613;-0.49920768260333204;-0.24710536429033883;-0.030729254193150108;-0.48521256726432327;-0.4361122207682917;-0.15220388682955227;-0.40599897147057507;-0.18749999999999997;1.0
Cc1ccsc1C(=O)N1CCCC(CCc2noc(-c3ccncc3)n2)C1;-1.2941843677810418;-0.4898512266729928;-0.16957679805484424;-0.3851146642402806;0.728183504088674;-0.4038847501309328;-0.6209838283181613;-0.49920768260333204;-0.24710536429033883;-0.030729254193150108;-0.48521256726432327;-0.4361122207682917;-0.15220388682955227;-0.40599897147057507;-0.18749999999999997;0.0
Cc1ccsc1C(=O)N1CCCC(CN2CCOCC2)CC1;-0.7737584392132657;0.26687707376404685;-0.16957679805484424;-0.3851146642402806;0.708380942051631;-0.9731903819644286;-0.6209838283181613;-0.49920768260333204;-0.24710536429033883;-0.030729254193150108;-0.48521256726432327;-0.4361122207682917;-0.15220388682955227;-0.40599897147057507;-0.18749999999999997;0.0
Cc1ccsc1C(=O)N1CCCC(c2nnn[nH]2)C1;-0.8638754029332277;-0.5415901956984451;-0.16957679805484424;-0.3851146642402806;-0.4458020348823024;-0.9731903819644286;-0.6209838283181613;-0.49920768260333204;-0.24710536429033883;-0.030729254193150108;-0.48521256726432327;-0.4361122207682917;-0.15220388682955227;-0.40599897147057507;-0.18749999999999997;0.0
Cc1ccsc1C(=O)N1CCCC(c2noc(COc3ccccc3F)n2)C1;-0.8756764338965632;-0.2263820585815034;-0.16957679805484424;-0.3851146642402806;-0.4458020348823024;-0.9731903819644286;1.6103478937742153;0.364022567901614;-0.24710536429033883;-0.030729254193150108;-0.48521256726432327;-0.4361122207682917;-0.15220388682955227;2.463060426921489;-0.18749999999999997;0.0
Cc1ccsc1C(=O)N1CCCC1COc1ccc(C(=O)NC(C)C)cc1;0.5127182348995148;3.503931041404363;-0.16957679805484424;1.6258289027286723;0.6835602399553516;-0.4038847501309328;-0.6209838283181613;-0.49920768260333204;-0.24710536429033883;-0.030729254193150108;2.060952389667274;1.050315284101127;6.5701344481423405;-0.40599897147057507;-0.18749999999999997;0.0
Cc1ccsc1C(=O)N1CCCCC1c1nnc(-c2cnccn2)[nH]1;-1.3814777036845647;0.8172767651162155;-0.16957679805484424;-0.3851146642402806;0.728183504088674;-0.9731903819644286;-0.6209838283181613;-0.49920768260333204;-0.24710536429033883;-0.030729254193150108;-0.48521256726432327;-0.4361122207682917;-0.15220388682955227;-0.40599897147057507;-0.18749999999999997;1.0
Cc1ccsc1C(=O)N1CCCCC1c1nncn1-c1ccccc1;-1.3814777036845647;1.5190931725541246;-0.16957679805484424;-0.3851146642402806;0.6299868994021683;-0.9731903819644286;-0.6209838283181613;-0.49920768260333204;-0.24710536429033883;-0.030729254193150108;-0.48521256726432327;-0.4361122207682917;-0.15220388682955227;-0.40599897147057507;-0.18749999999999997;1.0
Cc1ccsc1C(=O)N1CCCN(C)C2(CCCCC2)CC(=O)NCC1;0.262815513291806;2.4820488053127603;-0.16957679805484424;-0.3851146642402806;0.6835602399553516;-0.9731903819644286;-0.6209838283181613;-0.49920768260333204;-0.24710536429033883;-0.030729254193150108;-0.48521256726432327;-0.4361122207682917;-0.15220388682955227;-0.40599897147057507;-0.18749999999999997;1.0
Cc1ccsc1C(=O)N1CCCN(S(C)(=O)=O)[C@H]2CCC[C@H]2C(=O)NCC1;1.0327517250571203;2.7306451580638735;-0.16957679805484424;-0.3851146642402806;0.6835602399553516;-0.9731903819644286;-0.6209838283181613;-0.49920768260333204;-0.24710536429033883;-0.030729254193150108;2.060952389667274;2.536742788970546;-0.15220388682955227;-0.40599897147057507;-0.18749999999999997;0.0
Cc1ccsc1C(=O)N1CCC[C@H](n2c(=O)n(CC3CC3)c3cccnc32)C1;-1.4794337168416176;0.02601164785514385;-0.16957679805484424;-0.3851146642402806;1.7057758336866393;-0.9731903819644286;-0.6209838283181613;-0.49920768260333204;-0.24710536429033883;-0.030729254193150108;-0.48521256726432327;-0.4361122207682917;-0.15220388682955227;-0.40599897147057507;-0.18749999999999997;0.0
Cc1ccsc1C(=O)N1CCC[C@H]1Cn1cc(C(=O)N2CCc3ccccc3C2)nn1;-1.355909583178265;2.1486101623711567;-0.16957679805484424;1.6258289027286723;0.6835602399553516;0.16542088170256303;-0.6209838283181613;-0.49920768260333204;-0.24710536429033883;-0.030729254193150108;-0.48521256726432327;-0.4361122207682917;-0.15220388682955227;-0.40599897147057507;-0.18749999999999997;0.0
Cc1ccsc1C(=O)N1CCN(S(=O)(=O)c2c(C)nn(C)c2C)CC1;1.5566954945794906;4.310750998421671;-0.16957679805484424;-0.3851146642402806;0.657005475036045;-0.9731903819644286;-0.6209838283181613;-0.49920768260333204;-0.24710536429033883;-0.030729254193150108;-0.48521256726432327;-0.4361122207682917;6.5701344481423405;-0.40599897147057507;-0.18749999999999997;0.0
Cc1ccsc1C(=O)N1CCN(S(=O)(=O)c2cc3c(cc2Cl)NC(=O)CO3)CC1;0.36458818331402776;2.725058527355601;4.3242083503985285;-0.3851146642402806;0.6835602399553516;-0.9731903819644286;-0.6209838283181613;-0.49920768260333204;-0.24710536429033883;-0.030729254193150108;-0.48521256726432327;-0.4361122207682917;6.5701344481423405;-0.40599897147057507;5.333333333333333;1.0
Cc1ccsc1C(=O)N1CCN(c2ncccc2-c2nnc(C3CC3)o2)CC1;-1.8589714114834492;2.190493513265762;-0.16957679805484424;-0.3851146642402806;-0.4458020348823024;-0.4038847501309328;-0.6209838283181613;-0.49920768260333204;-0.24710536429033883;-0.030729254193150108;-0.48521256726432327;-0.4361122207682917;-0.15220388682955227;-0.40599897147057507;-0.18749999999999997;1.0
Cc1ccsc1C(=O)N1CCc2c(c(-c3nc(C4CC4)no3)nn2C)C1;-1.577619566676588;-0.7197200301803608;-0.16957679805484424;-0.3851146642402806;0.657005475036045;-0.4038847501309328;-0.6209838283181613;-0.49920768260333204;-0.24710536429033883;-0.030729254193150108;-0.48521256726432327;-0.4361122207682917;-0.15220388682955227;-0.40599897147057507;-0.18749999999999997;1.0
Cc1ccsc1C(=O)N1CCn2c(n[nH]c2=O)C1c1ccccc1;-0.9877862280481674;-0.19156381991371277;-0.16957679805484424;-0.3851146642402806;0.6299868994021683;-0.4038847501309328;-0.6209838283181613;-0.49920768260333204;-0.24710536429033883;-0.030729254193150108;-0.48521256726432327;-0.4361122207682917;-0.15220388682955227;-0.40599897147057507;-0.18749999999999997;1.0
Cc1ccsc1C(=O)N1Cc2c(-c3nc(C4CCOCC4)no3)nn(C)c2C1;-1.4794337168416032;-2.0014766935172204;-0.16957679805484424;1.6258289027286723;0.657005475036045;-0.4038847501309328;-0.6209838283181613;-0.49920768260333204;-0.24710536429033883;-0.030729254193150108;2.060952389667274;1.050315284101127;-0.15220388682955227;-0.40599897147057507;-0.18749999999999997;1.0
Cc1ccsc1C(=O)N1[C@@H]2CC[C@H]1Cc1c(C(=O)NC(C)C)nc(-c3ccccc3)n1C2;-0.6556907452365928;3.290524387595012;-0.16957679805484424;1.6258289027286723;0.6835602399553516;-0.4038847501309328;-0.6209838283181613;-0.49920768260333204;-0.24710536429033883;-0.030729254193150108;-0.48521256726432327;-0.4361122207682917;-0.15220388682955227;-0.40599897147057507;-0.18749999999999997;0.0
Cc1ccsc1C(=O)NC1CCCN(c2cc(N(C)C)ncn2)C1;0.15939124580318756;1.3238439125531103;-0.16957679805484424;-0.3851146642402806;-0.4458020348823024;-0.9731903819644286;-0.6209838283181613;-0.49920768260333204;-0.24710536429033883;-0.030729254193150108;-0.48521256726432327;-0.4361122207682917;-0.15220388682955227;-0.40599897147057507;-0.18749999999999997;1.0
Cc1ccsc1C(=O)NCc1ccc(S(=O)(=O)N2CCCCC2)s1;0.3016349451483626;-0.4711412936241641;-0.16957679805484424;-0.3851146642402806;-0.4458020348823024;-0.9731903819644286;-0.6209838283181613;-0.49920768260333204;-0.24710536429033883;-0.030729254193150108;-0.48521256726432327;-0.4361122207682917;-0.15220388682955227;-0.40599897147057507;-0.18749999999999997;1.0
Cc1ccsc1C(=O)NCc1nnn2c1CN(C)C(=O)C2C;0.675385485782793;-0.39955522072514377;-0.16957679805484424;-0.3851146642402806;0.6835602399553516;-0.9731903819644286;-0.6209838283181613;-0.49920768260333204;-0.24710536429033883;-0.030729254193150108;-0.48521256726432327;-0.4361122207682917;-0.15220388682955227;-0.40599897147057507;-0.18749999999999997;0.0
Cc1ccsc1C(=O)NCc1nnn2c1CNC(=O)C2C(C)C;0.6371940442710681;0.4827154503252171;-0.16957679805484424;-0.3851146642402806;0.6835602399553516;-0.9731903819644286;-0.6209838283181613;-0.49920768260333204;-0.24710536429033883;-0.030729254193150108;-0.48521256726432327;-0.4361122207682917;-0.15220388682955227;-0.40599897147057507;-0.18749999999999997;0.0
Cc1ccsc1C(=O)Nc1ccc2c(c1)CCC(=O)N2C;0.21116394791605234;-0.08769706049350533;-0.16957679805484424;-0.3851146642402806;0.6835602399553516;-0.4038847501309328;-0.6209838283181613;-0.49920768260333204;-0.24710536429033883;-0.030729254193150108;-0.48521256726432327;-0.4361122207682917;-0.15220388682955227;-0.40599897147057507;-0.18749999999999997;1.0
Cc1ccsc1C(=O)Nc1cccc(-c2nnc3n2CCCC3)c1;-1.4305802051302958;0.004706735076720022;-0.16957679805484424;-0.3851146642402806;-0.4458020348823024;-0.4038847501309328;-0.6209838283181613;-0.49920768260333204;-0.24710536429033883;-0.030729254193150108;-0.48521256726432327;-0.4361122207682917;-0.15220388682955227;-0.40599897147057507;-0.18749999999999997;1.0
Cc1ccsc1C(=O)Nc1ccccc1C(N)=O;1.2193722130921765;-2.2017390699032293;-0.16957679805484424;-0.3851146642402806;0.6835602399553516;-0.4038847501309328;-0.6209838283181613;-0.49920768260333204;-0.24710536429033883;-0.030729254193150108;2.060952389667274;1.050315284101127;-0.15220388682955227;-0.40599897147057507;-0.18749999999999997;1.0
Cc1ccsc1C(=O)Nc1cccn2c(C3CCC3)nnc12;-1.5421767993251518;0.7335710946282362;-0.16957679805484424;-0.3851146642402806;0.5907898780774372;-0.9731903819644286;-0.6209838283181613;-0.49920768260333204;-0.24710536429033883;-0.030729254193150108;-0.48521256726432327;-0.4361122207682917;-0.15220388682955227;-0.40599897147057507;-0.18749999999999997;1.0
Cc1ccsc1C(=O)Nc1cnc(N2CCCCC2)nc1;-0.8009365711288127;1.312934230266333;-0.16957679805484424;-0.3851146642402806;-0.4458020348823024;-0.9731903819644286;-0.6209838283181613;-0.49920768260333204;-0.24710536429033883;-0.030729254193150108;-0.48521256726432327;-0.4361122207682917;-0.15220388682955227;-0.40599897147057507;-0.18749999999999997;0.0
Cc1ccsc1C(=O)Nc1cnn(-c2ncncc2N2CCOCC2)c1;-1.336152317734658;1.7086651689115704;-0.16957679805484424;-0.3851146642402806;-0.4458020348823024;-0.9731903819644286;-0.6209838283181613;-0.49920768260333204;-0.24710536429033883;-0.030729254193150108;-0.48521256726432327;-0.4361122207682917;-0.15220388682955227;-0.40599897147057507;-0.18749999999999997;1.0
Cc1ccsc1C(=O)n1nc(Nc2ccc(S(=O)(=O)NCCOCc3cn(CCOCCOCCNc4cccc5c4C(=O)N(C4CCC(=O)NC4=O)C5=O)nn3)cc2)nc1N;-0.2413059867408669;0.7713489291817982;-0.16957679805484424;1.6258289027286723;6.4782096230226855;0.16542088170256303;-0.6209838283181613;-0.49920768260333204;-0.24710536429033883;-0.030729254193150108;-0.48521256726432327;-0.4361122207682917;-0.15220388682955227;-0.40599897147057507;-0.18749999999999997;0.0
Cc1ccsc1C1C(C#N)=C(N)N(N(C)C)C2=C1C(=O)CC(C)(C)C2;1.9817777125783334;2.744874773363975;-0.16957679805484424;-0.3851146642402806;0.7340567555154663;-0.9731903819644286;-0.6209838283181613;-0.49920768260333204;-0.24710536429033883;-0.030729254193150108;-0.48521256726432327;-0.4361122207682917;-0.15220388682955227;-0.40599897147057507;-0.18749999999999997;0.0
Cc1ccsc1C1C(C#N)=C(N)Oc2[nH]nc(C)c21;0.2547620128532062;3.4639311408436857;-0.16957679805484424;-0.3851146642402806;-1.5751643097199564;-0.4038847501309328;-0.6209838283181613;-0.49920768260333204;-0.24710536429033883;-0.030729254193150108;-0.48521256726432327;-0.4361122207682917;-0.15220388682955227;-0.40599897147057507;-0.18749999999999997;1.0
Cc1ccsc1C1CC(=O)Nc2c1c(=O)nc1c(C)cccn21;-0.5598607110520862;0.06615846650924201;-0.16957679805484424;-0.3851146642402806;1.720152152915091;0.16542088170256303;-0.6209838283181613;-0.49920768260333204;-0.24710536429033883;-0.030729254193150108;2.060952389667274;1.050315284101127;-0.15220388682955227;-0.40599897147057507;-0.18749999999999997;1.0
Cc1ccsc1C1Nc2nonc2NC2=C1C(=O)CC(C)(C)C2;-0.41143250303972395;1.2587631994251558;-0.16957679805484424;-0.3851146642402806;-0.4458020348823024;-0.9731903819644286;-0.6209838283181613;-0.49920768260333204;-0.24710536429033883;-0.030729254193150108;-0.48521256726432327;-0.4361122207682917;6.5701344481423405;-0.40599897147057507;-0.18749999999999997;0.0
Cc1ccsc1CCN1C(=O)N(c2ccccc2)C(=O)C1CC(=O)Nc1ccccc1;-0.4677721840675391;0.3161866205040234;-0.16957679805484424;1.6258289027286723;0.6835602399553516;-0.9731903819644286;-0.6209838283181613;-0.49920768260333204;-0.24710536429033883;-0.030729254193150108;2.060952389667274;1.050315284101127;6.5701344481423405;-0.40599897147057507;-0.18749999999999997;0.0
Cc1ccsc1CCNC(=O)C1CCC(Cn2c(=O)[nH]c3ccsc3c2=O)CC1;-0.48603111614206007;-1.6749740607152603;-0.16957679805484424;-0.3851146642402806;1.7593491742398217;-0.9731903819644286;-0.6209838283181613;-0.49920768260333204;-0.24710536429033883;-0.030729254193150108;-0.48521256726432327;-0.4361122207682917;6.5701344481423405;-0.40599897147057507;-0.18749999999999997;0.0
Cc1ccsc1CCNC(=O)CCS(=O)(=O)c1ccc2c(c1)CC(C)N2C(=O)C1CC1;0.32796845090752946;0.7188339815096584;-0.16957679805484424;1.6258289027286723;0.6835602399553516;-0.4038847501309328;-0.6209838283181613;-0.49920768260333204;-0.24710536429033883;-0.030729254193150108;-0.48521256726432327;-0.4361122207682917;6.5701344481423405;-0.40599897147057507;-0.18749999999999997;0.0
Cc1ccsc1CCNC(=O)CCn1cnc2ccccc2c1=O;-0.2834027312789337;-1.0045490193929603;-0.16957679805484424;-0.3851146642402806;1.7593491742398217;-0.4038847501309328;-0.6209838283181613;-0.49920768260333204;-0.24710536429033883;-0.030729254193150108;2.060952389667274;1.050315284101127;6.5701344481423405;-0.40599897147057507;-0.18749999999999997;0.0
Cc1ccsc1CCNC(=O)CN(C)S(=O)(=O)c1ccc2c(c1)C(C)(C)C(=O)N2C;2.085675290125985;-0.3720636803339229;-0.16957679805484424;1.6258289027286723;0.6835602399553516;-0.4038847501309328;-0.6209838283181613;-0.49920768260333204;-0.24710536429033883;-0.030729254193150108;-0.48521256726432327;-0.4361122207682917;6.5701344481423405;-0.40599897147057507;-0.18749999999999997;0.0
Cc1ccsc1CCNC(=O)CN1C(=O)COc2ccc(S(=O)(=O)N3CCC(C)CC3)cc21;0.29578747394422095;-0.228443508674472;-0.16957679805484424;-0.3851146642402806;1.8377432168892844;-0.9731903819644286;-0.6209838283181613;-0.49920768260333204;-0.24710536429033883;-0.030729254193150108;2.060952389667274;4.023170293839964;6.5701344481423405;-0.40599897147057507;-0.18749999999999997;0.0
Cc1ccsc1CCNC(=O)CN1C(=O)CSc2ccc(S(=O)(=O)N3CCCC3)cc21;-0.014839789414129567;-0.774655522738586;-0.16957679805484424;1.6258289027286723;0.6835602399553516;-0.9731903819644286;-0.6209838283181613;-0.49920768260333204;-0.24710536429033883;-0.030729254193150108;-0.48521256726432327;-0.4361122207682917;6.5701344481423405;-0.40599897147057507;-0.18749999999999997;0.0
Cc1ccsc1CCNC(=O)Cc1ccc(NC2=NC3CS(=O)(=O)CC3S2)cc1;-0.3683121925460484;0.19478902308661133;-0.16957679805484424;3.636772469697625;0.7301683141413231;-0.4038847501309328;-0.6209838283181613;-0.49920768260333204;-0.24710536429033883;-0.030729254193150108;-0.48521256726432327;-0.4361122207682917;6.5701344481423405;-0.40599897147057507;-0.18749999999999997;0.0
Cc1ccsc1CCNC(=O)Cn1cnc(S(=O)(=O)N2CCc3ccccc32)c1;-0.3683121925460484;-0.27788121804362054;-0.16957679805484424;1.6258289027286723;0.5682997102768662;-0.4038847501309328;-0.6209838283181613;-0.49920768260333204;-0.24710536429033883;-0.030729254193150108;-0.48521256726432327;-0.4361122207682917;6.5701344481423405;-0.40599897147057507;-0.18749999999999997;0.0
Cc1ccsc1CCNC(=O)c1cnc(N2CCCC2)nc1;-0.7737584392132657;-0.55208127612322;-0.16957679805484424;1.6258289027286723;-0.4458020348823024;-0.4038847501309328;-0.6209838283181613;-0.49920768260333204;-0.24710536429033883;-0.030729254193150108;-0.48521256726432327;-0.4361122207682917;6.5701344481423405;-0.40599897147057507;-0.18749999999999997;0.0
Cc1ccsc1CCNC(=O)c1cnc(NCc2ccc3c(c2)OCO3)nc1C;-0.8524813040720981;0.1437177330036143;-0.16957679805484424;1.6258289027286723;-0.4458020348823024;0.16542088170256303;-0.6209838283181613;-0.49920768260333204;-0.24710536429033883;-0.030729254193150108;-0.48521256726432327;-0.4361122207682917;6.5701344481423405;-0.40599897147057507;-0.18749999999999997;0.0
Cc1ccsc1CCNS(=O)(=O)c1ccc2[nH]c3c(c2c1)CCCC3;-0.8198415343143514;0.674261582309695;-0.16957679805484424;-0.3851146642402806;-1.5751643097199564;0.16542088170256303;-0.6209838283181613;-0.49920768260333204;-0.24710536429033883;-0.030729254193150108;-0.48521256726432327;-0.4361122207682917;6.5701344481423405;-0.40599897147057507;-0.18749999999999997;1.0
Cc1ccsc1CCNS(=O)(=O)c1ccc2c(c1)C(C)(C)CN2C(=O)C(C)C;1.8696156639922186;3.6303928967673373;-0.16957679805484424;1.6258289027286723;-0.4458020348823024;-0.4038847501309328;-0.6209838283181613;-0.49920768260333204;-0.24710536429033883;-0.030729254193150108;-0.48521256726432327;-0.4361122207682917;6.5701344481423405;-0.40599897147057507;-0.18749999999999997;0.0
Cc1ccsc1CCNS(=O)(=O)c1ccc2c(c1)NC(=O)C(C)CS2;0.7065310585818052;0.12959922141275657;-0.16957679805484424;-0.3851146642402806;-0.4458020348823024;-0.9731903819644286;-0.6209838283181613;-0.49920768260333204;-0.24710536429033883;-0.030729254193150108;-0.48521256726432327;-0.4361122207682917;6.5701344481423405;-0.40599897147057507;-0.18749999999999997;0.0
Cc1ccsc1CN(C(=O)COc1ccc(Cl)cc1)C1CCS(=O)(=O)C1;0.6715484152137718;0.7411923097396139;-0.16957679805484424;1.6258289027286723;-0.4458020348823024;-0.9731903819644286;-0.6209838283181613;-0.49920768260333204;-0.24710536429033883;-0.030729254193150108;2.060952389667274;2.536742788970546;6.5701344481423405;-0.40599897147057507;-0.18749999999999997;0.0
Cc1ccsc1CN(C(=O)COc1cccc(C)c1C)C1CCS(=O)(=O)C1;1.0327517250571276;0.8108096739225285;-0.16957679805484424;1.6258289027286723;-0.4458020348823024;0.16542088170256303;-0.6209838283181613;-0.49920768260333204;-0.24710536429033883;-0.030729254193150108;2.060952389667274;2.536742788970546;6.5701344481423405;-0.40599897147057507;-0.18749999999999997;0.0
Cc1ccsc1CN(C(=O)c1ccc(C(C)(C)C)cc1)C1CCS(=O)(=O)C1;1.552785215214733;-1.0518591012149863;-0.16957679805484424;1.6258289027286723;-0.4458020348823024;0.16542088170256303;-0.6209838283181613;-0.49920768260333204;-0.24710536429033883;-0.030729254193150108;2.060952389667274;2.536742788970546;-0.15220388682955227;-0.40599897147057507;-0.18749999999999997;0.0
Cc1ccsc1CN(C(=O)c1cccc(Cl)c1)C1CCS(=O)(=O)C1;0.7444289222305055;-0.7388237915374308;-0.16957679805484424;1.6258289027286723;-0.4458020348823024;-0.4038847501309328;-0.6209838283181613;-0.49920768260333204;-0.24710536429033883;-0.030729254193150108;2.060952389667274;2.536742788970546;-0.15220388682955227;-0.40599897147057507;-0.18749999999999997;0.0
Cc1ccsc1CN(C(=O)c1oc2ccc(F)cc2c1C)C1CCS(=O)(=O)C1;0.38485982089621623;-1.8222924213512015;-0.16957679805484424;1.6258289027286723;-0.4458020348823024;0.16542088170256303;-0.6209838283181613;-0.49920768260333204;-0.24710536429033883;-0.030729254193150108;2.060952389667274;2.536742788970546;6.5701344481423405;-0.40599897147057507;-0.18749999999999997;1.0
Cc1ccsc1CN(C)Cc1nc(C2CCN(S(C)(=O)=O)CC2)no1;0.7065310585817979;1.234662930029459;-0.16957679805484424;-0.3851146642402806;-0.4209813327860232;-0.9731903819644286;-0.6209838283181613;-0.49920768260333204;-0.24710536429033883;-0.030729254193150108;-0.48521256726432327;-0.4361122207682917;6.5701344481423405;-0.40599897147057507;-0.18749999999999997;0.0
Cc1ccsc1CN(Cc1ccc(F)cc1)Cc1nc(C(=O)NCCN(C)C)co1;0.44114464451086516;-0.23464226269136076;-0.16957679805484424;-0.3851146642402806;0.708380942051631;-0.4038847501309328;1.6103478937742153;0.364022567901614;-0.24710536429033883;-0.030729254193150108;-0.48521256726432327;-0.4361122207682917;6.5701344481423405;-0.40599897147057507;-0.18749999999999997;0.0
Cc1ccsc1CN(Cc1ccc2c(c1)OCO2)C(=O)CN(C(=O)C(C)C)C1CC1;-0.12236215290451173;0.47321949422257353;-0.16957679805484424;1.6258289027286723;0.6835602399553516;-0.4038847501309328;-0.6209838283181613;-0.49920768260333204;-0.24710536429033883;-0.030729254193150108;-0.48521256726432327;-0.4361122207682917;-0.15220388682955227;-0.40599897147057507;-0.18749999999999997;0.0
Cc1ccsc1CN(Cc1ccc2c(c1)OCO2)C(=O)CN(C(=O)C(C)C)C1CCCCC1;-0.12969447254837;0.8462086496076758;-0.16957679805484424;1.6258289027286723;0.6835602399553516;-0.4038847501309328;-0.6209838283181613;-0.49920768260333204;-0.24710536429033883;-0.030729254193150108;-0.48521256726432327;-0.4361122207682917;-0.15220388682955227;-0.40599897147057507;-0.18749999999999997;0.0
Cc1ccsc1CN(Cc1ccc2c(c1)OCO2)C(=O)CN(C(=O)C1CC1)C(C)C;-0.12236215290451173;0.9968209259870903;-0.16957679805484424;1.6258289027286723;0.6835602399553516;-0.4038847501309328;-0.6209838283181613;-0.49920768260333204;-0.24710536429033883;-0.030729254193150108;-0.48521256726432327;-0.4361122207682917;-0.15220388682955227;-0.40599897147057507;-0.18749999999999997;0.0
Cc1ccsc1CN(Cc1ccc2c(c1)OCO2)C(=O)CN(C(=O)CCc1ccccc1)C(C)C;-0.13388436948772067;0.567723810395628;-0.16957679805484424;1.6258289027286723;0.6835602399553516;0.16542088170256303;-0.6209838283181613;-0.49920768260333204;-0.24710536429033883;-0.030729254193150108;-0.48521256726432327;-0.4361122207682917;-0.15220388682955227;-0.40599897147057507;-0.18749999999999997;0.0
Cc1ccsc1CN(Cc1ccc2c(c1)OCO2)C(=O)CN(CC1CC1)C(=O)C(C)C;-0.12496394374587286;-0.17995220521579058;-0.16957679805484424;1.6258289027286723;0.6835602399553516;-0.4038847501309328;-0.6209838283181613;-0.49920768260333204;-0.24710536429033883;-0.030729254193150108;-0.48521256726432327;-0.4361122207682917;-0.15220388682955227;-0.40599897147057507;-0.18749999999999997;0.0
Cc1ccsc1CN(Cc1ccco1)C(=O)COc1cc(C)c(Cl)c(C)c1;0.5127182348995148;2.8296111611376067;-0.16957679805484424;-0.3851146642402806;-0.4458020348823024;0.16542088170256303;-0.6209838283181613;-0.49920768260333204;-0.24710536429033883;-0.030729254193150108;2.060952389667274;1.050315284101127;6.5701344481423405;-0.40599897147057507;-0.18749999999999997;0.0
Cc1ccsc1CN(Cc1ccco1)C(=O)COc1ccc(Cl)cc1;-0.2801873287872654;1.8448055193472124;-0.16957679805484424;-0.3851146642402806;-0.4458020348823024;-0.9731903819644286;-0.6209838283181613;-0.49920768260333204;-0.24710536429033883;-0.030729254193150108;2.060952389667274;1.050315284101127;6.5701344481423405;-0.40599897147057507;-0.18749999999999997;1.0
Cc1ccsc1CN(Cc1ccco1)C(=O)COc1ccc(F)cc1;-0.2801873287872654;1.9807260276741745;-0.16957679805484424;-0.3851146642402806;-0.4458020348823024;-0.9731903819644286;-0.6209838283181613;-0.49920768260333204;-0.24710536429033883;-0.030729254193150108;2.060952389667274;1.050315284101127;6.5701344481423405;-0.40599897147057507;-0.18749999999999997;1.0
Cc1ccsc1CN(Cc1ccco1)C(=O)COc1ccccc1Cl;-0.28018732878725816;1.4892293661305782;4.3242083503985285;-0.3851146642402806;-0.4458020348823024;-0.9731903819644286;-0.6209838283181613;-0.49920768260333204;4.046856703705712;-0.030729254193150108;2.060952389667274;1.050315284101127;6.5701344481423405;-0.40599897147057507;5.333333333333333;1.0
Cc1ccsc1CN(Cc1ccco1)C(=O)c1ccc(Br)cc1;-0.2868977339872869;-3.1294063650015196;-0.16957679805484424;-0.3851146642402806;-0.4458020348823024;-0.4038847501309328;-0.6209838283181613;-0.49920768260333204;-0.24710536429033883;32.54228019054596;-0.48521256726432327;-0.4361122207682917;6.5701344481423405;-0.40599897147057507;-0.18749999999999997;1.0
Cc1ccsc1CN1CC(C(=O)Nc2ccccn2)C2(CCOCC2)C1;-1.2048504414160215;-3.641269483353798;-0.16957679805484424;1.6258289027286723;0.708380942051631;-0.9731903819644286;-0.6209838283181613;-0.49920768260333204;-0.24710536429033883;-0.030729254193150108;2.060952389667274;1.050315284101127;-0.15220388682955227;-0.40599897147057507;-0.18749999999999997;0.0
Cc1ccsc1CN1CC(N(CCc2noc(C3CC3)n2)S(C)(=O)=O)C1;-0.3873846375720826;2.2549893390595668;-0.16957679805484424;-0.3851146642402806;-0.4209813327860232;-0.9731903819644286;-0.6209838283181613;-0.49920768260333204;-0.24710536429033883;-0.030729254193150108;-0.48521256726432327;-0.4361122207682917;6.5701344481423405;-0.40599897147057507;-0.18749999999999997;0.0
Cc1ccsc1CN1CC(N(Cc2ccncc2)S(C)(=O)=O)C1;0.3235763631542528;2.3023895932351386;-0.16957679805484424;-0.3851146642402806;0.7530042061849531;-0.4038847501309328;-0.6209838283181613;-0.49920768260333204;-0.24710536429033883;-0.030729254193150108;-0.48521256726432327;-0.4361122207682917;-0.15220388682955227;-0.40599897147057507;-0.18749999999999997;1.0
Cc1ccsc1CN1CCC(CN2CC(C(=O)N3CCOCC3)CC2=O)CC1;-0.8756764338965632;0.706148987787296;-0.16957679805484424;1.6258289027286723;1.8377432168892844;-0.9731903819644286;-0.6209838283181613;-0.49920768260333204;-0.24710536429033883;-0.030729254193150108;-0.48521256726432327;-0.4361122207682917;-0.15220388682955227;-0.40599897147057507;-0.18749999999999997;0.0
Cc1ccsc1CN1CCC(F)(c2noc(-c3ccncc3)n2)C1;-1.2883365057851064;0.6480084511020251;-0.16957679805484424;1.6258289027286723;0.7530042061849531;-0.4038847501309328;-0.6209838283181613;-0.49920768260333204;-0.24710536429033883;-0.030729254193150108;-0.48521256726432327;-0.4361122207682917;-0.15220388682955227;-0.40599897147057507;-0.18749999999999997;0.0
Cc1ccsc1CN1CCC(N(CCCN2CCCC2)C(=O)C(C)C)C1;0.131513636973184;1.4979448747518933;-0.16957679805484424;3.636772469697625;0.708380942051631;-0.9731903819644286;-0.6209838283181613;-0.49920768260333204;-0.24710536429033883;-0.030729254193150108;-0.48521256726432327;-0.4361122207682917;-0.15220388682955227;-0.40599897147057507;-0.18749999999999997;0.0
Cc1ccsc1CN1CCC2(CC1)CC(OCC(=O)N(C)C)CCO2;0.28144884058294795;1.7279390708324007;-0.16957679805484424;-0.3851146642402806;0.708380942051631;-0.9731903819644286;-0.6209838283181613;-0.49920768260333204;-0.24710536429033883;-0.030729254193150108;-0.48521256726432327;-0.4361122207682917;-0.15220388682955227;-0.40599897147057507;-0.18749999999999997;1.0
Cc1ccsc1CN1CCC2(CC1)CC(OCC(=O)N1CCOCC1)CCO2;-1.1332909576710886;0.9934965088789234;-0.16957679805484424;-0.3851146642402806;0.708380942051631;-0.9731903819644286;-0.6209838283181613;-0.49920768260333204;-0.24710536429033883;-0.030729254193150108;2.060952389667274;1.050315284101127;-0.15220388682955227;-0.40599897147057507;-0.18749999999999997;1.0
Cc1ccsc1CN1CCCC(n2c(=O)n(C)c3cncnc32)C1;-0.9877862280481674;0.14019848698494813;-0.16957679805484424;-0.3851146642402806;1.7305965357829183;-0.9731903819644286;-0.6209838283181613;-0.49920768260333204;-0.24710536429033883;-0.030729254193150108;-0.48521256726432327;-0.4361122207682917;-0.15220388682955227;-0.40599897147057507;-0.18749999999999997;0.0
Cc1ccsc1CN1CCCCC1CCn1cc(C(=O)N2CCOCC2)nn1;-1.2552141285383949;0.06343099172444588;-0.16957679805484424;-0.3851146642402806;1.8111884519699784;-0.9731903819644286;-0.6209838283181613;-0.49920768260333204;-0.24710536429033883;-0.030729254193150108;-0.48521256726432327;-0.4361122207682917;-0.15220388682955227;-0.40599897147057507;-0.18749999999999997;0.0
Cc1ccsc1CN1CCCN(S(=O)(=O)c2ccccc2)CCC(=O)NCC1;0.2295417145576074;3.3113363598163943;-0.16957679805484424;-0.3851146642402806;0.708380942051631;-0.9731903819644286;-0.6209838283181613;-0.49920768260333204;-0.24710536429033883;-0.030729254193150108;2.060952389667274;2.536742788970546;-0.15220388682955227;-0.40599897147057507;-0.18749999999999997;1.0
Cc1ccsc1CN1CCNC(=O)C1Cc1nc(-c2ccncc2)no1;-1.336152317734658;1.4275375310018341;-0.16957679805484424;-0.3851146642402806;1.8823664810226073;-0.4038847501309328;-0.6209838283181613;-0.49920768260333204;-0.24710536429033883;-0.030729254193150108;-0.48521256726432327;-0.4361122207682917;6.5701344481423405;-0.40599897147057507;-0.18749999999999997;1.0
Cc1ccsc1CN1CCc2nc(N(C)C)[nH]c(=O)c2CC1;0.19233751078410677;2.0380363525543372;-0.16957679805484424;-0.3851146642402806;1.8823664810226073;-0.4038847501309328;-0.6209838283181613;-0.49920768260333204;-0.24710536429033883;-0.030729254193150108;-0.48521256726432327;-0.4361122207682917;-0.15220388682955227;-0.40599897147057507;-0.18749999999999997;1.0
Cc1ccsc1CN1CCc2nc(N3CCOCC3)[nH]c(=O)c2CC1;-1.3814777036845647;1.0871324629021075;-0.16957679805484424;-0.3851146642402806;1.8823664810226073;-0.4038847501309328;-0.6209838283181613;-0.49920768260333204;-0.24710536429033883;-0.030729254193150108;-0.48521256726432327;-0.4361122207682917;-0.15220388682955227;-0.40599897147057507;-0.18749999999999997;0.0
Cc1ccsc1CNC1CCN(c2ccc(C(=O)Nc3ccccc3)cn2)C1;-1.2552141285383949;1.086506417400288;-0.16957679805484424;1.6258289027286723;-0.4458020348823024;-0.4038847501309328;-0.6209838283181613;-0.49920768260333204;-0.24710536429033883;-0.030729254193150108;-0.48521256726432327;-0.4361122207682917;-0.15220388682955227;-0.40599897147057507;-0.18749999999999997;0.0
Cc1cn(-c2cc(C(=O)Nc3ccc(C)c(NC(=O)c4ccno4)c3)cc(C(F)(F)F)c2)cn1;0.5936771888571577;-1.5051618293372189;-0.16957679805484424;-0.3851146642402806;0.6835602399553516;0.16542088170256303;1.6103478937742153;2.090483068911506;-0.24710536429033883;-0.030729254193150108;-0.48521256726432327;-0.4361122207682917;-0.15220388682955227;2.463060426921489;-0.18749999999999997;0.0
Cc1cn(-c2cc(NC(=O)c3ccc(C)c(Nc4nccc(-c5cccnc5)n4)c3)cc(C(F)(F)F)c2)cn1;-0.21441854605702265;-1.396696310160101;-0.16957679805484424;-0.3851146642402806;0.728183504088674;0.7347265135360589;-0.6209838283181613;-0.49920768260333204;-0.24710536429033883;-0.030729254193150108;-0.48521256726432327;-0.4361122207682917;-0.15220388682955227;-0.40599897147057507;-0.18749999999999997;0.0
Cc1cn(-c2ccc([N+](=O)[O-])cc2)nc1C(F)F;1.809764182535012;0.275041197746347;-0.16957679805484424;-0.3851146642402806;0.807282431207023;-0.9731903819644286;-0.6209838283181613;-0.49920768260333204;-0.24710536429033883;-0.030729254193150108;-0.48521256726432327;-0.4361122207682917;-0.15220388682955227;-0.40599897147057507;-0.18749999999999997;0.0
Cc1cn(C(C)C(=O)N(C)C)/c(=N/C(=O)c2ccccc2Cl)s1;2.2962946887233926;-2.702513150556607;-0.16957679805484424;-0.3851146642402806;0.6835602399553516;-0.9731903819644286;-0.6209838283181613;-0.49920768260333204;4.046856703705712;-0.030729254193150108;-0.48521256726432327;-0.4361122207682917;-0.15220388682955227;-0.40599897147057507;-0.18749999999999997;0.0
Cc1cn(C(C)C(=O)NCCN(C)C)/c(=N/C(=O)c2cccc(C(F)(F)F)c2)s1;2.6298148796876917;-2.5353678282709726;-0.16957679805484424;-0.3851146642402806;0.6835602399553516;-0.4038847501309328;1.6103478937742153;2.090483068911506;-0.24710536429033883;-0.030729254193150108;-0.48521256726432327;-0.4361122207682917;-0.15220388682955227;2.463060426921489;-0.18749999999999997;0.0
Cc1cn(C(C)C(N)=O)/c(=N/C(=O)c2cccc(Cl)c2)s1;2.0282741775543234;-0.3729377813745058;-0.16957679805484424;-0.3851146642402806;0.6835602399553516;-0.9731903819644286;-0.6209838283181613;-0.49920768260333204;-0.24710536429033883;-0.030729254193150108;-0.48521256726432327;-0.4361122207682917;-0.15220388682955227;-0.40599897147057507;-0.18749999999999997;0.0
Cc1cn(C(NC(=O)C(C)(C)C)C(Cl)(Cl)Cl)c(=O)[nH]c1=O;5.18261338188359;0.7846607103104857;-0.16957679805484424;-0.3851146642402806;2.9333347132107983;-0.9731903819644286;-0.6209838283181613;-0.49920768260333204;-0.24710536429033883;-0.030729254193150108;2.060952389667274;1.050315284101127;-0.15220388682955227;-0.40599897147057507;-0.18749999999999997;0.0
Cc1cn(C)c(CC(=O)N(C)c2ccccc2)c1C(=O)O;2.0282741775543234;-0.2760529174903823;-0.16957679805484424;-0.3851146642402806;-0.4458020348823024;-0.4038847501309328;-0.6209838283181613;-0.49920768260333204;-0.24710536429033883;-0.030729254193150108;2.060952389667274;2.536742788970546;-0.15220388682955227;-0.40599897147057507;-0.18749999999999997;0.0
Cc1cn(C)c(CC(=O)NC2CCCCCC2)c1C(=O)O;1.5222239180318908;-0.6385133349895331;-0.16957679805484424;-0.3851146642402806;-0.4458020348823024;-0.4038847501309328;-0.6209838283181613;-0.49920768260333204;-0.24710536429033883;-0.030729254193150108;2.060952389667274;2.536742788970546;-0.15220388682955227;-0.40599897147057507;-0.18749999999999997;0.0
Cc1cn(C)c(CC(=O)NC2CCN(Cc3ccccc3)CC2)c1C(=O)O;0.5127182348995221;-0.9784565136515649;-0.16957679805484424;-0.3851146642402806;0.708380942051631;0.16542088170256303;-0.6209838283181613;-0.49920768260333204;-0.24710536429033883;-0.030729254193150108;2.060952389667274;2.536742788970546;-0.15220388682955227;-0.40599897147057507;-0.18749999999999997;0.0
Cc1cn(C)c(CC(=O)NCCC2=CCCCC2)c1C(=O)O;1.4438038458946791;-0.004709702292537474;-0.16957679805484424;-0.3851146642402806;-0.4458020348823024;-0.4038847501309328;-0.6209838283181613;-0.49920768260333204;-0.24710536429033883;-0.030729254193150108;2.060952389667274;2.536742788970546;-0.15220388682955227;-0.40599897147057507;-0.18749999999999997;0.0
Cc1cn(C)c(CC(=O)NCCCN2CCCC(C)C2)c1C(=O)O;1.7493626967366709;0.09340026284798016;-0.16957679805484424;-0.3851146642402806;-0.4458020348823024;-0.4038847501309328;-0.6209838283181613;-0.49920768260333204;-0.24710536429033883;-0.030729254193150108;2.060952389667274;2.536742788970546;-0.15220388682955227;-0.40599897147057507;-0.18749999999999997;0.0
Cc1cn(C)c(CC(=O)NCCCN2CCCCCC2)c1C(=O)O;1.3065687196545426;-0.015071756807268325;-0.16957679805484424;-0.3851146642402806;-0.4458020348823024;-0.4038847501309328;-0.6209838283181613;-0.49920768260333204;-0.24710536429033883;-0.030729254193150108;2.060952389667274;2.536742788970546;-0.15220388682955227;-0.40599897147057507;-0.18749999999999997;0.0
Cc1cn(C)c(CC(=O)NCc2cccs2)c1C(=O)O;1.6084859973828285;2.0083454658389313;-0.16957679805484424;-0.3851146642402806;-0.4458020348823024;-0.4038847501309328;-0.6209838283181613;-0.49920768260333204;-0.24710536429033883;-0.030729254193150108;2.060952389667274;2.536742788970546;-0.15220388682955227;-0.40599897147057507;-0.18749999999999997;0.0
Cc1cn(C)c(CC(=O)Nc2ccccc2)c1C(=O)O;1.6084859973828285;-0.5085376006688587;-0.16957679805484424;-0.3851146642402806;-0.4458020348823024;-0.4038847501309328;-0.6209838283181613;-0.49920768260333204;-0.24710536429033883;-0.030729254193150108;2.060952389667274;2.536742788970546;-0.15220388682955227;-0.40599897147057507;-0.18749999999999997;0.0
Cc1cn(C2CCCC2)nc1[N+](=O)[O-];0.8666939329739716;0.8872697478293977;-0.16957679805484424;-0.3851146642402806;-1.5751643097199564;-0.9731903819644286;-0.6209838283181613;-0.49920768260333204;-0.24710536429033883;-0.030729254193150108;-0.48521256726432327;-0.4361122207682917;-0.15220388682955227;-0.40599897147057507;-0.18749999999999997;0.0
Cc1cn(CC(=O)O)nc1N;3.6613661310026093;0.28955460774619374;-0.16957679805484424;-0.3851146642402806;0.657005475036045;-0.9731903819644286;-0.6209838283181613;-0.49920768260333204;-0.24710536429033883;-0.030729254193150108;-0.48521256726432327;-0.4361122207682917;-0.15220388682955227;-0.40599897147057507;-0.18749999999999997;0.0
Cc1cn(CCN)nn1;2.1585502087844763;0.30098595444042076;-0.16957679805484424;-0.3851146642402806;-0.472356799801609;-1.5424960137979244;-0.6209838283181613;-0.49920768260333204;-0.24710536429033883;-0.030729254193150108;-0.48521256726432327;-0.4361122207682917;-0.15220388682955227;-0.40599897147057507;-0.18749999999999997;1.0
Cc1cn(Cc2ccc(Cl)cc2Cl)c2c(/C=C/C(=O)NS(=O)(=O)c3cc(Cl)c(Cl)s3)cc(F)cc12;1.1781747900599726;-0.16409348820657554;-0.16957679805484424;-0.3851146642402806;-0.4458020348823024;0.7347265135360589;-0.6209838283181613;-0.49920768260333204;4.046856703705712;-0.030729254193150108;-0.48521256726432327;-0.4361122207682917;-0.15220388682955227;-0.40599897147057507;-0.18749999999999997;0.0
Cc1cn(Cc2ccc(Cl)cc2Cl)nc1[N+](=O)[O-];1.809764182535012;-0.8925911727709295;-0.16957679805484424;-0.3851146642402806;-1.5751643097199564;-0.4038847501309328;-0.6209838283181613;-0.49920768260333204;4.046856703705712;-0.030729254193150108;-0.48521256726432327;-0.4361122207682917;-0.15220388682955227;-0.40599897147057507;-0.18749999999999997;0.0
Cc1cn(Cc2ccc(F)cc2Cl)nc1[N+](=O)[O-];1.809764182535012;-1.1233257926794056;-0.16957679805484424;-0.3851146642402806;-1.5751643097199564;-0.4038847501309328;1.6103478937742153;0.364022567901614;-0.24710536429033883;-0.030729254193150108;-0.48521256726432327;-0.4361122207682917;-0.15220388682955227;-0.40599897147057507;-0.18749999999999997;0.0
Cc1cn(Cc2cccc(C(=O)NCc3ccccn3)c2)/c(=N/C(=O)c2ccccc2Cl)s1;-0.4517264558808323;-1.1178256752996152;-0.16957679805484424;-0.3851146642402806;1.8575457789263279;0.16542088170256303;-0.6209838283181613;-0.49920768260333204;4.046856703705712;-0.030729254193150108;-0.48521256726432327;-0.4361122207682917;-0.15220388682955227;-0.40599897147057507;-0.18749999999999997;0.0
Cc1cn(S(C)(=O)=O)c(=O)[nH]1;4.937811970480382;0.06743189128518064;-0.16957679805484424;-0.3851146642402806;-1.5751643097199564;-1.5424960137979244;-0.6209838283181613;-0.49920768260333204;-0.24710536429033883;-0.030729254193150108;-0.48521256726432327;-0.4361122207682917;-0.15220388682955227;-0.40599897147057507;-0.18749999999999997;1.0
Cc1cn([C@@H]2C[C@@H](O)[C@H](CO)O2)c(=O)[nH]c1=O;1.9281631149774772;-0.1641820357384258;-0.16957679805484424;1.6258289027286723;1.8039724383731446;-0.9731903819644286;-0.6209838283181613;-0.49920768260333204;-0.24710536429033883;-0.030729254193150108;2.060952389667274;2.536742788970546;-0.15220388682955227;-0.40599897147057507;-0.18749999999999997;0.0
Cc1cn([C@@H]2O[C@H](CO)[C@@H](O)[C@H]2O)c(=O)[nH]c1=O;2.4001561519778547;-0.03385458383595879;-0.16957679805484424;1.6258289027286723;1.8039724383731446;-0.9731903819644286;-0.6209838283181613;-0.49920768260333204;-0.24710536429033883;-0.030729254193150108;2.060952389667274;2.536742788970546;-0.15220388682955227;-0.40599897147057507;-0.18749999999999997;0.0
Cc1cn([C@@H]2O[C@H](CO)[C@@H](O)[C@H]2O)c(=O)nc1N;2.4001561519778547;-0.405739255680806;-0.16957679805484424;1.6258289027286723;-0.49937537543548566;-0.9731903819644286;-0.6209838283181613;-0.49920768260333204;-0.24710536429033883;-0.030729254193150108;2.060952389667274;1.050315284101127;-0.15220388682955227;-0.40599897147057507;-0.18749999999999997;0.0
Cc1cn([C@H]2C=C[C@@H](CO)O2)c(=O)[nH]c1=O;1.3971709483520578;-0.08448192071361921;-0.16957679805484424;1.6258289027286723;1.8039724383731446;-0.9731903819644286;-0.6209838283181613;-0.49920768260333204;-0.24710536429033883;-0.030729254193150108;2.060952389667274;1.050315284101127;-0.15220388682955227;-0.40599897147057507;-0.18749999999999997;0.0
Cc1cn([C@H]2C[C@H](F)[C@@H](CO)O2)c(=O)[nH]c1=O;1.9281631149774772;0.053345625996606215;-0.16957679805484424;1.6258289027286723;1.8039724383731446;-0.9731903819644286;1.6103478937742153;0.364022567901614;-0.24710536429033883;-0.030729254193150108;2.060952389667274;1.050315284101127;-0.15220388682955227;2.463060426921489;-0.18749999999999997;0.0
Cc1cn([C@H]2C[C@H](N=[N+]=[N-])[C@@H](CO)O2)c(=O)[nH]c1=O;1.7038282956128101;-0.11669662355467376;-0.16957679805484424;1.6258289027286723;1.8039724383731446;-0.9731903819644286;-0.6209838283181613;-0.49920768260333204;-0.24710536429033883;-0.030729254193150108;2.060952389667274;1.050315284101127;-0.15220388682955227;-0.40599897147057507;-0.18749999999999997;0.0
Cc1cn([C@H]2C[C@H](O)[C@@H](CO)O2)c(=O)[nH]c1=O;1.9281631149774772;-0.1641820357384258;-0.16957679805484424;1.6258289027286723;1.8039724383731446;-0.9731903819644286;-0.6209838283181613;-0.49920768260333204;-0.24710536429033883;-0.030729254193150108;2.060952389667274;2.536742788970546;-0.15220388682955227;-0.40599897147057507;-0.18749999999999997;0.0
Cc1cn([C@H]2C[C@H](O)[C@@H](CO)O2)c(=O)nc1N;1.9281631149774772;-0.4762794080961169;-0.16957679805484424;1.6258289027286723;-0.49937537543548566;-0.9731903819644286;-0.6209838283181613;-0.49920768260333204;-0.24710536429033883;-0.030729254193150108;2.060952389667274;1.050315284101127;-0.15220388682955227;-0.40599897147057507;-0.18749999999999997;0.0
Cc1cn([C@H]2O[C@@H](CO)[C@H](O)[C@H]2F)c(=O)[nH]c1=O;2.4001561519778547;-0.17367207825500303;-0.16957679805484424;1.6258289027286723;1.8039724383731446;-0.9731903819644286;-0.6209838283181613;-0.49920768260333204;-0.24710536429033883;-0.030729254193150108;2.060952389667274;2.536742788970546;-0.15220388682955227;-0.40599897147057507;-0.18749999999999997;0.0
Cc1cn2c(=O)c(C(=O)NCCC3=CCCCC3)cnc2s1;-0.29071046421457947;-0.6561056210520709;-0.16957679805484424;-0.3851146642402806;1.720152152915091;-0.9731903819644286;-0.6209838283181613;-0.49920768260333204;-0.24710536429033883;-0.030729254193150108;-0.48521256726432327;-0.4361122207682917;6.5701344481423405;-0.40599897147057507;-0.18749999999999997;0.0
Cc1cn2c(=O)c(C(=O)NCCc3c[nH]cn3)cnc2s1;-0.2948863116063802;-0.3658677690998202;-0.16957679805484424;-0.3851146642402806;1.720152152915091;-0.9731903819644286;-0.6209838283181613;-0.49920768260333204;-0.24710536429033883;-0.030729254193150108;-0.48521256726432327;-0.4361122207682917;6.5701344481423405;-0.40599897147057507;-0.18749999999999997;0.0
Cc1cn2c(=O)c(C(=O)NCc3ccc4c(c3)OCO4)cnc2s1;-0.9877862280481674;0.21677000943509567;-0.16957679805484424;1.6258289027286723;1.720152152915091;-0.4038847501309328;-0.6209838283181613;-0.49920768260333204;-0.24710536429033883;-0.030729254193150108;-0.48521256726432327;-0.4361122207682917;6.5701344481423405;-0.40599897147057507;-0.18749999999999997;0.0
Cc1cn2c(=O)c(C(=O)Nc3nc(C)c(C)s3)cnc2s1;0.7172142074384849;0.011442193508655196;-0.16957679805484424;-0.3851146642402806;2.9725317345355298;-0.9731903819644286;-0.6209838283181613;-0.49920768260333204;-0.24710536429033883;-0.030729254193150108;-0.48521256726432327;-0.4361122207682917;6.5701344481423405;-0.40599897147057507;-0.18749999999999997;0.0
Cc1cn2c(=O)c(C(=O)Nc3nccs3)cnc2s1;-0.30455669504000715;1.8102170853218882;-0.16957679805484424;-0.3851146642402806;2.9725317345355298;-0.9731903819644286;-0.6209838283181613;-0.49920768260333204;-0.24710536429033883;-0.030729254193150108;-0.48521256726432327;-0.4361122207682917;6.5701344481423405;-0.40599897147057507;-0.18749999999999997;1.0
Cc1cn2c(=O)c(C(=O)Nc3nnc(C4CC4)s3)cnc2s1;-1.0591288243264656;1.0222419543853913;-0.16957679805484424;-0.3851146642402806;2.9725317345355298;-0.9731903819644286;-0.6209838283181613;-0.49920768260333204;-0.24710536429033883;-0.030729254193150108;-0.48521256726432327;-0.4361122207682917;6.5701344481423405;-0.40599897147057507;-0.18749999999999997;0.0
Cc1cn2c(=O)c(S(=O)(=O)N3CCCCCC3)c(C)nc2s1;0.8305604305229932;0.8560073506262366;-0.16957679805484424;-0.3851146642402806;0.5907898780774372;-1.5424960137979244;-0.6209838283181613;-0.49920768260333204;-0.24710536429033883;-0.030729254193150108;-0.48521256726432327;-0.4361122207682917;6.5701344481423405;-0.40599897147057507;-0.18749999999999997;0.0
Cc1cn2c(=O)c(S(=O)(=O)N3CCN(C4CCCCC4)CC3)c(C)nc2s1;0.013038414967022988;0.9642971961236232;-0.16957679805484424;-0.3851146642402806;1.7449728550113701;-1.5424960137979244;-0.6209838283181613;-0.49920768260333204;-0.24710536429033883;-0.030729254193150108;-0.48521256726432327;-0.4361122207682917;6.5701344481423405;-0.40599897147057507;-0.18749999999999997;1.0
Cc1cn2c(=O)c(S(=O)(=O)N3CCN(c4ccc(F)cc4)CC3)c(C)nc2s1;0.38485982089621623;1.6190862382007907;-0.16957679805484424;-0.3851146642402806;0.5907898780774372;-1.5424960137979244;-0.6209838283181613;-0.49920768260333204;-0.24710536429033883;-0.030729254193150108;-0.48521256726432327;-0.4361122207682917;6.5701344481423405;-0.40599897147057507;-0.18749999999999997;0.0
Cc1cn2c(=O)c(S(=O)(=O)N3CCN(c4cccc(C)c4C)CC3)c(C)nc2s1;0.7310383712440731;2.0755155327883825;-0.16957679805484424;-0.3851146642402806;0.5907898780774372;-0.4038847501309328;-0.6209838283181613;-0.49920768260333204;-0.24710536429033883;-0.030729254193150108;-0.48521256726432327;-0.4361122207682917;6.5701344481423405;-0.40599897147057507;-0.18749999999999997;0.0
Cc1cn2c(=O)c(S(=O)(=O)N3CCN(c4ccccc4)CC3)c(C)nc2s1;0.013038414967022988;1.5584268352730761;-0.16957679805484424;-0.3851146642402806;0.5907898780774372;-1.5424960137979244;-0.6209838283181613;-0.49920768260333204;-0.24710536429033883;-0.030729254193150108;-0.48521256726432327;-0.4361122207682917;6.5701344481423405;-0.40599897147057507;-0.18749999999999997;1.0
Cc1cn2c(=O)c(S(=O)(=O)N3CCN(c4ccccn4)CC3)c(C)nc2s1;0.013038414967022988;1.3361290090041447;-0.16957679805484424;-0.3851146642402806;0.5907898780774372;-1.5424960137979244;-0.6209838283181613;-0.49920768260333204;-0.24710536429033883;-0.030729254193150108;-0.48521256726432327;-0.4361122207682917;6.5701344481423405;-0.40599897147057507;-0.18749999999999997;1.0
Cc1cn2c(=O)c(S(=O)(=O)NCC3CCCO3)c(C)nc2s1;0.8305604305229932;0.28167076437779337;-0.16957679805484424;1.6258289027286723;0.5907898780774372;-1.5424960137979244;-0.6209838283181613;-0.49920768260333204;-0.24710536429033883;-0.030729254193150108;-0.48521256726432327;-0.4361122207682917;6.5701344481423405;-0.40599897147057507;-0.18749999999999997;0.0
Cc1cn2c(=O)c(S(=O)(=O)NCc3ccc(F)cc3)c(C)nc2s1;1.1872228993126195;0.7821119830588978;-0.16957679805484424;-0.3851146642402806;0.5907898780774372;-0.9731903819644286;1.6103478937742153;0.364022567901614;-0.24710536429033883;-0.030729254193150108;-0.48521256726432327;-0.4361122207682917;6.5701344481423405;-0.40599897147057507;-0.18749999999999997;0.0
Cc1cn2c(=O)c(S(=O)(=O)NCc3ccccc3)c(C)nc2s1;0.7856222522834303;0.781337693406341;-0.16957679805484424;-0.3851146642402806;0.5907898780774372;-0.9731903819644286;-0.6209838283181613;-0.49920768260333204;-0.24710536429033883;-0.030729254193150108;-0.48521256726432327;-0.4361122207682917;6.5701344481423405;-0.40599897147057507;-0.18749999999999997;0.0
Cc1cn2c(=O)c(S(=O)(=O)Nc3cc(F)ccc3F)c(C)nc2s1;1.630016876394748;1.9159925444893475;-0.16957679805484424;-0.3851146642402806;1.7030882279231117;-1.5424960137979244;-0.6209838283181613;-0.49920768260333204;-0.24710536429033883;-0.030729254193150108;-0.48521256726432327;-0.4361122207682917;6.5701344481423405;2.463060426921489;-0.18749999999999997;0.0
Cc1cn2c(=O)c(S(=O)(=O)Nc3ccc(C)c(C)c3)c(C)nc2s1;1.630016876394748;1.6539771589549235;-0.16957679805484424;-0.3851146642402806;1.7030882279231117;-0.4038847501309328;-0.6209838283181613;-0.49920768260333204;-0.24710536429033883;-0.030729254193150108;-0.48521256726432327;-0.4361122207682917;6.5701344481423405;-0.40599897147057507;-0.18749999999999997;0.0
Cc1cn2c(=O)c(S(=O)(=O)Nc3ccc(Cl)cc3)c(C)nc2s1;1.2476681414126078;2.5986448852848363;-0.16957679805484424;-0.3851146642402806;1.7030882279231117;-1.5424960137979244;-0.6209838283181613;-0.49920768260333204;-0.24710536429033883;-0.030729254193150108;-0.48521256726432327;-0.4361122207682917;6.5701344481423405;-0.40599897147057507;-0.18749999999999997;0.0
Cc1cn2c(=O)c(S(=O)(=O)Nc3ccc(F)c(Cl)c3)c(C)nc2s1;1.630016876394748;1.972201299143884;8.817993498851902;-0.3851146642402806;1.7030882279231117;-1.5424960137979244;-0.6209838283181613;-0.49920768260333204;-0.24710536429033883;-0.030729254193150108;-0.48521256726432327;-0.4361122207682917;6.5701344481423405;-0.40599897147057507;5.333333333333333;0.0
Cc1cn2c(=O)c(S(=O)(=O)Nc3ccc(F)c(F)c3)c(C)nc2s1;1.630016876394748;1.8579329272664005;-0.16957679805484424;-0.3851146642402806;1.7030882279231117;-1.5424960137979244;-0.6209838283181613;-0.49920768260333204;-0.24710536429033883;-0.030729254193150108;-0.48521256726432327;-0.4361122207682917;6.5701344481423405;2.463060426921489;-0.18749999999999997;0.0
Cc1cn2c(=O)c(S(=O)(=O)Nc3ccc(F)cc3C)c(C)nc2s1;1.630016876394748;1.6232324100006996;-0.16957679805484424;-0.3851146642402806;1.7030882279231117;-0.9731903819644286;-0.6209838283181613;-0.49920768260333204;-0.24710536429033883;-0.030729254193150108;-0.48521256726432327;-0.4361122207682917;6.5701344481423405;-0.40599897147057507;-0.18749999999999997;0.0
Cc1cn2c(=O)c(S(=O)(=O)Nc3ccc4c(c3)OCCO4)c(C)nc2s1;0.021348264349868765;1.5878099842970053;-0.16957679805484424;-0.3851146642402806;1.7030882279231117;-1.5424960137979244;-0.6209838283181613;-0.49920768260333204;-0.24710536429033883;-0.030729254193150108;2.060952389667274;2.536742788970546;6.5701344481423405;-0.40599897147057507;-0.18749999999999997;0.0
Cc1cn2c(=O)c(S(=O)(=O)Nc3ccc4c(c3)OCO4)c(C)nc2s1;0.030322901683348565;2.1324992971713193;-0.16957679805484424;1.6258289027286723;1.7030882279231117;-1.5424960137979244;-0.6209838283181613;-0.49920768260333204;-0.24710536429033883;-0.030729254193150108;2.060952389667274;2.536742788970546;6.5701344481423405;-0.40599897147057507;-0.18749999999999997;0.0
Cc1cn2c(=O)c(S(=O)(=O)Nc3cccc(C)c3C)c(C)nc2s1;1.630016876394748;1.0557858753829292;-0.16957679805484424;-0.3851146642402806;1.7030882279231117;-0.4038847501309328;-0.6209838283181613;-0.49920768260333204;-0.24710536429033883;-0.030729254193150108;-0.48521256726432327;-0.4361122207682917;6.5701344481423405;-0.40599897147057507;-0.18749999999999997;0.0
Cc1cn2c(=O)c(S(=O)(=O)Nc3ccccc3)c(C)nc2s1;0.8305604305229932;1.9187872600435574;-0.16957679805484424;-0.3851146642402806;1.7030882279231117;-1.5424960137979244;-0.6209838283181613;-0.49920768260333204;-0.24710536429033883;-0.030729254193150108;-0.48521256726432327;-0.4361122207682917;6.5701344481423405;-0.40599897147057507;-0.18749999999999997;0.0
Cc1cn2c(=O)cc(CN(Cc3cccs3)CC(C)C)nc2s1;0.17514815514189058;0.21227655063789466;-0.16957679805484424;-0.3851146642402806;1.7449728550113701;-1.5424960137979244;-0.6209838283181613;-0.49920768260333204;-0.24710536429033883;-0.030729254193150108;-0.48521256726432327;-0.4361122207682917;-0.15220388682955227;-0.40599897147057507;-0.18749999999999997;0.0
Cc1cn2c(=O)cc(COC(=O)C34C[C@H]5C[C@@H](C3)C[C@@H](C4)C5)nc2s1;-1.4960496912128007;1.549345577935397;-0.16957679805484424;-0.3851146642402806;1.720152152915091;-1.5424960137979244;-0.6209838283181613;-0.49920768260333204;-0.24710536429033883;-0.030729254193150108;-0.48521256726432327;-0.4361122207682917;-0.15220388682955227;-0.40599897147057507;-0.18749999999999997;0.0
Cc1cn2c(=O)cc(COC(=O)CN3C(=O)c4ccccc4C3=O)nc2s1;-0.11340042889535644;0.5912941140537411;-0.16957679805484424;1.6258289027286723;5.133059679524332;-0.4038847501309328;-0.6209838283181613;-0.49920768260333204;-0.24710536429033883;-0.030729254193150108;-0.48521256726432327;-0.4361122207682917;-0.15220388682955227;-0.40599897147057507;-0.18749999999999997;0.0
Cc1cn2c(=O)cc(COC(=O)COc3ccc(Cl)cc3)nc2s1;0.15939124580318756;0.1869787309544303;-0.16957679805484424;-0.3851146642402806;0.5907898780774372;-1.5424960137979244;-0.6209838283181613;-0.49920768260333204;-0.24710536429033883;-0.030729254193150108;-0.48521256726432327;-0.4361122207682917;-0.15220388682955227;-0.40599897147057507;-0.18749999999999997;0.0
Cc1cn2c(=O)cc(COC(=O)COc3ccc(F)cc3)nc2s1;0.15939124580318756;0.5118371001029288;-0.16957679805484424;-0.3851146642402806;0.5907898780774372;-1.5424960137979244;-0.6209838283181613;-0.49920768260333204;-0.24710536429033883;-0.030729254193150108;-0.48521256726432327;-0.4361122207682917;-0.15220388682955227;-0.40599897147057507;-0.18749999999999997;1.0
Cc1cn2c(=O)cc(COC(=O)Cc3ccccc3)nc2s1;-0.29071046421457947;0.7282148664126714;-0.16957679805484424;-0.3851146642402806;1.720152152915091;-0.9731903819644286;-0.6209838283181613;-0.49920768260333204;-0.24710536429033883;-0.030729254193150108;-0.48521256726432327;-0.4361122207682917;-0.15220388682955227;-0.40599897147057507;-0.18749999999999997;1.0
Cc1cn2c(=O)cc(COC(=O)c3ccc(Cl)cc3)nc2s1;0.19233751078410677;0.9024156610887558;8.817993498851902;-0.3851146642402806;0.5907898780774372;-0.9731903819644286;-0.6209838283181613;-0.49920768260333204;-0.24710536429033883;-0.030729254193150108;-0.48521256726432327;-0.4361122207682917;-0.15220388682955227;-0.40599897147057507;5.333333333333333;1.0
Cc1cn2c(=O)cc(COC(=O)c3ccc(F)cc3)nc2s1;0.19233751078410677;1.2126041182935683;-0.16957679805484424;-0.3851146642402806;0.5907898780774372;-0.9731903819644286;-0.6209838283181613;-0.49920768260333204;-0.24710536429033883;-0.030729254193150108;-0.48521256726432327;-0.4361122207682917;-0.15220388682955227;2.463060426921489;-0.18749999999999997;1.0
Cc1cn2c(=O)cc(COC(=O)c3ccc(NC(=O)C(C)C)cc3)nc2s1;0.9063128811947264;1.60631417417765;-0.16957679805484424;-0.3851146642402806;1.720152152915091;-0.9731903819644286;-0.6209838283181613;-0.49920768260333204;-0.24710536429033883;-0.030729254193150108;-0.48521256726432327;-0.4361122207682917;-0.15220388682955227;-0.40599897147057507;-0.18749999999999997;0.0
Cc1cn2c(=O)cc(COC(=O)c3ccc(NC(=O)COc4ccccc4F)cc3)nc2s1;-0.12969447254837724;0.7480236043261395;-0.16957679805484424;-0.3851146642402806;1.720152152915091;-0.9731903819644286;1.6103478937742153;0.364022567901614;-0.24710536429033883;-0.030729254193150108;-0.48521256726432327;-0.4361122207682917;-0.15220388682955227;2.463060426921489;-0.18749999999999997;0.0
Cc1cn2c(=O)cc(COC(=O)c3cccs3)nc2s1;-0.2994797437373544;1.5211404412035372;-0.16957679805484424;-0.3851146642402806;0.5907898780774372;-1.5424960137979244;-0.6209838283181613;-0.49920768260333204;-0.24710536429033883;-0.030729254193150108;-0.48521256726432327;-0.4361122207682917;-0.15220388682955227;-0.40599897147057507;-0.18749999999999997;1.0
Cc1cn2c(=O)cc(COc3ccc(Cl)cc3NC(=O)C(C)C)nc2s1;0.9489794408171012;-0.3052780778192238;4.3242083503985285;-0.3851146642402806;1.720152152915091;-1.5424960137979244;-0.6209838283181613;-0.49920768260333204;-0.24710536429033883;-0.030729254193150108;-0.48521256726432327;-0.4361122207682917;-0.15220388682955227;-0.40599897147057507;5.333333333333333;0.0
Cc1cn2c(=O)cc(COc3ccc(NC(=O)C(C)(C)C)cc3)nc2s1;1.0802813171357304;1.4208563848640579;-0.16957679805484424;-0.3851146642402806;1.720152152915091;-1.5424960137979244;-0.6209838283181613;-0.49920768260333204;-0.24710536429033883;-0.030729254193150108;-0.48521256726432327;-0.4361122207682917;-0.15220388682955227;-0.40599897147057507;-0.18749999999999997;0.0
Cc1cn2c(=O)cc(COc3cccc(NC(=O)C(C)(C)C)c3)nc2s1;1.0802813171357304;1.386760583990495;-0.16957679805484424;-0.3851146642402806;1.720152152915091;-1.5424960137979244;-0.6209838283181613;-0.49920768260333204;-0.24710536429033883;-0.030729254193150108;2.060952389667274;1.050315284101127;-0.15220388682955227;-0.40599897147057507;-0.18749999999999997;0.0
Cc1cn2c(=O)cc(COc3cccc(NC(=O)C(C)C)c3)nc2s1;0.56997710721042;1.2515246706730976;-0.16957679805484424;-0.3851146642402806;1.720152152915091;-1.5424960137979244;-0.6209838283181613;-0.49920768260333204;-0.24710536429033883;-0.030729254193150108;2.060952389667274;1.050315284101127;-0.15220388682955227;-0.40599897147057507;-0.18749999999999997;0.0
Cc1cn2c(=O)cc(COc3ccccc3)nc2s1;-0.8638754029332277;0.8928166379892084;-0.16957679805484424;-0.3851146642402806;0.5907898780774372;-1.5424960137979244;-0.6209838283181613;-0.49920768260333204;-0.24710536429033883;-0.030729254193150108;-0.48521256726432327;-0.4361122207682917;-0.15220388682955227;-0.40599897147057507;-0.18749999999999997;0.0
Cc1cn2c(=O)cc(COc3ccccc3NC(=O)C(C)(C)C)nc2s1;1.0802813171357377;0.5591411086907875;-0.16957679805484424;-0.3851146642402806;1.720152152915091;-1.5424960137979244;-0.6209838283181613;-0.49920768260333204;-0.24710536429033883;-0.030729254193150108;-0.48521256726432327;-0.4361122207682917;-0.15220388682955227;-0.40599897147057507;-0.18749999999999997;0.0
Cc1cn2c(=O)cc(CSCc3ccco3)nc2s1;-0.8638754029332277;-0.4885631087162009;-0.16957679805484424;-0.3851146642402806;0.5907898780774372;-1.5424960137979244;-0.6209838283181613;-0.49920768260333204;-0.24710536429033883;-0.030729254193150108;-0.48521256726432327;-0.4361122207682917;-0.15220388682955227;-0.40599897147057507;-0.18749999999999997;0.0
Cc1cn2c(=O)cc(CSc3cccc(Cl)c3)nc2s1;-0.2994797437373544;-0.15035725738071806;-0.16957679805484424;-0.3851146642402806;0.5907898780774372;-1.5424960137979244;-0.6209838283181613;-0.49920768260333204;-0.24710536429033883;-0.030729254193150108;-0.48521256726432327;-0.4361122207682917;-0.15220388682955227;-0.40599897147057507;-0.18749999999999997;1.0
Cc1cn2c(=O)cc(CSc3ccccc3NC(=O)C(C)(C)C)nc2s1;1.0802813171357377;-0.30519456672588874;-0.16957679805484424;-0.3851146642402806;1.720152152915091;-1.5424960137979244;-0.6209838283181613;-0.49920768260333204;-0.24710536429033883;-0.030729254193150108;-0.48521256726432327;-0.4361122207682917;-0.15220388682955227;-0.40599897147057507;-0.18749999999999997;0.0
Cc1cn2c(=O)cc(CSc3ccccc3NC(=O)CC(C)C)nc2s1;0.5402465388951354;-1.8916527328553916;-0.16957679805484424;-0.3851146642402806;1.720152152915091;-1.5424960137979244;-0.6209838283181613;-0.49920768260333204;-0.24710536429033883;-0.030729254193150108;-0.48521256726432327;-0.4361122207682917;-0.15220388682955227;-0.40599897147057507;-0.18749999999999997;0.0
Cc1cn2c(=O)cc(CSc3nc4ccc(NC(=O)c5cccs5)cc4s3)nc2s1;-1.3943393136513027;0.7843866599423827;-0.16957679805484424;-0.3851146642402806;1.720152152915091;-1.5424960137979244;-0.6209838283181613;-0.49920768260333204;-0.24710536429033883;-0.030729254193150108;-0.48521256726432327;-0.4361122207682917;6.5701344481423405;-0.40599897147057507;-0.18749999999999997;0.0
Cc1cn2c(=O)cc(CSc3nc4ccccc4[nH]3)nc2s1;-1.5421767993251518;0.12216488172881161;-0.16957679805484424;-0.3851146642402806;0.5907898780774372;-1.5424960137979244;-0.6209838283181613;-0.49920768260333204;-0.24710536429033883;-0.030729254193150108;-0.48521256726432327;-0.4361122207682917;-0.15220388682955227;-0.40599897147057507;-0.18749999999999997;1.0
Cc1cn2c(=O)cc(CSc3nc4ccccc4s3)nc2s1;-1.5421767993251518;0.7634012607502817;-0.16957679805484424;-0.3851146642402806;0.5907898780774372;-1.5424960137979244;-0.6209838283181613;-0.49920768260333204;-0.24710536429033883;-0.030729254193150108;-0.48521256726432327;-0.4361122207682917;-0.15220388682955227;-0.40599897147057507;-0.18749999999999997;1.0
Cc1cn2c(=O)cc(CSc3nnc(-c4ccccc4C)[nH]3)nc2s1;-0.956395485685722;-1.080143738364532;-0.16957679805484424;-0.3851146642402806;0.5907898780774372;-0.4038847501309328;-0.6209838283181613;-0.49920768260333204;-0.24710536429033883;-0.030729254193150108;-0.48521256726432327;-0.4361122207682917;-0.15220388682955227;-0.40599897147057507;-0.18749999999999997;0.0
Cc1cn2c(=O)cc(CSc3nnc(-c4ccccc4F)[nH]3)nc2s1;-0.956395485685722;-0.5818156324302596;-0.16957679805484424;-0.3851146642402806;0.5907898780774372;-0.9731903819644286;-0.6209838283181613;-0.49920768260333204;-0.24710536429033883;-0.030729254193150108;-0.48521256726432327;-0.4361122207682917;-0.15220388682955227;-0.40599897147057507;-0.18749999999999997;0.0
Cc1cn2c(=O)cc(CSc3nnc(C)n3C)nc2s1;0.2318730287612026;-0.3274720869343328;-0.16957679805484424;-0.3851146642402806;0.5907898780774372;-1.5424960137979244;-0.6209838283181613;-0.49920768260333204;-0.24710536429033883;-0.030729254193150108;-0.48521256726432327;-0.4361122207682917;-0.15220388682955227;-0.40599897147057507;-0.18749999999999997;0.0
Cc1cn2c(=O)cc(CSc3nnc(N)s3)nc2s1;-0.30455669504000715;0.15901568530639854;-0.16957679805484424;-0.3851146642402806;0.5907898780774372;-1.5424960137979244;-0.6209838283181613;-0.49920768260333204;-0.24710536429033883;-0.030729254193150108;-0.48521256726432327;-0.4361122207682917;-0.15220388682955227;-0.40599897147057507;-0.18749999999999997;0.0
Cc1cn2c(=O)cc(CSc3nnc(NC(=O)CCc4ccccc4)s3)nc2s1;-0.8524813040721054;-0.2588015654819614;-0.16957679805484424;-0.3851146642402806;1.720152152915091;-0.9731903819644286;-0.6209838283181613;-0.49920768260333204;-0.24710536429033883;-0.030729254193150108;-0.48521256726432327;-0.4361122207682917;6.5701344481423405;-0.40599897147057507;-0.18749999999999997;0.0
Cc1cn2c(=O)cc(CSc3nnc(NC(=O)c4ccccc4)s3)nc2s1;-0.9005897214858158;-0.3032398198104333;-0.16957679805484424;-0.3851146642402806;2.9725317345355298;-0.9731903819644286;-0.6209838283181613;-0.49920768260333204;-0.24710536429033883;-0.030729254193150108;-0.48521256726432327;-0.4361122207682917;6.5701344481423405;-0.40599897147057507;-0.18749999999999997;0.0
Cc1cn2c(CN3CCN(C(=O)C(C)C)CC3)c(-c3ccc([N+](=O)[O-])cc3)nc2s1;0.2318730287611809;-3.3386799217359937;-0.16957679805484424;-0.3851146642402806;4.12741959593835;-0.9731903819644286;-0.6209838283181613;-0.49920768260333204;-0.24710536429033883;-0.030729254193150108;-0.48521256726432327;-0.4361122207682917;-0.15220388682955227;-0.40599897147057507;-0.18749999999999997;0.0
Cc1cn2c(CN3CCN(S(C)(=O)=O)CC3)c(-c3ccc([N+](=O)[O-])cc3)nc2s1;0.36458818331402776;-2.1987791879131513;-0.16957679805484424;-0.3851146642402806;2.998057321100696;-0.9731903819644286;-0.6209838283181613;-0.49920768260333204;-0.24710536429033883;-0.030729254193150108;-0.48521256726432327;-0.4361122207682917;-0.15220388682955227;-0.40599897147057507;-0.18749999999999997;0.0
Cc1cn2c(S(=O)(=O)N3CCCC3)c(C(C)C)nc2s1;0.9339182404739783;-1.8069537641155617;-0.16957679805484424;1.6258289027286723;-0.5385723967602168;-1.5424960137979244;-0.6209838283181613;-0.49920768260333204;-0.24710536429033883;-0.030729254193150108;-0.48521256726432327;-0.4361122207682917;-0.15220388682955227;-0.40599897147057507;-0.18749999999999997;1.0
Cc1cn2c(S(=O)(=O)N3CCN(c4ccc(Cl)cc4)CC3)c(C(C)C)nc2s1;0.38485982089621623;-2.161089645994754;-0.16957679805484424;-0.3851146642402806;-0.5385723967602168;-1.5424960137979244;-0.6209838283181613;-0.49920768260333204;-0.24710536429033883;-0.030729254193150108;-0.48521256726432327;-0.4361122207682917;-0.15220388682955227;-0.40599897147057507;-0.18749999999999997;1.0
Cc1cn2c(S(=O)(=O)NCc3ccccc3Cl)c(C(C)C)nc2s1;1.1872228993126195;1.1056159172776336;8.817993498851902;-0.3851146642402806;-0.5385723967602168;-0.9731903819644286;-0.6209838283181613;-0.49920768260333204;-0.24710536429033883;-0.030729254193150108;-0.48521256726432327;-0.4361122207682917;-0.15220388682955227;-0.40599897147057507;5.333333333333333;0.0
Cc1cn2c(S(=O)(=O)Nc3ccc(F)cc3F)c(C(C)C)nc2s1;1.630016876394748;-1.8214783888662291;-0.16957679805484424;-0.3851146642402806;0.573725953085457;-1.5424960137979244;1.6103478937742153;0.364022567901614;-0.24710536429033883;-0.030729254193150108;-0.48521256726432327;-0.4361122207682917;-0.15220388682955227;-0.40599897147057507;-0.18749999999999997;0.0
Cc1cn2c3c(=O)n(C)c(=O)n(C)c3nc2n1C1CCCCC1;-0.09781482192290869;-1.776140569049159;-0.16957679805484424;-0.3851146642402806;2.74236774664638;-1.5424960137979244;-0.6209838283181613;-0.49920768260333204;-0.24710536429033883;-0.030729254193150108;-0.48521256726432327;-0.4361122207682917;-0.15220388682955227;-0.40599897147057507;-0.18749999999999997;1.0
Cc1cn2c3c(=O)n(C)c(=O)n(C)c3nc2n1CCCO;1.2232644669609174;-1.4855198865323136;-0.16957679805484424;-0.3851146642402806;2.74236774664638;-1.5424960137979244;-0.6209838283181613;-0.49920768260333204;-0.24710536429033883;-0.030729254193150108;-0.48521256726432327;-0.4361122207682917;-0.15220388682955227;-0.40599897147057507;-0.18749999999999997;0.0
Cc1cn2c3c(=O)n(C)c(=O)n(C)c3nc2n1CCO;1.2945785737583093;-1.6579807563673792;-0.16957679805484424;-0.3851146642402806;2.74236774664638;-1.5424960137979244;-0.6209838283181613;-0.49920768260333204;-0.24710536429033883;-0.030729254193150108;-0.48521256726432327;-0.4361122207682917;-0.15220388682955227;-0.40599897147057507;-0.18749999999999997;0.0
Cc1cn2c3c(=O)n(C)c(=O)n(C)c3nc2n1CCOC12CC3CC(CC(C3)C1)C2;-1.1355807882591342;-1.2046420016202601;-0.16957679805484424;-0.3851146642402806;2.74236774664638;-1.5424960137979244;-0.6209838283181613;-0.49920768260333204;-0.24710536429033883;-0.030729254193150108;-0.48521256726432327;-0.4361122207682917;-0.15220388682955227;-0.40599897147057507;-0.18749999999999997;0.0
Cc1cn2nc(C(=O)N3CCC(NC(=O)COc4ccc(F)cc4)CC3)cc2c(=O)[nH]1;-0.12496394374588732;-0.7723422663402222;-0.16957679805484424;-0.3851146642402806;1.812922514793006;-1.5424960137979244;-0.6209838283181613;-0.49920768260333204;-0.24710536429033883;-0.030729254193150108;2.060952389667274;1.050315284101127;-0.15220388682955227;-0.40599897147057507;-0.18749999999999997;0.0
Cc1cn2nc(C(=O)N3CCC(NC(=O)Cc4ccccc4C)CC3)cc2c(=O)[nH]1;-0.12236215290451173;-1.4071535423781991;-0.16957679805484424;-0.3851146642402806;1.812922514793006;-0.4038847501309328;-0.6209838283181613;-0.49920768260333204;-0.24710536429033883;-0.030729254193150108;2.060952389667274;1.050315284101127;-0.15220388682955227;-0.40599897147057507;-0.18749999999999997;0.0
Cc1cn2nc(C(=O)N3CCC(NC(=O)Cc4ccsc4)CC3)cc2c(=O)[nH]1;-0.49613873925473884;-1.229982939255887;-0.16957679805484424;-0.3851146642402806;1.812922514793006;-0.9731903819644286;-0.6209838283181613;-0.49920768260333204;-0.24710536429033883;-0.030729254193150108;2.060952389667274;1.050315284101127;-0.15220388682955227;-0.40599897147057507;-0.18749999999999997;0.0
Cc1cn2nc(C(=O)N3CCC(NC(=O)c4ccc(C)s4)CC3)cc2c(=O)[nH]1;-0.11660104461291448;-0.3040241504645621;-0.16957679805484424;-0.3851146642402806;1.812922514793006;-1.5424960137979244;-0.6209838283181613;-0.49920768260333204;-0.24710536429033883;-0.030729254193150108;2.060952389667274;1.050315284101127;-0.15220388682955227;-0.40599897147057507;-0.18749999999999997;0.0
Cc1cn2nc(C(=O)N3CCC(NC(=O)c4ccc[nH]4)CC3)cc2c(=O)[nH]1;-0.5069950751905825;0.04743562784770433;-0.16957679805484424;-0.3851146642402806;1.812922514793006;-1.5424960137979244;-0.6209838283181613;-0.49920768260333204;-0.24710536429033883;-0.030729254193150108;2.060952389667274;1.050315284101127;-0.15220388682955227;-0.40599897147057507;-0.18749999999999997;0.0
Cc1cn2nc(C(=O)N3CCC(NC(=O)c4cccc(F)c4)CC3)cc2c(=O)[nH]1;-0.11958092821202199;0.001570983364959569;-0.16957679805484424;-0.3851146642402806;1.812922514793006;-0.9731903819644286;-0.6209838283181613;-0.49920768260333204;-0.24710536429033883;-0.030729254193150108;2.060952389667274;1.050315284101127;-0.15220388682955227;-0.40599897147057507;-0.18749999999999997;0.0
Cc1cn2nc(C(=O)N3CCC(NC(=O)c4ccccc4C)CC3)cc2c(=O)[nH]1;-0.11958092821202199;-0.3083635284114706;-0.16957679805484424;-0.3851146642402806;1.812922514793006;-0.4038847501309328;-0.6209838283181613;-0.49920768260333204;-0.24710536429033883;-0.030729254193150108;2.060952389667274;1.050315284101127;-0.15220388682955227;-0.40599897147057507;-0.18749999999999997;0.0
Cc1cn2nc(C(=O)N3CCC(NC(=O)c4sccc4C)CC3)cc2c(=O)[nH]1;-0.11660104461291448;0.018498089577615198;-0.16957679805484424;-0.3851146642402806;1.812922514793006;-0.9731903819644286;-0.6209838283181613;-0.49920768260333204;-0.24710536429033883;-0.030729254193150108;2.060952389667274;1.050315284101127;-0.15220388682955227;-0.40599897147057507;-0.18749999999999997;0.0
Cc1cn2nc(C(=O)NC(C)c3ccccc3)cc2c(N2CCCC2)n1;-0.9274194158126922;0.8853292471799722;-0.16957679805484424;1.6258289027286723;-0.4458020348823024;-0.9731903819644286;-0.6209838283181613;-0.49920768260333204;-0.24710536429033883;-0.030729254193150108;-0.48521256726432327;-0.4361122207682917;-0.15220388682955227;-0.40599897147057507;-0.18749999999999997;0.0
Cc1cn2nc(C(=O)NC3CCC(C)CC3)cc2c(N2CCCC2)n1;-0.956395485685722;0.5661705955944832;-0.16957679805484424;1.6258289027286723;-0.4458020348823024;-1.5424960137979244;-0.6209838283181613;-0.49920768260333204;-0.24710536429033883;-0.030729254193150108;-0.48521256726432327;-0.4361122207682917;-0.15220388682955227;-0.40599897147057507;-0.18749999999999997;0.0
Cc1cn2nc(C(=O)NCCC3=CCCCC3)cc2c(N2CCCC2)n1;-1.336152317734658;0.6729940347552756;-0.16957679805484424;1.6258289027286723;-0.4458020348823024;-1.5424960137979244;-0.6209838283181613;-0.49920768260333204;-0.24710536429033883;-0.030729254193150108;-0.48521256726432327;-0.4361122207682917;-0.15220388682955227;-0.40599897147057507;-0.18749999999999997;0.0
Cc1cn2nc(C(=O)NCCCc3ccccc3)cc2c(N2CCCC2)n1;-1.2941843677810418;1.19843775848846;-0.16957679805484424;1.6258289027286723;-0.4458020348823024;-0.9731903819644286;-0.6209838283181613;-0.49920768260333204;-0.24710536429033883;-0.030729254193150108;-0.48521256726432327;-0.4361122207682917;-0.15220388682955227;-0.40599897147057507;-0.18749999999999997;0.0
Cc1cn2nc(C(=O)NCCc3ccc(S(N)(=O)=O)cc3)cc2c(N2CCCC2)n1;-0.008567193428373135;1.3624835828624962;-0.16957679805484424;1.6258289027286723;-0.4458020348823024;-0.9731903819644286;-0.6209838283181613;-0.49920768260333204;-0.24710536429033883;-0.030729254193150108;-0.48521256726432327;-0.4361122207682917;-0.15220388682955227;-0.40599897147057507;-0.18749999999999997;1.0
Cc1cn2nc(C(=O)NCc3ccc(F)cc3)cc2c(=O)[nH]1;0.19233751078410677;0.5335733750249716;-0.16957679805484424;-0.3851146642402806;0.6835602399553516;-0.9731903819644286;1.6103478937742153;0.364022567901614;-0.24710536429033883;-0.030729254193150108;2.060952389667274;1.050315284101127;-0.15220388682955227;-0.40599897147057507;-0.18749999999999997;1.0
Cc1cn2nc(C(=O)NCc3cccc(C(F)(F)F)c3)cc2c(N2CCSCC2)n1;-0.008567193428373135;0.7634317997388662;-0.16957679805484424;-0.3851146642402806;-0.4458020348823024;-0.4038847501309328;1.6103478937742153;2.090483068911506;-0.24710536429033883;-0.030729254193150108;-0.48521256726432327;-0.4361122207682917;-0.15220388682955227;-0.40599897147057507;-0.18749999999999997;1.0
Cc1cn2nc(C(=O)NCc3ccccc3C(F)(F)F)cc2c(N2CCCC2)n1;-0.0018620046160103172;1.0547497132972108;-0.16957679805484424;1.6258289027286723;-0.4458020348823024;-0.4038847501309328;-0.6209838283181613;-0.49920768260333204;-0.24710536429033883;-0.030729254193150108;-0.48521256726432327;-0.4361122207682917;-0.15220388682955227;-0.40599897147057507;-0.18749999999999997;0.0
Cc1cn2nc(C(=O)NCc3ccccc3F)cc2c(N2CCSCC2)n1;-0.9005897214858158;0.7690813265906193;-0.16957679805484424;-0.3851146642402806;-0.4458020348823024;-0.9731903819644286;-0.6209838283181613;-0.49920768260333204;-0.24710536429033883;-0.030729254193150108;-0.48521256726432327;-0.4361122207682917;-0.15220388682955227;2.463060426921489;-0.18749999999999997;0.0
Cc1cn2nc(C(=O)NCc3ccncc3)cc2c(=O)[nH]1;-0.2948863116063802;0.4831162974323321;-0.16957679805484424;-0.3851146642402806;1.8575457789263279;-0.9731903819644286;-0.6209838283181613;-0.49920768260333204;-0.24710536429033883;-0.030729254193150108;2.060952389667274;1.050315284101127;-0.15220388682955227;-0.40599897147057507;-0.18749999999999997;1.0
Cc1cn2nc(C(=O)NCc3ccncc3)cc2c(N2CCSCC2)n1;-1.336152317734658;0.7152702007024153;-0.16957679805484424;-0.3851146642402806;0.728183504088674;-0.9731903819644286;-0.6209838283181613;-0.49920768260333204;-0.24710536429033883;-0.030729254193150108;-0.48521256726432327;-0.4361122207682917;-0.15220388682955227;-0.40599897147057507;-0.18749999999999997;1.0
Cc1cn2nc(C(=O)Nc3ccc4c(c3)OCO4)cc2c(N2CCCC2)n1;-1.920303031575906;1.144463549632623;-0.16957679805484424;3.636772469697625;-0.4458020348823024;-1.5424960137979244;-0.6209838283181613;-0.49920768260333204;-0.24710536429033883;-0.030729254193150108;2.060952389667274;1.050315284101127;-0.15220388682955227;-0.40599897147057507;-0.18749999999999997;0.0
Cc1cn2nc([N+](=O)[O-])cc2c(=O)o1;1.6257693222576204;0.3534715673243844;-0.16957679805484424;-0.3851146642402806;-1.5751643097199564;-1.5424960137979244;-0.6209838283181613;-0.49920768260333204;-0.24710536429033883;-0.030729254193150108;2.060952389667274;5.509597798709383;-0.15220388682955227;-0.40599897147057507;-0.18749999999999997;0.0
Cc1cn2nnc(C(=O)N3CCC(C(=O)Nc4cccc(Cl)c4)CC3)c2c(=O)[nH]1;-0.11958092821202199;0.20804298941455227;4.3242083503985285;-0.3851146642402806;1.812922514793006;-1.5424960137979244;-0.6209838283181613;-0.49920768260333204;-0.24710536429033883;-0.030729254193150108;-0.48521256726432327;-0.4361122207682917;-0.15220388682955227;-0.40599897147057507;5.333333333333333;0.0
Cc1cn2nnc(C(=O)NC(C)CCc3ccccc3)c2c(=O)[nH]1;0.15939124580318756;0.3082048995136342;-0.16957679805484424;-0.3851146642402806;0.6835602399553516;-0.9731903819644286;-0.6209838283181613;-0.49920768260333204;-0.24710536429033883;-0.030729254193150108;-0.48521256726432327;-0.4361122207682917;-0.15220388682955227;-0.40599897147057507;-0.18749999999999997;0.0
Cc1cn2nnc(C(=O)NC3CCC(C)CC3)c2c(=O)[nH]1;0.21116394791605234;-0.1985860879354457;-0.16957679805484424;-0.3851146642402806;0.6835602399553516;-1.5424960137979244;-0.6209838283181613;-0.49920768260333204;-0.24710536429033883;-0.030729254193150108;-0.48521256726432327;-0.4361122207682917;-0.15220388682955227;-0.40599897147057507;-0.18749999999999997;0.0
Cc1cn2nnc(C(=O)NCCC3=CCCCC3)c2c(=O)[nH]1;-0.29071046421457947;0.2534982847970129;-0.16957679805484424;-0.3851146642402806;0.6835602399553516;-1.5424960137979244;-0.6209838283181613;-0.49920768260333204;-0.24710536429033883;-0.030729254193150108;-0.48521256726432327;-0.4361122207682917;-0.15220388682955227;-0.40599897147057507;-0.18749999999999997;0.0
Cc1cn2nnc(C(=O)NCc3ccc(OC(C)C)cc3)c2c(=O)[nH]1;0.56997710721042;-0.335907990937666;-0.16957679805484424;-0.3851146642402806;0.6835602399553516;-0.9731903819644286;-0.6209838283181613;-0.49920768260333204;-0.24710536429033883;-0.030729254193150108;-0.48521256726432327;-0.4361122207682917;-0.15220388682955227;-0.40599897147057507;-0.18749999999999997;0.0
Cc1cn2nnc(C(=O)NCc3ccco3)c2c(=O)[nH]1;-0.2994797437373544;0.2418663298886539;-0.16957679805484424;-0.3851146642402806;0.6835602399553516;-1.5424960137979244;-0.6209838283181613;-0.49920768260333204;-0.24710536429033883;-0.030729254193150108;-0.48521256726432327;-0.4361122207682917;-0.15220388682955227;-0.40599897147057507;-0.18749999999999997;0.0
Cc1cn[nH]c1;1.5681582393416262;0.06743189128518064;-0.16957679805484424;-0.3851146642402806;-0.3741601951151035;-0.9731903819644286;-0.6209838283181613;-0.49920768260333204;-0.24710536429033883;-0.030729254193150108;-0.48521256726432327;-0.4361122207682917;-0.15220388682955227;-0.40599897147057507;-0.18749999999999997;0.0
Cc1cnc(-c2cc(O[C@@H]3CCOC3)cc(C(=O)N[C@H](C)c3cnc(C(F)(F)F)nc3)c2)s1;0.29578747394422095;0.19760253034549707;-0.16957679805484424;1.6258289027286723;-0.4458020348823024;0.16542088170256303;-0.6209838283181613;-0.49920768260333204;-0.24710536429033883;-0.030729254193150108;-0.48521256726432327;-0.4361122207682917;6.5701344481423405;-0.40599897147057507;-0.18749999999999997;0.0
Cc1cnc(-c2ccc(C(F)(F)F)cc2)n1Cc1ccccc1OCCC[C@@H](C)CC(=O)O;1.1300983640179383;-1.3980612893201254;-0.16957679805484424;-0.3851146642402806;-0.4458020348823024;0.16542088170256303;-0.6209838283181613;-0.49920768260333204;-0.24710536429033883;-0.030729254193150108;-0.48521256726432327;-0.4361122207682917;-0.15220388682955227;-0.40599897147057507;-0.18749999999999997;0.0
Cc1cnc(-c2ccccc2)n1C1CCCN(C(=O)CCn2cccn2)C1;-1.2941843677810418;-0.42269968550842735;-0.16957679805484424;-0.3851146642402806;0.657005475036045;-0.9731903819644286;-0.6209838283181613;-0.49920768260333204;-0.24710536429033883;-0.030729254193150108;-0.48521256726432327;-0.4361122207682917;-0.15220388682955227;-0.40599897147057507;-0.18749999999999997;1.0
Cc1cnc(-c2ccccc2)n1C1CCCN(C(=O)c2ccccn2)C1;-1.336152317734658;1.0614029697357363;-0.16957679805484424;-0.3851146642402806;0.728183504088674;-0.9731903819644286;-0.6209838283181613;-0.49920768260333204;-0.24710536429033883;-0.030729254193150108;-0.48521256726432327;-0.4361122207682917;-0.15220388682955227;-0.40599897147057507;-0.18749999999999997;0.0
Cc1cnc(-c2ccccc2)n1C1CCCN(C(=O)c2ccncc2)C1;-1.336152317734658;1.357392824658124;-0.16957679805484424;-0.3851146642402806;0.728183504088674;-0.4038847501309328;-0.6209838283181613;-0.49920768260333204;-0.24710536429033883;-0.030729254193150108;-0.48521256726432327;-0.4361122207682917;-0.15220388682955227;-0.40599897147057507;-0.18749999999999997;1.0
Cc1cnc(-c2ccccc2)n1C1CCCN(C(=O)c2ccnn2C)C1;-0.9274194158126849;1.203892882997767;-0.16957679805484424;-0.3851146642402806;0.657005475036045;-0.9731903819644286;-0.6209838283181613;-0.49920768260333204;-0.24710536429033883;-0.030729254193150108;-0.48521256726432327;-0.4361122207682917;-0.15220388682955227;-0.40599897147057507;-0.18749999999999997;0.0
Cc1cnc(-c2ccccc2)n1C1CCCN(S(=O)(=O)c2ccc(C#N)cc2)C1;-0.3683121925460484;1.3743240789836257;-0.16957679805484424;-0.3851146642402806;-1.5751643097199564;-0.4038847501309328;-0.6209838283181613;-0.49920768260333204;-0.24710536429033883;-0.030729254193150108;-0.48521256726432327;-0.4361122207682917;-0.15220388682955227;-0.40599897147057507;-0.18749999999999997;1.0
Cc1cnc(-c2ccccc2)n1C1CCCNC1;-1.4909816909286369;0.3302396395809107;-0.16957679805484424;-0.3851146642402806;-1.5751643097199564;-0.9731903819644286;-0.6209838283181613;-0.49920768260333204;-0.24710536429033883;-0.030729254193150108;-0.48521256726432327;-0.4361122207682917;-0.15220388682955227;-0.40599897147057507;-0.18749999999999997;0.0
Cc1cnc(-c2ccccc2)n1C1CCN(C(=O)CN2CCOCC2)C1;-1.336152317734658;0.5783056256436624;-0.16957679805484424;1.6258289027286723;0.708380942051631;-0.9731903819644286;-0.6209838283181613;-0.49920768260333204;-0.24710536429033883;-0.030729254193150108;2.060952389667274;1.050315284101127;-0.15220388682955227;-0.40599897147057507;-0.18749999999999997;0.0
Cc1cnc(-c2ccccc2)n1C1CCN(C(=O)NCCc2ccccc2)C1;-1.2552141285383949;0.2601936918062955;-0.16957679805484424;1.6258289027286723;-1.5751643097199564;-0.4038847501309328;-0.6209838283181613;-0.49920768260333204;-0.24710536429033883;-0.030729254193150108;-0.48521256726432327;-0.4361122207682917;-0.15220388682955227;-0.40599897147057507;-0.18749999999999997;0.0
Cc1cnc(-c2ccccc2)n1C1CCN(C(=O)NCc2ccccc2)C1;-1.2941843677810418;-0.29374521176066115;-0.16957679805484424;1.6258289027286723;-1.5751643097199564;-0.4038847501309328;-0.6209838283181613;-0.49920768260333204;-0.24710536429033883;-0.030729254193150108;-0.48521256726432327;-0.4361122207682917;-0.15220388682955227;-0.40599897147057507;-0.18749999999999997;1.0
Cc1cnc(-c2ccccc2)n1C1CCN(C(=O)Nc2ccc3c(c2)OCCO3)C1;-1.748574495317017;0.8660044427519062;-0.16957679805484424;1.6258289027286723;-1.5751643097199564;-0.9731903819644286;-0.6209838283181613;-0.49920768260333204;-0.24710536429033883;-0.030729254193150108;2.060952389667274;1.050315284101127;-0.15220388682955227;-0.40599897147057507;-0.18749999999999997;1.0
Cc1cnc(-c2ccccc2)n1C1CCN(C(=O)c2ccc(C#N)cc2)C1;-0.9005897214858158;0.9660134228259051;-0.16957679805484424;1.6258289027286723;-0.4458020348823024;0.16542088170256303;-0.6209838283181613;-0.49920768260333204;-0.24710536429033883;-0.030729254193150108;-0.48521256726432327;-0.4361122207682917;-0.15220388682955227;-0.40599897147057507;-0.18749999999999997;0.0
Cc1cnc(-c2ccccc2)n1C1CCN(C(=O)c2ccc(C#N)cc2)CC1;-0.8756764338965705;0.6332826132849025;-0.16957679805484424;-0.3851146642402806;-0.4458020348823024;0.16542088170256303;-0.6209838283181613;-0.49920768260333204;-0.24710536429033883;-0.030729254193150108;-0.48521256726432327;-0.4361122207682917;-0.15220388682955227;-0.40599897147057507;-0.18749999999999997;0.0
Cc1cnc(-c2ccccc2)n1C1CCN(C(=O)c2ccco2)C1;-1.4305802051302958;1.0120594245601613;-0.16957679805484424;1.6258289027286723;-0.4458020348823024;-0.9731903819644286;-0.6209838283181613;-0.49920768260333204;-0.24710536429033883;-0.030729254193150108;-0.48521256726432327;-0.4361122207682917;-0.15220388682955227;-0.40599897147057507;-0.18749999999999997;0.0
Cc1cnc(-c2ccccc2)n1C1CCN(C(=O)c2nccn2C)CC1;-0.9274194158126922;0.7304104182827397;-0.16957679805484424;-0.3851146642402806;-0.4458020348823024;-0.9731903819644286;-0.6209838283181613;-0.49920768260333204;-0.24710536429033883;-0.030729254193150108;-0.48521256726432327;-0.4361122207682917;-0.15220388682955227;-0.40599897147057507;-0.18749999999999997;1.0
Cc1cnc(-c2ccccc2)n1C1CCN(S(=O)(=O)c2cccc(F)c2)CC1;-0.37421556838743975;0.45214973529586555;-0.16957679805484424;-0.3851146642402806;-1.5751643097199564;-0.9731903819644286;-0.6209838283181613;-0.49920768260333204;-0.24710536429033883;-0.030729254193150108;-0.48521256726432327;-0.4361122207682917;-0.15220388682955227;-0.40599897147057507;-0.18749999999999997;1.0
Cc1cnc(-c2ccccc2)n1C1CN(C(=O)c2ccnn2C)C1;-0.9877862280481674;1.086947924419067;-0.16957679805484424;-0.3851146642402806;0.657005475036045;-0.9731903819644286;-0.6209838283181613;-0.49920768260333204;-0.24710536429033883;-0.030729254193150108;-0.48521256726432327;-0.4361122207682917;-0.15220388682955227;-0.40599897147057507;-0.18749999999999997;1.0
Cc1cnc(-c2ccccc2)n1CC1CCCN(C(=O)NC(C)(C)C)C1;0.6715484152137718;-1.4314327049817281;-0.16957679805484424;-0.3851146642402806;-1.5751643097199564;-0.9731903819644286;-0.6209838283181613;-0.49920768260333204;-0.24710536429033883;-0.030729254193150108;-0.48521256726432327;-0.4361122207682917;-0.15220388682955227;-0.40599897147057507;-0.18749999999999997;1.0
Cc1cnc(-c2ccccc2)n1CC1CCCN(C(=O)c2ccncc2)C1;-1.2941843677810418;0.1519173432406441;-0.16957679805484424;-0.3851146642402806;0.728183504088674;-0.4038847501309328;-0.6209838283181613;-0.49920768260333204;-0.24710536429033883;-0.030729254193150108;-0.48521256726432327;-0.4361122207682917;-0.15220388682955227;-0.40599897147057507;-0.18749999999999997;1.0
Cc1cnc(-c2ccccc2)n1CC1CCCN(C(=O)c2ccnn2C)C1;-0.9005897214858086;-0.3281377653445729;-0.16957679805484424;-0.3851146642402806;0.657005475036045;-0.9731903819644286;-0.6209838283181613;-0.49920768260333204;-0.24710536429033883;-0.030729254193150108;-0.48521256726432327;-0.4361122207682917;-0.15220388682955227;-0.40599897147057507;-0.18749999999999997;1.0
Cc1cnc(-c2ccccc2)n1CC1CCN(C(=O)c2ccco2)C1;-1.3814777036845647;0.5046579582328898;-0.16957679805484424;1.6258289027286723;-0.4458020348823024;-0.9731903819644286;-0.6209838283181613;-0.49920768260333204;-0.24710536429033883;-0.030729254193150108;-0.48521256726432327;-0.4361122207682917;-0.15220388682955227;-0.40599897147057507;-0.18749999999999997;0.0
Cc1cnc(-c2ccccc2)n1CC1CCN(C(=O)c2ccnn2C)C1;-0.9274194158126849;0.7742661774136093;-0.16957679805484424;1.6258289027286723;0.657005475036045;-0.9731903819644286;-0.6209838283181613;-0.49920768260333204;-0.24710536429033883;-0.030729254193150108;-0.48521256726432327;-0.4361122207682917;-0.15220388682955227;-0.40599897147057507;-0.18749999999999997;0.0
Cc1cnc(-c2ccccc2)n1CC1CCN(C(=O)c2cnccn2)C1;-1.336152317734658;0.6533251452269856;-0.16957679805484424;1.6258289027286723;0.728183504088674;-0.9731903819644286;-0.6209838283181613;-0.49920768260333204;-0.24710536429033883;-0.030729254193150108;-0.48521256726432327;-0.4361122207682917;-0.15220388682955227;-0.40599897147057507;-0.18749999999999997;0.0
Cc1cnc(-c2ccccc2)n1CC1CN(C(=O)c2cnccn2)C1;-1.3814777036845647;0.519065887463772;-0.16957679805484424;-0.3851146642402806;0.728183504088674;-0.9731903819644286;-0.6209838283181613;-0.49920768260333204;-0.24710536429033883;-0.030729254193150108;-0.48521256726432327;-0.4361122207682917;-0.15220388682955227;-0.40599897147057507;-0.18749999999999997;1.0
Cc1cnc(-c2ccccc2)n1CCC1CCN(C(=O)c2ccnn2C)CC1;-0.8756764338965632;0.27979802190582925;-0.16957679805484424;-0.3851146642402806;0.657005475036045;-0.9731903819644286;-0.6209838283181613;-0.49920768260333204;-0.24710536429033883;-0.030729254193150108;-0.48521256726432327;-0.4361122207682917;-0.15220388682955227;-0.40599897147057507;-0.18749999999999997;0.0
Cc1cnc(-c2ccccc2)n1CCNC(=O)C1CCN1C1CCCCC1;-1.2941843677810418;0.7247716803810736;-0.16957679805484424;-0.3851146642402806;0.708380942051631;-0.9731903819644286;-0.6209838283181613;-0.49920768260333204;-0.24710536429033883;-0.030729254193150108;-0.48521256726432327;-0.4361122207682917;-0.15220388682955227;-0.40599897147057507;-0.18749999999999997;1.0
Cc1cnc(-c2ccccc2)n1CCNC(=O)CN1CCCC1=O;-0.2834027312789337;0.3699168431114087;-0.16957679805484424;1.6258289027286723;0.6835602399553516;-0.9731903819644286;-0.6209838283181613;-0.49920768260333204;-0.24710536429033883;-0.030729254193150108;-0.48521256726432327;-0.4361122207682917;-0.15220388682955227;-0.40599897147057507;-0.18749999999999997;0.0
Cc1cnc(-c2ccccc2)n1CCNC(=O)CN1CCCCCC1;-0.7052695467861081;0.2465450699121768;-0.16957679805484424;-0.3851146642402806;0.708380942051631;-0.9731903819644286;-0.6209838283181613;-0.49920768260333204;-0.24710536429033883;-0.030729254193150108;-0.48521256726432327;-0.4361122207682917;-0.15220388682955227;-0.40599897147057507;-0.18749999999999997;0.0
Cc1cnc(-c2ccccc2)n1CCNC(=O)NC1CCCCC1;-0.7261967083610693;0.830984548029541;-0.16957679805484424;-0.3851146642402806;-1.5751643097199564;-0.9731903819644286;-0.6209838283181613;-0.49920768260333204;-0.24710536429033883;-0.030729254193150108;-0.48521256726432327;-0.4361122207682917;-0.15220388682955227;-0.40599897147057507;-0.18749999999999997;1.0
Cc1cnc(-c2ccccc2)n1CCNC(=O)NCC(C)C;0.9607558708959857;0.27584555190094834;-0.16957679805484424;-0.3851146642402806;-1.5751643097199564;-0.9731903819644286;-0.6209838283181613;-0.49920768260333204;-0.24710536429033883;-0.030729254193150108;-0.48521256726432327;-0.4361122207682917;-0.15220388682955227;-0.40599897147057507;-0.18749999999999997;0.0
Cc1cnc(-c2ccccc2)n1CCNC(=O)NCC1CCCO1;-0.7261967083610693;0.21515612451241917;-0.16957679805484424;1.6258289027286723;-1.5751643097199564;-0.9731903819644286;-0.6209838283181613;-0.49920768260333204;-0.24710536429033883;-0.030729254193150108;-0.48521256726432327;-0.4361122207682917;-0.15220388682955227;-0.40599897147057507;-0.18749999999999997;1.0
Cc1cnc(-c2ccccc2)n1CCNC(=O)c1ccc(C#N)cc1;-0.2801873287872654;1.056903882980602;-0.16957679805484424;-0.3851146642402806;-0.4458020348823024;0.16542088170256303;-0.6209838283181613;-0.49920768260333204;-0.24710536429033883;-0.030729254193150108;-0.48521256726432327;-0.4361122207682917;-0.15220388682955227;-0.40599897147057507;-0.18749999999999997;1.0
Cc1cnc(-c2ccccc2)n1CCNC(=O)c1cccn1C;-0.2868977339872869;1.6641255897177611;-0.16957679805484424;-0.3851146642402806;-0.4458020348823024;-0.9731903819644286;-0.6209838283181613;-0.49920768260333204;-0.24710536429033883;-0.030729254193150108;-0.48521256726432327;-0.4361122207682917;-0.15220388682955227;-0.40599897147057507;-0.18749999999999997;1.0
Cc1cnc(-c2ccccc2)n1CCNS(=O)(=O)Cc1ccccc1;-0.14363337741589474;0.7603435540371618;-0.16957679805484424;-0.3851146642402806;-1.5751643097199564;-0.4038847501309328;-0.6209838283181613;-0.49920768260333204;-0.24710536429033883;-0.030729254193150108;-0.48521256726432327;-0.4361122207682917;-0.15220388682955227;-0.40599897147057507;-0.18749999999999997;1.0
Cc1cnc(-c2cccnc2)n1C1CCCN(C(=O)C(C)C)C1;0.17514815514189058;0.05674730878057297;-0.16957679805484424;-0.3851146642402806;0.728183504088674;-0.9731903819644286;-0.6209838283181613;-0.49920768260333204;-0.24710536429033883;-0.030729254193150108;-0.48521256726432327;-0.4361122207682917;-0.15220388682955227;-0.40599897147057507;-0.18749999999999997;1.0
Cc1cnc(-c2cccnc2)n1C1CCCN(C(=O)CC2CCCC2)C1;-1.336152317734658;0.22961393203628627;-0.16957679805484424;-0.3851146642402806;0.728183504088674;-0.9731903819644286;-0.6209838283181613;-0.49920768260333204;-0.24710536429033883;-0.030729254193150108;-0.48521256726432327;-0.4361122207682917;-0.15220388682955227;-0.40599897147057507;-0.18749999999999997;0.0
Cc1cnc(-c2cccnc2)n1C1CCCN(C(=O)CCCc2ccccc2)C1;-1.2189314920021435;-0.1826840995956702;-0.16957679805484424;-0.3851146642402806;0.728183504088674;-0.4038847501309328;-0.6209838283181613;-0.49920768260333204;-0.24710536429033883;-0.030729254193150108;-0.48521256726432327;-0.4361122207682917;-0.15220388682955227;-0.40599897147057507;-0.18749999999999997;1.0
Cc1cnc(-c2cccnc2)n1C1CCCN(C(=O)COc2ccc(F)cc2)C1;-0.8524813040720981;-0.9380646676255313;-0.16957679805484424;-0.3851146642402806;0.728183504088674;-0.9731903819644286;-0.6209838283181613;-0.49920768260333204;-0.24710536429033883;-0.030729254193150108;-0.48521256726432327;-0.4361122207682917;-0.15220388682955227;-0.40599897147057507;-0.18749999999999997;0.0
Cc1cnc(-c2cccnc2)n1C1CCCN(C(=O)Cc2ccncc2)C1;-1.2941843677810418;0.12565923834046835;-0.16957679805484424;-0.3851146642402806;1.9021690430596507;-0.4038847501309328;-0.6209838283181613;-0.49920768260333204;-0.24710536429033883;-0.030729254193150108;-0.48521256726432327;-0.4361122207682917;-0.15220388682955227;-0.40599897147057507;-0.18749999999999997;1.0
Cc1cnc(-c2cccnc2)n1C1CCCN(C(=O)c2ccncc2)C1;-1.336152317734658;0.9086039106705183;-0.16957679805484424;-0.3851146642402806;1.9021690430596507;-0.4038847501309328;-0.6209838283181613;-0.49920768260333204;-0.24710536429033883;-0.030729254193150108;-0.48521256726432327;-0.4361122207682917;-0.15220388682955227;-0.40599897147057507;-0.18749999999999997;1.0
Cc1cnc(-c2cccnc2)n1C1CCCN(Cc2ccc(C(F)(F)F)cc2)C1;-0.36831219254604114;0.09601569470903852;-0.16957679805484424;-0.3851146642402806;0.7530042061849531;0.16542088170256303;-0.6209838283181613;-0.49920768260333204;-0.24710536429033883;-0.030729254193150108;-0.48521256726432327;-0.4361122207682917;-0.15220388682955227;-0.40599897147057507;-0.18749999999999997;1.0
Cc1cnc(-c2cccnc2)n1C1CCCN(Cc2ccccc2C#N)C1;-1.2941843677810347;1.1255220264809043;-0.16957679805484424;-0.3851146642402806;0.7530042061849531;0.16542088170256303;-0.6209838283181613;-0.49920768260333204;-0.24710536429033883;-0.030729254193150108;-0.48521256726432327;-0.4361122207682917;-0.15220388682955227;-0.40599897147057507;-0.18749999999999997;1.0
Cc1cnc(-c2cccnc2)n1C1CCN(C(=O)C2CCCC2)CC1;-1.3814777036845647;1.0054908764544968;-0.16957679805484424;-0.3851146642402806;0.728183504088674;-0.9731903819644286;-0.6209838283181613;-0.49920768260333204;-0.24710536429033883;-0.030729254193150108;-0.48521256726432327;-0.4361122207682917;-0.15220388682955227;-0.40599897147057507;-0.18749999999999997;1.0
Cc1cnc(-c2cccnc2)n1C1CCN(C(=O)N(C)C)CC1;0.17514815514189058;0.4834838353728554;-0.16957679805484424;-0.3851146642402806;-0.40117877074897995;-0.9731903819644286;-0.6209838283181613;-0.49920768260333204;-0.24710536429033883;-0.030729254193150108;-0.48521256726432327;-0.4361122207682917;-0.15220388682955227;-0.40599897147057507;-0.18749999999999997;1.0
Cc1cnc(-c2cccnc2)n1C1CCN(C(=O)c2cccn2C)C1;-0.956395485685722;1.5578291632398529;-0.16957679805484424;1.6258289027286723;0.728183504088674;-0.9731903819644286;-0.6209838283181613;-0.49920768260333204;-0.24710536429033883;-0.030729254193150108;-0.48521256726432327;-0.4361122207682917;-0.15220388682955227;-0.40599897147057507;-0.18749999999999997;0.0
Cc1cnc(-c2cccnc2)n1C1CCN(C(=O)c2cccs2)C1;-1.4305802051302958;1.7177928517158811;-0.16957679805484424;1.6258289027286723;0.728183504088674;-0.9731903819644286;-0.6209838283181613;-0.49920768260333204;-0.24710536429033883;-0.030729254193150108;-0.48521256726432327;-0.4361122207682917;-0.15220388682955227;-0.40599897147057507;-0.18749999999999997;0.0
Cc1cnc(-c2cccnc2)n1C1CCN(S(=O)(=O)Cc2ccccc2)CC1;-0.7537532630292714;-0.6750741220366522;-0.16957679805484424;-0.3851146642402806;-0.40117877074897995;-0.4038847501309328;-0.6209838283181613;-0.49920768260333204;-0.24710536429033883;-0.030729254193150108;-0.48521256726432327;-0.4361122207682917;-0.15220388682955227;-0.40599897147057507;-0.18749999999999997;1.0
Cc1cnc(-c2cccnc2)n1C1CCN(S(=O)(=O)c2cccc(F)c2)CC1;-0.37421556838743975;0.43045157784070254;-0.16957679805484424;-0.3851146642402806;-0.40117877074897995;-0.9731903819644286;-0.6209838283181613;-0.49920768260333204;-0.24710536429033883;-0.030729254193150108;-0.48521256726432327;-0.4361122207682917;-0.15220388682955227;-0.40599897147057507;-0.18749999999999997;0.0
Cc1cnc(-c2cccnc2)n1C1CCN(S(=O)(=O)c2ccccc2)C1;-0.7961175394940629;0.7939887184568114;-0.16957679805484424;1.6258289027286723;-0.40117877074897995;-0.9731903819644286;-0.6209838283181613;-0.49920768260333204;-0.24710536429033883;-0.030729254193150108;-0.48521256726432327;-0.4361122207682917;-0.15220388682955227;-0.40599897147057507;-0.18749999999999997;0.0
Cc1cnc(-c2cccnc2)n1CC1CCCN(C(=O)C2CC2)C1;-1.4305802051302958;0.9957076787640317;-0.16957679805484424;-0.3851146642402806;0.728183504088674;-0.9731903819644286;-0.6209838283181613;-0.49920768260333204;-0.24710536429033883;-0.030729254193150108;-0.48521256726432327;-0.4361122207682917;-0.15220388682955227;-0.40599897147057507;-0.18749999999999997;1.0
Cc1cnc(-c2cccnc2)n1CC1CCCN(C(=O)NC(C)(C)C)C1;0.6715484152137718;-1.3227449055516374;-0.16957679805484424;-0.3851146642402806;-0.40117877074897995;-0.9731903819644286;-0.6209838283181613;-0.49920768260333204;-0.24710536429033883;-0.030729254193150108;-0.48521256726432327;-0.4361122207682917;-0.15220388682955227;-0.40599897147057507;-0.18749999999999997;0.0
Cc1cnc(-c2cccnc2)n1CC1CCCN(C(=O)Nc2ccccc2F)C1;-0.8524813040720981;-1.0913386559148859;-0.16957679805484424;-0.3851146642402806;-0.40117877074897995;-0.9731903819644286;-0.6209838283181613;-0.49920768260333204;-0.24710536429033883;-0.030729254193150108;-0.48521256726432327;-0.4361122207682917;-0.15220388682955227;-0.40599897147057507;-0.18749999999999997;0.0
Cc1cnc(-c2cccnc2)n1CC1CCCN(C(=O)c2ccncc2)C1;-1.2941843677810418;0.2651005694146485;-0.16957679805484424;-0.3851146642402806;1.9021690430596507;-0.4038847501309328;-0.6209838283181613;-0.49920768260333204;-0.24710536429033883;-0.030729254193150108;-0.48521256726432327;-0.4361122207682917;-0.15220388682955227;-0.40599897147057507;-0.18749999999999997;0.0
Cc1cnc(-c2cccnc2)n1CC1CCCN(S(=O)(=O)c2ccccc2)C1;-0.7537532630292714;-0.0527431286437184;-0.16957679805484424;-0.3851146642402806;-0.40117877074897995;-0.9731903819644286;-0.6209838283181613;-0.49920768260333204;-0.24710536429033883;-0.030729254193150108;-0.48521256726432327;-0.4361122207682917;-0.15220388682955227;-0.40599897147057507;-0.18749999999999997;1.0
Cc1cnc(-c2cccnc2)n1CC1CCN(C(=O)C(C)C)C1;0.17514815514189058;1.266950318381833;-0.16957679805484424;1.6258289027286723;0.728183504088674;-0.9731903819644286;-0.6209838283181613;-0.49920768260333204;-0.24710536429033883;-0.030729254193150108;-0.48521256726432327;-0.4361122207682917;-0.15220388682955227;-0.40599897147057507;-0.18749999999999997;0.0
Cc1cnc(-c2cccnc2)n1CC1CCN(C(=O)C2(c3ccccc3)CC2)C1;-1.6841506346978923;1.1855087617332984;-0.16957679805484424;1.6258289027286723;0.728183504088674;-0.4038847501309328;-0.6209838283181613;-0.49920768260333204;-0.24710536429033883;-0.030729254193150108;-0.48521256726432327;-0.4361122207682917;-0.15220388682955227;-0.40599897147057507;-0.18749999999999997;0.0
Cc1cnc(-c2cccnc2)n1CC1CCN(C(=O)C2CCCC2)CC1;-1.336152317734658;1.1695945970172754;-0.16957679805484424;-0.3851146642402806;0.728183504088674;-0.9731903819644286;-0.6209838283181613;-0.49920768260333204;-0.24710536429033883;-0.030729254193150108;-0.48521256726432327;-0.4361122207682917;-0.15220388682955227;-0.40599897147057507;-0.18749999999999997;0.0
Cc1cnc(-c2cccnc2)n1CC1CCN(C(=O)CC2CCCCC2)C1;-1.2941843677810418;0.03391492213524706;-0.16957679805484424;1.6258289027286723;0.728183504088674;-0.9731903819644286;-0.6209838283181613;-0.49920768260333204;-0.24710536429033883;-0.030729254193150108;-0.48521256726432327;-0.4361122207682917;-0.15220388682955227;-0.40599897147057507;-0.18749999999999997;0.0
Cc1cnc(-c2cccnc2)n1CC1CCN(C(=O)COc2ccccc2)CC1;-1.2189314920021435;0.7616779748075038;-0.16957679805484424;-0.3851146642402806;0.728183504088674;-0.9731903819644286;-0.6209838283181613;-0.49920768260333204;-0.24710536429033883;-0.030729254193150108;-0.48521256726432327;-0.4361122207682917;-0.15220388682955227;-0.40599897147057507;-0.18749999999999997;1.0
Cc1cnc(-c2cccnc2)n1CC1CCN(C(=O)NC(C)(C)C)CC1;0.6715484152137718;1.750703237473252;-0.16957679805484424;-0.3851146642402806;-0.40117877074897995;-0.9731903819644286;-0.6209838283181613;-0.49920768260333204;-0.24710536429033883;-0.030729254193150108;-0.48521256726432327;-0.4361122207682917;-0.15220388682955227;-0.40599897147057507;-0.18749999999999997;0.0
Cc1cnc(-c2cccnc2)n1CC1CCN(C(=O)NCCc2ccccc2)CC1;-1.185067697901633;0.6460672857593155;-0.16957679805484424;-0.3851146642402806;-0.40117877074897995;-0.4038847501309328;-0.6209838283181613;-0.49920768260333204;-0.24710536429033883;-0.030729254193150108;-0.48521256726432327;-0.4361122207682917;-0.15220388682955227;-0.40599897147057507;-0.18749999999999997;1.0
Cc1cnc(-c2cccnc2)n1CC1CCN(C(=O)c2ccccn2)C1;-1.336152317734658;0.7355123564561424;-0.16957679805484424;1.6258289027286723;1.9021690430596507;-0.9731903819644286;-0.6209838283181613;-0.49920768260333204;-0.24710536429033883;-0.030729254193150108;-0.48521256726432327;-0.4361122207682917;-0.15220388682955227;-0.40599897147057507;-0.18749999999999997;0.0
Cc1cnc(-c2cccnc2)n1CC1CCN(C(=O)c2ccnn2C)CC1;-0.9005897214858086;1.4426823333348533;-0.16957679805484424;-0.3851146642402806;1.8309910140070214;-0.9731903819644286;-0.6209838283181613;-0.49920768260333204;-0.24710536429033883;-0.030729254193150108;-0.48521256726432327;-0.4361122207682917;-0.15220388682955227;-0.40599897147057507;-0.18749999999999997;0.0
Cc1cnc(-c2cccnc2)n1CC1CCN(S(=O)(=O)Cc2ccccc2F)CC1;-0.36280237509408025;1.6350597085325032;-0.16957679805484424;-0.3851146642402806;-0.40117877074897995;-0.4038847501309328;-0.6209838283181613;-0.49920768260333204;-0.24710536429033883;-0.030729254193150108;-0.48521256726432327;-0.4361122207682917;-0.15220388682955227;-0.40599897147057507;-0.18749999999999997;1.0
Cc1cnc(-c2cccnc2)n1CC1CCN(S(=O)(=O)c2ccccc2)C1;-0.7741508776234364;0.6821050092407509;-0.16957679805484424;1.6258289027286723;-0.40117877074897995;-0.9731903819644286;-0.6209838283181613;-0.49920768260333204;-0.24710536429033883;-0.030729254193150108;-0.48521256726432327;-0.4361122207682917;-0.15220388682955227;-0.40599897147057507;-0.18749999999999997;0.0
Cc1cnc(-c2cccnc2)n1CC1CCN(S(=O)(=O)c2cccs2)C1;-0.7961175394940629;1.0676051587815845;-0.16957679805484424;1.6258289027286723;-0.40117877074897995;-0.9731903819644286;-0.6209838283181613;-0.49920768260333204;-0.24710536429033883;-0.030729254193150108;-0.48521256726432327;-0.4361122207682917;-0.15220388682955227;-0.40599897147057507;-0.18749999999999997;0.0
Cc1cnc(-c2cccnc2)n1CC1CN(C(=O)c2ccnn2C)C1;-0.956395485685722;0.260164033048443;-0.16957679805484424;-0.3851146642402806;1.8309910140070214;-0.9731903819644286;-0.6209838283181613;-0.49920768260333204;-0.24710536429033883;-0.030729254193150108;-0.48521256726432327;-0.4361122207682917;-0.15220388682955227;-0.40599897147057507;-0.18749999999999997;0.0
Cc1cnc(-c2cccnc2)n1CCC1CCN(C(=O)C(C)Oc2ccccc2)CC1;-0.8105804243891909;-1.0566051488746029;-0.16957679805484424;-0.3851146642402806;0.728183504088674;-0.9731903819644286;-0.6209838283181613;-0.49920768260333204;-0.24710536429033883;-0.030729254193150108;-0.48521256726432327;-0.4361122207682917;-0.15220388682955227;-0.40599897147057507;-0.18749999999999997;0.0
Cc1cnc(-c2cccnc2)n1CCC1CCN(C(=O)NCc2ccccc2)CC1;-1.185067697901633;-1.088623439242849;-0.16957679805484424;-0.3851146642402806;-0.40117877074897995;-0.4038847501309328;-0.6209838283181613;-0.49920768260333204;-0.24710536429033883;-0.030729254193150108;-0.48521256726432327;-0.4361122207682917;-0.15220388682955227;-0.40599897147057507;-0.18749999999999997;1.0
Cc1cnc(-c2cccnc2)n1CCNC(=O)C1CCCC1;-0.7737584392132657;0.5624128920034948;-0.16957679805484424;-0.3851146642402806;0.728183504088674;-0.9731903819644286;-0.6209838283181613;-0.49920768260333204;-0.24710536429033883;-0.030729254193150108;-0.48521256726432327;-0.4361122207682917;-0.15220388682955227;-0.40599897147057507;-0.18749999999999997;1.0
Cc1cnc(-c2cccnc2)n1CCNC(=O)CCC1CCCC1;-0.7261967083610693;-0.5528009480237644;-0.16957679805484424;-0.3851146642402806;0.728183504088674;-0.9731903819644286;-0.6209838283181613;-0.49920768260333204;-0.24710536429033883;-0.030729254193150108;-0.48521256726432327;-0.4361122207682917;-0.15220388682955227;-0.40599897147057507;-0.18749999999999997;0.0
Cc1cnc(-c2cccnc2)n1CCNC(=O)CCCc1ccccc1;-0.6859521668707549;-0.2443447608252643;-0.16957679805484424;-0.3851146642402806;0.728183504088674;-0.4038847501309328;-0.6209838283181613;-0.49920768260333204;-0.24710536429033883;-0.030729254193150108;-0.48521256726432327;-0.4361122207682917;-0.15220388682955227;-0.40599897147057507;-0.18749999999999997;1.0
Cc1cnc(-c2cccnc2)n1CCNC(=O)Cc1cccc(F)c1;-0.28018732878725816;0.1925958676803999;-0.16957679805484424;-0.3851146642402806;0.728183504088674;-0.4038847501309328;1.6103478937742153;0.364022567901614;-0.24710536429033883;-0.030729254193150108;-0.48521256726432327;-0.4361122207682917;-0.15220388682955227;2.463060426921489;-0.18749999999999997;1.0
Cc1cnc(-c2cccnc2)n1CCNC(=O)c1nccn1C;-0.2868977339872869;1.174517016326262;-0.16957679805484424;-0.3851146642402806;0.728183504088674;-0.9731903819644286;-0.6209838283181613;-0.49920768260333204;-0.24710536429033883;-0.030729254193150108;-0.48521256726432327;-0.4361122207682917;-0.15220388682955227;-0.40599897147057507;-0.18749999999999997;1.0
Cc1cnc(-c2ccncc2)n1C1CCCN(C(=O)C2CCCC2)C1;-1.3814777036845647;1.5480168624279236;-0.16957679805484424;-0.3851146642402806;0.728183504088674;-0.9731903819644286;-0.6209838283181613;-0.49920768260333204;-0.24710536429033883;-0.030729254193150108;-0.48521256726432327;-0.4361122207682917;-0.15220388682955227;-0.40599897147057507;-0.18749999999999997;1.0
Cc1cnc(-c2ccncc2)n1C1CCCN(C(=O)Nc2ccc3c(c2)OCCO3)C1;-1.6987178234999096;1.3449933275756;-0.16957679805484424;-0.3851146642402806;-0.40117877074897995;-0.9731903819644286;-0.6209838283181613;-0.49920768260333204;-0.24710536429033883;-0.030729254193150108;2.060952389667274;1.050315284101127;-0.15220388682955227;-0.40599897147057507;-0.18749999999999997;1.0
Cc1cnc(-c2ccncc2)n1C1CCCN(C(=O)Nc2ccccc2)C1;-1.2941843677810418;1.2055979695719166;-0.16957679805484424;-0.3851146642402806;-0.40117877074897995;-0.9731903819644286;-0.6209838283181613;-0.49920768260333204;-0.24710536429033883;-0.030729254193150108;-0.48521256726432327;-0.4361122207682917;-0.15220388682955227;-0.40599897147057507;-0.18749999999999997;1.0
Cc1cnc(-c2ccncc2)n1C1CCCN(Cc2ccc(C#N)cc2)C1;-1.2941843677810418;1.8449763121919873;-0.16957679805484424;-0.3851146642402806;0.7530042061849531;0.16542088170256303;-0.6209838283181613;-0.49920768260333204;-0.24710536429033883;-0.030729254193150108;-0.48521256726432327;-0.4361122207682917;-0.15220388682955227;-0.40599897147057507;-0.18749999999999997;1.0
Cc1cnc(-c2ccncc2)n1C1CCCN(Cc2ccccc2C#N)C1;-1.2941843677810347;2.177210995737397;-0.16957679805484424;-0.3851146642402806;0.7530042061849531;0.16542088170256303;-0.6209838283181613;-0.49920768260333204;-0.24710536429033883;-0.030729254193150108;-0.48521256726432327;-0.4361122207682917;-0.15220388682955227;-0.40599897147057507;-0.18749999999999997;1.0
Cc1cnc(-c2ccncc2)n1C1CCN(C(=O)C2CC=CC2)C1;-1.4305802051302958;1.2255564337434286;-0.16957679805484424;1.6258289027286723;0.728183504088674;-0.9731903819644286;-0.6209838283181613;-0.49920768260333204;-0.24710536429033883;-0.030729254193150108;-0.48521256726432327;-0.4361122207682917;-0.15220388682955227;-0.40599897147057507;-0.18749999999999997;0.0
Cc1cnc(-c2ccncc2)n1C1CCN(C(=O)NC2CCCCC2)C1;-1.336152317734658;1.1249608723239657;-0.16957679805484424;1.6258289027286723;-0.40117877074897995;-0.9731903819644286;-0.6209838283181613;-0.49920768260333204;-0.24710536429033883;-0.030729254193150108;-0.48521256726432327;-0.4361122207682917;-0.15220388682955227;-0.40599897147057507;-0.18749999999999997;0.0
Cc1cnc(-c2ccncc2)n1C1CCN(C(=O)NCc2ccccc2)C1;-1.2941843677810418;0.2824460499659832;-0.16957679805484424;1.6258289027286723;-0.40117877074897995;-0.4038847501309328;-0.6209838283181613;-0.49920768260333204;-0.24710536429033883;-0.030729254193150108;-0.48521256726432327;-0.4361122207682917;-0.15220388682955227;-0.40599897147057507;-0.18749999999999997;0.0
Cc1cnc(-c2ccncc2)n1C1CCN(C(=O)Nc2ccc3c(c2)OCCO3)CC1;-1.698717823499917;0.2252951952327115;-0.16957679805484424;-0.3851146642402806;-0.40117877074897995;-0.9731903819644286;-0.6209838283181613;-0.49920768260333204;-0.24710536429033883;-0.030729254193150108;2.060952389667274;1.050315284101127;-0.15220388682955227;-0.40599897147057507;-0.18749999999999997;1.0
Cc1cnc(-c2ccncc2)n1C1CCN(C(=O)Nc2ccccc2F)C1;-0.9005897214858086;1.3357718250957398;-0.16957679805484424;1.6258289027286723;-0.40117877074897995;-0.9731903819644286;-0.6209838283181613;-0.49920768260333204;-0.24710536429033883;-0.030729254193150108;-0.48521256726432327;-0.4361122207682917;-0.15220388682955227;-0.40599897147057507;-0.18749999999999997;0.0
Cc1cnc(-c2ccncc2)n1C1CCN(C(=O)c2ccc(C#N)cc2)CC1;-0.8756764338965705;1.139513653272201;-0.16957679805484424;-0.3851146642402806;0.728183504088674;0.16542088170256303;-0.6209838283181613;-0.49920768260333204;-0.24710536429033883;-0.030729254193150108;-0.48521256726432327;-0.4361122207682917;-0.15220388682955227;-0.40599897147057507;-0.18749999999999997;0.0
Cc1cnc(-c2ccncc2)n1C1CCN(C(=O)c2ccco2)C1;-1.4305802051302958;1.5969768350362137;-0.16957679805484424;1.6258289027286723;0.728183504088674;-0.9731903819644286;-0.6209838283181613;-0.49920768260333204;-0.24710536429033883;-0.030729254193150108;-0.48521256726432327;-0.4361122207682917;-0.15220388682955227;-0.40599897147057507;-0.18749999999999997;0.0
Cc1cnc(-c2ccncc2)n1C1CCN(C(=O)c2ccnn2C)C1;-0.956395485685722;2.0547358321669287;-0.16957679805484424;1.6258289027286723;1.8309910140070214;-0.9731903819644286;-0.6209838283181613;-0.49920768260333204;-0.24710536429033883;-0.030729254193150108;-0.48521256726432327;-0.4361122207682917;-0.15220388682955227;-0.40599897147057507;-0.18749999999999997;0.0
Cc1cnc(-c2ccncc2)n1C1CCN(C(=O)c2ccoc2)C1;-1.4305802051302958;1.353217950534989;-0.16957679805484424;1.6258289027286723;0.728183504088674;-0.4038847501309328;-0.6209838283181613;-0.49920768260333204;-0.24710536429033883;-0.030729254193150108;-0.48521256726432327;-0.4361122207682917;-0.15220388682955227;-0.40599897147057507;-0.18749999999999997;0.0
Cc1cnc(-c2ccncc2)n1C1CCN(S(=O)(=O)c2ccc(C#N)cc2)C1;-0.37421556838743975;1.7869253767122781;-0.16957679805484424;1.6258289027286723;-0.40117877074897995;-0.4038847501309328;-0.6209838283181613;-0.49920768260333204;-0.24710536429033883;-0.030729254193150108;-0.48521256726432327;-0.4361122207682917;-0.15220388682955227;-0.40599897147057507;-0.18749999999999997;0.0
Cc1cnc(-c2ccncc2)n1C1CCN(S(=O)(=O)c2ccc3c(c2)OCCO3)C1;-1.2805443541751642;1.7743755496612907;-0.16957679805484424;1.6258289027286723;-0.40117877074897995;-0.9731903819644286;-0.6209838283181613;-0.49920768260333204;-0.24710536429033883;-0.030729254193150108;2.060952389667274;2.536742788970546;-0.15220388682955227;-0.40599897147057507;-0.18749999999999997;0.0
Cc1cnc(-c2ccncc2)n1CC1CCCN(C(=O)C2(c3ccccc3)CC2)C1;-1.634779535840864;0.7675503306064471;-0.16957679805484424;-0.3851146642402806;0.728183504088674;-0.4038847501309328;-0.6209838283181613;-0.49920768260333204;-0.24710536429033883;-0.030729254193150108;-0.48521256726432327;-0.4361122207682917;-0.15220388682955227;-0.40599897147057507;-0.18749999999999997;1.0
Cc1cnc(-c2ccncc2)n1CC1CCCN(C(=O)CC2CCCCC2)C1;-1.2552141285383949;-0.8644940579674195;-0.16957679805484424;-0.3851146642402806;0.728183504088674;-0.9731903819644286;-0.6209838283181613;-0.49920768260333204;-0.24710536429033883;-0.030729254193150108;-0.48521256726432327;-0.4361122207682917;-0.15220388682955227;-0.40599897147057507;-0.18749999999999997;0.0
Cc1cnc(-c2ccncc2)n1CC1CCCN(C(=O)NCCc2ccccc2)C1;-1.185067697901633;-0.3841486430321574;-0.16957679805484424;-0.3851146642402806;-0.40117877074897995;-0.4038847501309328;-0.6209838283181613;-0.49920768260333204;-0.24710536429033883;-0.030729254193150108;-0.48521256726432327;-0.4361122207682917;-0.15220388682955227;-0.40599897147057507;-0.18749999999999997;1.0
Cc1cnc(-c2ccncc2)n1CC1CCCN(C(=O)c2cccn2C)C1;-0.9005897214858086;-0.5257666005490231;-0.16957679805484424;-0.3851146642402806;0.728183504088674;-0.9731903819644286;-0.6209838283181613;-0.49920768260333204;-0.24710536429033883;-0.030729254193150108;-0.48521256726432327;-0.4361122207682917;-0.15220388682955227;-0.40599897147057507;-0.18749999999999997;0.0
Cc1cnc(-c2ccncc2)n1CC1CCCN(C(=O)c2ccncc2)C1;-1.2941843677810418;0.23225450196655134;-0.16957679805484424;-0.3851146642402806;1.9021690430596507;-0.4038847501309328;-0.6209838283181613;-0.49920768260333204;-0.24710536429033883;-0.030729254193150108;-0.48521256726432327;-0.4361122207682917;-0.15220388682955227;-0.40599897147057507;-0.18749999999999997;0.0
Cc1cnc(-c2ccncc2)n1CC1CCCN(S(=O)(=O)c2ccc3c(c2)CCC3)C1;-1.2457854288465073;-1.010597728085321;-0.16957679805484424;-0.3851146642402806;-0.40117877074897995;0.16542088170256303;-0.6209838283181613;-0.49920768260333204;-0.24710536429033883;-0.030729254193150108;-0.48521256726432327;-0.4361122207682917;-0.15220388682955227;-0.40599897147057507;-0.18749999999999997;1.0
Cc1cnc(-c2ccncc2)n1CC1CCN(C(=O)C2(c3ccccc3)CC2)C1;-1.6841506346978923;1.1539246273324022;-0.16957679805484424;1.6258289027286723;0.728183504088674;-0.4038847501309328;-0.6209838283181613;-0.49920768260333204;-0.24710536429033883;-0.030729254193150108;-0.48521256726432327;-0.4361122207682917;-0.15220388682955227;-0.40599897147057507;-0.18749999999999997;0.0
Cc1cnc(-c2ccncc2)n1CC1CCN(S(=O)(=O)c2ccccc2)C1;-0.7741508776234364;0.6577464796319927;-0.16957679805484424;1.6258289027286723;-0.40117877074897995;-0.9731903819644286;-0.6209838283181613;-0.49920768260333204;-0.24710536429033883;-0.030729254193150108;-0.48521256726432327;-0.4361122207682917;-0.15220388682955227;-0.40599897147057507;-0.18749999999999997;0.0
Cc1cnc(-c2ccncc2)n1CC1CN(C(=O)Cc2cccc(F)c2)C1;-0.9005897214858086;-0.1727617038221882;-0.16957679805484424;-0.3851146642402806;0.728183504088674;-0.4038847501309328;1.6103478937742153;0.364022567901614;-0.24710536429033883;-0.030729254193150108;-0.48521256726432327;-0.4361122207682917;-0.15220388682955227;2.463060426921489;-0.18749999999999997;1.0
Cc1cnc(-c2ccncc2)n1CC1CN(C(=O)Cc2cccnc2)C1;-1.336152317734658;-0.4292067721128895;-0.16957679805484424;-0.3851146642402806;1.9021690430596507;-0.4038847501309328;-0.6209838283181613;-0.49920768260333204;-0.24710536429033883;-0.030729254193150108;-0.48521256726432327;-0.4361122207682917;-0.15220388682955227;-0.40599897147057507;-0.18749999999999997;0.0
Cc1cnc(-c2ccncc2)n1CC1CN(C(=O)c2ccsc2)C1;-1.4305802051302958;0.3016369245184257;-0.16957679805484424;-0.3851146642402806;0.728183504088674;-0.4038847501309328;-0.6209838283181613;-0.49920768260333204;-0.24710536429033883;-0.030729254193150108;-0.48521256726432327;-0.4361122207682917;-0.15220388682955227;-0.40599897147057507;-0.18749999999999997;0.0
Cc1cnc(-c2ccncc2)n1CC1CN(S(=O)(=O)Cc2ccccc2)C1;-0.7741508776234364;-0.6636278732092438;-0.16957679805484424;-0.3851146642402806;-0.40117877074897995;-0.4038847501309328;-0.6209838283181613;-0.49920768260333204;-0.24710536429033883;-0.030729254193150108;-0.48521256726432327;-0.4361122207682917;-0.15220388682955227;-0.40599897147057507;-0.18749999999999997;1.0
Cc1cnc(-c2ccncc2)n1CC1CN(S(=O)(=O)c2ccc(C#N)cc2)C1;-0.37421556838743975;-0.13364428331153896;-0.16957679805484424;-0.3851146642402806;-0.40117877074897995;-0.4038847501309328;-0.6209838283181613;-0.49920768260333204;-0.24710536429033883;-0.030729254193150108;-0.48521256726432327;-0.4361122207682917;-0.15220388682955227;-0.40599897147057507;-0.18749999999999997;1.0
Cc1cnc(-c2ccncc2)n1CCC1CCN(C(=O)C2CCCC2)CC1;-1.2941843677810418;0.3214627905506101;-0.16957679805484424;-0.3851146642402806;0.728183504088674;-0.9731903819644286;-0.6209838283181613;-0.49920768260333204;-0.24710536429033883;-0.030729254193150108;-0.48521256726432327;-0.4361122207682917;-0.15220388682955227;-0.40599897147057507;-0.18749999999999997;0.0
Cc1cnc(-c2ccncc2)n1CCC1CCN(C(=O)COc2ccccc2)CC1;-1.185067697901633;-0.4578490964370195;-0.16957679805484424;-0.3851146642402806;0.728183504088674;-0.9731903819644286;-0.6209838283181613;-0.49920768260333204;-0.24710536429033883;-0.030729254193150108;-0.48521256726432327;-0.4361122207682917;-0.15220388682955227;-0.40599897147057507;-0.18749999999999997;0.0
Cc1cnc(-c2ccncc2)n1CCNC(=O)C1(c2ccccc2)CC1;-1.2048504414160215;1.2578772553587587;-0.16957679805484424;-0.3851146642402806;0.728183504088674;-0.4038847501309328;-0.6209838283181613;-0.49920768260333204;-0.24710536429033883;-0.030729254193150108;-0.48521256726432327;-0.4361122207682917;-0.15220388682955227;-0.40599897147057507;-0.18749999999999997;1.0
Cc1cnc(-c2ccncc2)n1CCNC(=O)C1CC(=O)N(C2CCCCC2)C1;-0.8524813040721054;0.6941398791220772;-0.16957679805484424;1.6258289027286723;1.8575457789263279;-0.9731903819644286;-0.6209838283181613;-0.49920768260333204;-0.24710536429033883;-0.030729254193150108;-0.48521256726432327;-0.4361122207682917;-0.15220388682955227;-0.40599897147057507;-0.18749999999999997;0.0
Cc1cnc(-c2ccncc2)n1CCNC(=O)C1COc2ccccc2O1;-1.2941843677810347;0.019248617405991656;-0.16957679805484424;-0.3851146642402806;0.728183504088674;-0.9731903819644286;-0.6209838283181613;-0.49920768260333204;-0.24710536429033883;-0.030729254193150108;-0.48521256726432327;-0.4361122207682917;-0.15220388682955227;-0.40599897147057507;-0.18749999999999997;1.0
Cc1cnc(-c2ccncc2)n1CCNC(=O)CC1CCCC1;-0.7489436231164645;0.9775524690879003;-0.16957679805484424;-0.3851146642402806;0.728183504088674;-0.9731903819644286;-0.6209838283181613;-0.49920768260333204;-0.24710536429033883;-0.030729254193150108;-0.48521256726432327;-0.4361122207682917;-0.15220388682955227;-0.40599897147057507;-0.18749999999999997;1.0
Cc1cnc(-c2ccncc2)n1CCNC(=O)CCCc1ccccc1;-0.6859521668707549;0.4661157101044614;-0.16957679805484424;-0.3851146642402806;0.728183504088674;-0.4038847501309328;-0.6209838283181613;-0.49920768260333204;-0.24710536429033883;-0.030729254193150108;-0.48521256726432327;-0.4361122207682917;-0.15220388682955227;-0.40599897147057507;-0.18749999999999997;1.0
Cc1cnc(-c2ccncc2)n1CCNC(=O)NCC1CCCO1;-0.7261967083610693;0.5588241329216006;-0.16957679805484424;1.6258289027286723;-0.40117877074897995;-0.9731903819644286;-0.6209838283181613;-0.49920768260333204;-0.24710536429033883;-0.030729254193150108;-0.48521256726432327;-0.4361122207682917;-0.15220388682955227;-0.40599897147057507;-0.18749999999999997;0.0
Cc1cnc(-c2ccncc2)n1CCNC(=O)NCc1ccccc1;-0.7052695467861081;0.46685852768915087;-0.16957679805484424;-0.3851146642402806;-0.40117877074897995;-0.4038847501309328;-0.6209838283181613;-0.49920768260333204;-0.24710536429033883;-0.030729254193150108;-0.48521256726432327;-0.4361122207682917;-0.15220388682955227;-0.40599897147057507;-0.18749999999999997;1.0
Cc1cnc(-c2ccncc2)n1CCNC(=O)Nc1ccccc1F;-0.28018732878725816;1.3051544783637827;-0.16957679805484424;-0.3851146642402806;-0.40117877074897995;-0.9731903819644286;-0.6209838283181613;-0.49920768260333204;-0.24710536429033883;-0.030729254193150108;-0.48521256726432327;-0.4361122207682917;-0.15220388682955227;-0.40599897147057507;-0.18749999999999997;1.0
Cc1cnc(-c2ccncc2)n1CCNC(=O)c1ccnn1C;-0.2868977339872869;1.6885074155453175;-0.16957679805484424;-0.3851146642402806;1.8309910140070214;-0.9731903819644286;-0.6209838283181613;-0.49920768260333204;-0.24710536429033883;-0.030729254193150108;-0.48521256726432327;-0.4361122207682917;-0.15220388682955227;-0.40599897147057507;-0.18749999999999997;1.0
Cc1cnc(-c2cnc(NCCNc3ccc(C#N)cn3)nc2-c2ccc(Cl)cc2Cl)[nH]1;-0.459498605471262;-1.8286433094700607;-0.16957679805484424;-0.3851146642402806;-1.5751643097199564;0.16542088170256303;-0.6209838283181613;-0.49920768260333204;4.046856703705712;-0.030729254193150108;-0.48521256726432327;-0.4361122207682917;-0.15220388682955227;-0.40599897147057507;-0.18749999999999997;1.0
Cc1cnc(-c2nn(C(C)C)c3c2CN(C(=O)c2ccncc2)CC3)o1;-0.5186865138907263;-1.5074015553962918;-0.16957679805484424;-0.3851146642402806;1.8309910140070214;-0.4038847501309328;-0.6209838283181613;-0.49920768260333204;-0.24710536429033883;-0.030729254193150108;-0.48521256726432327;-0.4361122207682917;-0.15220388682955227;-0.40599897147057507;-0.18749999999999997;0.0
Cc1cnc(-c2nn(C(C)C)c3c2CN(C(=O)c2cn(C)nc2C)CC3)o1;0.2801942173998624;-1.2251741472050688;-0.16957679805484424;-0.3851146642402806;1.7598129849543926;-0.4038847501309328;-0.6209838283181613;-0.49920768260333204;-0.24710536429033883;-0.030729254193150108;-0.48521256726432327;-0.4361122207682917;-0.15220388682955227;-0.40599897147057507;-0.18749999999999997;0.0
Cc1cnc(-c2nn(C)c3c2CN(C(=O)Cc2cccc(F)c2)CC3)o1;-0.5186865138907263;-0.2280034091819017;-0.16957679805484424;-0.3851146642402806;0.657005475036045;-0.4038847501309328;1.6103478937742153;0.364022567901614;-0.24710536429033883;-0.030729254193150108;-0.48521256726432327;-0.4361122207682917;-0.15220388682955227;2.463060426921489;-0.18749999999999997;1.0
Cc1cnc(-c2nn(C)c3c2CN(C(=O)NC2CCCCC2)CC3)o1;-0.956395485685722;-0.45869289803877;-0.16957679805484424;-0.3851146642402806;-0.472356799801609;-0.9731903819644286;-0.6209838283181613;-0.49920768260333204;-0.24710536429033883;-0.030729254193150108;-0.48521256726432327;-0.4361122207682917;-0.15220388682955227;-0.40599897147057507;-0.18749999999999997;1.0
Cc1cnc(-c2nn(C)c3c2CN(C(=O)c2ccc(C)c(F)c2)CC3)o1;-0.10995361196876771;-0.8752310796548749;-0.16957679805484424;-0.3851146642402806;0.657005475036045;0.16542088170256303;-0.6209838283181613;-0.49920768260333204;-0.24710536429033883;-0.030729254193150108;-0.48521256726432327;-0.4361122207682917;-0.15220388682955227;-0.40599897147057507;-0.18749999999999997;1.0
Cc1cnc(-c2nn(C)c3c2CN(C(=O)c2ccccc2)CC3)o1;-0.9877862280481674;-0.1345961503641581;-0.16957679805484424;-0.3851146642402806;0.657005475036045;-0.4038847501309328;-0.6209838283181613;-0.49920768260333204;-0.24710536429033883;-0.030729254193150108;-0.48521256726432327;-0.4361122207682917;-0.15220388682955227;-0.40599897147057507;-0.18749999999999997;1.0
Cc1cnc(-c2nn(C)c3c2CN(C(=O)c2ccsc2)CC3)n1CC1CC1;-1.5267083852806727;-0.5010710390206845;-0.16957679805484424;-0.3851146642402806;0.657005475036045;-0.4038847501309328;-0.6209838283181613;-0.49920768260333204;-0.24710536429033883;-0.030729254193150108;-0.48521256726432327;-0.4361122207682917;-0.15220388682955227;-0.40599897147057507;-0.18749999999999997;1.0
Cc1cnc(-c2nn(C)c3c2CN(Cc2cc(F)cc(F)c2)CC3)o1;-0.5313132676868793;-0.1369595447474665;-0.16957679805484424;-0.3851146642402806;0.6818261771323245;-0.4038847501309328;-0.6209838283181613;-0.49920768260333204;-0.24710536429033883;-0.030729254193150108;-0.48521256726432327;-0.4361122207682917;-0.15220388682955227;-0.40599897147057507;-0.18749999999999997;1.0
Cc1cnc(-c2nn(C)c3c2CN(S(=O)(=O)c2ccc(F)cc2F)CC3)o1;0.4066330612622491;-0.010838142373719176;-0.16957679805484424;-0.3851146642402806;-0.472356799801609;-0.9731903819644286;1.6103478937742153;0.364022567901614;-0.24710536429033883;-0.030729254193150108;-0.48521256726432327;-0.4361122207682917;6.5701344481423405;2.463060426921489;-0.18749999999999997;1.0
Cc1cnc(-c2nn(C)c3c2CN(S(=O)(=O)c2ccc4c(c2)CCCC4)CC3)o1;-0.9512502588378233;-0.42865631432736084;-0.16957679805484424;-0.3851146642402806;-0.472356799801609;0.16542088170256303;-0.6209838283181613;-0.49920768260333204;-0.24710536429033883;-0.030729254193150108;-0.48521256726432327;-0.4361122207682917;6.5701344481423405;-0.40599897147057507;-0.18749999999999997;1.0
Cc1cnc(-c2nn(CC(C)C)c3c2CN(Cc2ccc4c(c2)OCCO4)CC3)o1;-1.39433931365131;1.7934285264486491;-0.16957679805484424;-0.3851146642402806;0.6818261771323245;-0.4038847501309328;-0.6209838283181613;-0.49920768260333204;-0.24710536429033883;-0.030729254193150108;-0.48521256726432327;-0.4361122207682917;-0.15220388682955227;-0.40599897147057507;-0.18749999999999997;1.0
Cc1cnc(-c2nn(Cc3ccccc3)c3c2CN(C(=O)C2CCCC2)CC3)o1;-1.801869558293911;-0.31965251861207;-0.16957679805484424;-0.3851146642402806;0.657005475036045;-0.4038847501309328;-0.6209838283181613;-0.49920768260333204;-0.24710536429033883;-0.030729254193150108;-0.48521256726432327;-0.4361122207682917;-0.15220388682955227;-0.40599897147057507;-0.18749999999999997;1.0
Cc1cnc(-c2nn(Cc3ccccc3)c3c2CN(C(=O)CN2CCOCC2)CC3)o1;-1.698717823499917;0.334038674851534;-0.16957679805484424;-0.3851146642402806;1.8111884519699784;-0.4038847501309328;-0.6209838283181613;-0.49920768260333204;-0.24710536429033883;-0.030729254193150108;2.060952389667274;1.050315284101127;-0.15220388682955227;-0.40599897147057507;-0.18749999999999997;0.0
Cc1cnc(-c2nn(Cc3ccccc3)c3c2CN(S(=O)(=O)N(C)C)CC3)o1;0.005322126254391848;-0.23015365940460272;-0.16957679805484424;-0.3851146642402806;-0.472356799801609;-0.4038847501309328;-0.6209838283181613;-0.49920768260333204;-0.24710536429033883;-0.030729254193150108;-0.48521256726432327;-0.4361122207682917;6.5701344481423405;-0.40599897147057507;-0.18749999999999997;1.0
Cc1cnc(=O)[nH]c1N;3.3393341476701472;0.06743189128518064;-0.16957679805484424;-0.3851146642402806;-0.40117877074897995;-0.9731903819644286;-0.6209838283181613;-0.49920768260333204;-0.24710536429033883;-0.030729254193150108;-0.48521256726432327;-0.4361122207682917;-0.15220388682955227;-0.40599897147057507;-0.18749999999999997;0.0
Cc1cnc(C(=O)N2CC(C(=O)NCc3ccncc3)C3(CCC3)C2)cn1;-0.7741508776234364;-1.258772956722499;-0.16957679805484424;1.6258289027286723;3.0315313178973047;-0.9731903819644286;-0.6209838283181613;-0.49920768260333204;-0.24710536429033883;-0.030729254193150108;2.060952389667274;1.050315284101127;-0.15220388682955227;-0.40599897147057507;-0.18749999999999997;0.0
Cc1cnc(C(=O)N2CC(Cc3nc(C4CCN(S(C)(=O)=O)CC4)no3)C2)cn1;-0.0018620046160175495;-0.5388711599450123;-0.16957679805484424;-0.3851146642402806;0.728183504088674;-1.5424960137979244;-0.6209838283181613;-0.49920768260333204;-0.24710536429033883;-0.030729254193150108;-0.48521256726432327;-0.4361122207682917;-0.15220388682955227;-0.40599897147057507;-0.18749999999999997;0.0
Cc1cnc(C(=O)N2CC(F)(F)C[C@H]2COc2ccncc2)cn1;0.3016349451483626;-0.5795173334349328;-0.16957679805484424;1.6258289027286723;1.9021690430596507;-1.5424960137979244;1.6103478937742153;1.22725281840656;-0.24710536429033883;-0.030729254193150108;-0.48521256726432327;-0.4361122207682917;-0.15220388682955227;-0.40599897147057507;-0.18749999999999997;0.0
Cc1cnc(C(=O)N2CC(Oc3ccccc3-c3nc(-c4ccccc4)no3)C2)cn1;-1.698717823499917;-0.8303205298530142;-0.16957679805484424;-0.3851146642402806;0.728183504088674;-0.4038847501309328;-0.6209838283181613;-0.49920768260333204;-0.24710536429033883;-0.030729254193150108;-0.48521256726432327;-0.4361122207682917;-0.15220388682955227;-0.40599897147057507;-0.18749999999999997;0.0
Cc1cnc(C(=O)N2CC(c3n[nH]c(C4CC4)n3)C3(CCC3)C2)cn1;-1.9211319092116435;-1.331409457853326;-0.16957679805484424;1.6258289027286723;1.9291876186935266;-1.5424960137979244;-0.6209838283181613;-0.49920768260333204;-0.24710536429033883;-0.030729254193150108;-0.48521256726432327;-0.4361122207682917;-0.15220388682955227;-0.40599897147057507;-0.18749999999999997;0.0
Cc1cnc(C(=O)N2CC(c3nc(CCOCC4CCCC4)no3)C2)cn1;-1.2941843677810418;0.38836037672649637;-0.16957679805484424;-0.3851146642402806;0.728183504088674;-1.5424960137979244;-0.6209838283181613;-0.49920768260333204;-0.24710536429033883;-0.030729254193150108;2.060952389667274;1.050315284101127;-0.15220388682955227;-0.40599897147057507;-0.18749999999999997;1.0
Cc1cnc(C(=O)N2CCC(Cc3ccc(CCC(=O)N(C)C)cc3)CC2)cn1;0.4633571380797457;-0.8033617368453955;-0.16957679805484424;-0.3851146642402806;1.8575457789263279;-0.4038847501309328;-0.6209838283181613;-0.49920768260333204;-0.24710536429033883;-0.030729254193150108;-0.48521256726432327;-0.4361122207682917;-0.15220388682955227;-0.40599897147057507;-0.18749999999999997;0.0
Cc1cnc(C(=O)N2CCC(Cn3c(C)cnc3C)CC2)cn1;0.17514815514189058;1.2633506510565171;-0.16957679805484424;-0.3851146642402806;0.728183504088674;-1.5424960137979244;-0.6209838283181613;-0.49920768260333204;-0.24710536429033883;-0.030729254193150108;-0.48521256726432327;-0.4361122207682917;-0.15220388682955227;-0.40599897147057507;-0.18749999999999997;1.0
Cc1cnc(C(=O)N2CCC(F)(F)C(COCC3CC3)C2)cn1;0.3235763631542528;0.21444268911888387;-0.16957679805484424;-0.3851146642402806;0.728183504088674;-1.5424960137979244;-0.6209838283181613;-0.49920768260333204;-0.24710536429033883;-0.030729254193150108;2.060952389667274;1.050315284101127;-0.15220388682955227;2.463060426921489;-0.18749999999999997;1.0
Cc1cnc(C(=O)N2CCC(c3nc(C)no3)N(C(=O)C3CCCC3)CC2)cn1;-0.4860311161420673;0.6754252101073539;-0.16957679805484424;-0.3851146642402806;1.8575457789263279;-1.5424960137979244;-0.6209838283181613;-0.49920768260333204;-0.24710536429033883;-0.030729254193150108;-0.48521256726432327;-0.4361122207682917;-0.15220388682955227;-0.40599897147057507;-0.18749999999999997;0.0
Cc1cnc(C(=O)N2CCC(c3nc(C)no3)N(S(C)(=O)=O)CC2)cn1;1.0802813171357304;-0.37055167302456604;-0.16957679805484424;-0.3851146642402806;0.728183504088674;-1.5424960137979244;-0.6209838283181613;-0.49920768260333204;-0.24710536429033883;-0.030729254193150108;-0.48521256726432327;-0.4361122207682917;6.5701344481423405;-0.40599897147057507;-0.18749999999999997;0.0
Cc1cnc(C(=O)N2CCC(c3nc(C4CCOCC4)no3)CC2)cn1;-1.336152317734658;-1.1689596870325552;-0.16957679805484424;-0.3851146642402806;0.728183504088674;-1.5424960137979244;-0.6209838283181613;-0.49920768260333204;-0.24710536429033883;-0.030729254193150108;2.060952389667274;1.050315284101127;-0.15220388682955227;-0.40599897147057507;-0.18749999999999997;0.0
Cc1cnc(C(=O)N2CCC(c3nnc(C4CC4)[nH]3)CC2)cn1;-1.4839524893104412;-0.47661650021291313;-0.16957679805484424;-0.3851146642402806;0.728183504088674;-1.5424960137979244;-0.6209838283181613;-0.49920768260333204;-0.24710536429033883;-0.030729254193150108;-0.48521256726432327;-0.4361122207682917;-0.15220388682955227;-0.40599897147057507;-0.18749999999999997;0.0
Cc1cnc(C(=O)N2CCC(n3c(C)cnc3C3CCC3)C2)cn1;-0.9877862280481674;0.47844906497864403;-0.16957679805484424;1.6258289027286723;0.728183504088674;-1.5424960137979244;-0.6209838283181613;-0.49920768260333204;-0.24710536429033883;-0.030729254193150108;-0.48521256726432327;-0.4361122207682917;-0.15220388682955227;-0.40599897147057507;-0.18749999999999997;0.0
Cc1cnc(C(=O)N2CCC(n3c(C)cnc3C3CCOCC3)C2)cn1;-0.9274194158126922;1.2316513564517146;-0.16957679805484424;1.6258289027286723;0.728183504088674;-1.5424960137979244;-0.6209838283181613;-0.49920768260333204;-0.24710536429033883;-0.030729254193150108;-0.48521256726432327;-0.4361122207682917;-0.15220388682955227;-0.40599897147057507;-0.18749999999999997;0.0
Cc1cnc(C(=O)N2CCC3(CC2)CC(c2noc(C4CCC4)n2)N(C)C3)cn1;-1.317700446767847;-1.6369414383165923;-0.16957679805484424;1.6258289027286723;1.8823664810226073;-1.5424960137979244;-0.6209838283181613;-0.49920768260333204;-0.24710536429033883;-0.030729254193150108;-0.48521256726432327;-0.4361122207682917;-0.15220388682955227;-0.40599897147057507;-0.18749999999999997;0.0
Cc1cnc(C(=O)N2CCC3(CC2)Cn2nnc(COCCOC(C)C)c2CO3)cn1;-0.35764802973577414;0.23102521765835485;-0.16957679805484424;-0.3851146642402806;0.728183504088674;-1.5424960137979244;-0.6209838283181613;-0.49920768260333204;-0.24710536429033883;-0.030729254193150108;2.060952389667274;1.050315284101127;-0.15220388682955227;-0.40599897147057507;-0.18749999999999997;1.0
Cc1cnc(C(=O)N2CCC3C(=O)N(Cc4ccccc4)CC(=O)N3CC2)cn1;-0.48603111614206007;-0.9231693653996029;-0.16957679805484424;-0.3851146642402806;2.986908053763983;-0.9731903819644286;-0.6209838283181613;-0.49920768260333204;-0.24710536429033883;-0.030729254193150108;-0.48521256726432327;-0.4361122207682917;-0.15220388682955227;-0.40599897147057507;-0.18749999999999997;0.0
Cc1cnc(C(=O)N2CCCC(C)(c3noc(COc4ccccc4)n3)C2)cn1;-0.7347623804760937;-0.5671518374654085;-0.16957679805484424;-0.3851146642402806;0.728183504088674;-1.5424960137979244;-0.6209838283181613;-0.49920768260333204;-0.24710536429033883;-0.030729254193150108;-0.48521256726432327;-0.4361122207682917;-0.15220388682955227;-0.40599897147057507;-0.18749999999999997;0.0
Cc1cnc(C(=O)N2CCCC(CC3CC3)(c3noc(-c4cccnc4)n3)C2)cn1;-1.634779535840864;0.022899738589942535;-0.16957679805484424;-0.3851146642402806;1.9021690430596507;-0.9731903819644286;-0.6209838283181613;-0.49920768260333204;-0.24710536429033883;-0.030729254193150108;-0.48521256726432327;-0.4361122207682917;-0.15220388682955227;-0.40599897147057507;-0.18749999999999997;1.0
Cc1cnc(C(=O)N2CCCC(F)(c3nc(-c4cccnc4)no3)C2)cn1;-0.7741508776234364;-0.43174414956389967;-0.16957679805484424;-0.3851146642402806;1.9021690430596507;-0.9731903819644286;1.6103478937742153;0.364022567901614;-0.24710536429033883;-0.030729254193150108;2.060952389667274;1.050315284101127;-0.15220388682955227;-0.40599897147057507;-0.18749999999999997;1.0
Cc1cnc(C(=O)N2CCCC(N(Cc3cccnc3)S(C)(=O)=O)C2)cn1;0.6391570787618942;-0.7000235171021181;-0.16957679805484424;-0.3851146642402806;1.9021690430596507;-0.9731903819644286;-0.6209838283181613;-0.49920768260333204;-0.24710536429033883;-0.030729254193150108;-0.48521256726432327;-0.4361122207682917;6.5701344481423405;-0.40599897147057507;-0.18749999999999997;0.0
Cc1cnc(C(=O)N2CCCC(n3c(C)cnc3-c3ccccc3)C2)cn1;-0.9005897214858158;0.1275233697875219;-0.16957679805484424;-0.3851146642402806;0.728183504088674;-0.9731903819644286;-0.6209838283181613;-0.49920768260333204;-0.24710536429033883;-0.030729254193150108;-0.48521256726432327;-0.4361122207682917;-0.15220388682955227;-0.40599897147057507;-0.18749999999999997;0.0
Cc1cnc(C(=O)N2CCCC2C(=O)NCc2csc(C)n2)cn1;0.15939124580318756;-0.47484669889461917;-0.16957679805484424;1.6258289027286723;1.8575457789263279;-1.5424960137979244;-0.6209838283181613;-0.49920768260333204;-0.24710536429033883;-0.030729254193150108;-0.48521256726432327;-0.4361122207682917;6.5701344481423405;-0.40599897147057507;-0.18749999999999997;0.0
Cc1cnc(C(=O)N2CCCCCC2c2nnc(-c3ccccc3)o2)cn1;-1.2941843677810418;-0.8810066304301433;-0.16957679805484424;-0.3851146642402806;0.728183504088674;-0.9731903819644286;-0.6209838283181613;-0.49920768260333204;-0.24710536429033883;-0.030729254193150108;-0.48521256726432327;-0.4361122207682917;-0.15220388682955227;-0.40599897147057507;-0.18749999999999997;0.0
Cc1cnc(C(=O)N2CCCN(C(=O)C3CC3)C(c3ccccc3)CC(=O)NCC2)cn1;-0.4594986054712692;0.051060055203619656;-0.16957679805484424;-0.3851146642402806;2.986908053763983;-0.9731903819644286;-0.6209838283181613;-0.49920768260333204;-0.24710536429033883;-0.030729254193150108;2.060952389667274;1.050315284101127;-0.15220388682955227;-0.40599897147057507;-0.18749999999999997;0.0
Cc1cnc(C(=O)N2CCN(Cc3ccccc3)C(=O)C2Cc2nc(C)no2)cn1;-0.4765973345702188;-0.7412436423469098;-0.16957679805484424;-0.3851146642402806;1.8575457789263279;-0.9731903819644286;-0.6209838283181613;-0.49920768260333204;-0.24710536429033883;-0.030729254193150108;2.060952389667274;1.050315284101127;-0.15220388682955227;-0.40599897147057507;-0.18749999999999997;0.0
Cc1cnc(C(=O)N2CCOc3ccc(C(=O)NCc4ccccc4)cc3C2)cn1;-0.8308325162359331;-0.05944348855252639;-0.16957679805484424;-0.3851146642402806;1.8575457789263279;0.16542088170256303;-0.6209838283181613;-0.49920768260333204;-0.24710536429033883;-0.030729254193150108;2.060952389667274;1.050315284101127;-0.15220388682955227;-0.40599897147057507;-0.18749999999999997;1.0
Cc1cnc(C(=O)N2CCOc3ccc(CCC(=O)NC4CC4)cc3C2)cn1;-0.8756764338965705;-0.8497876248261633;-0.16957679805484424;-0.3851146642402806;1.8575457789263279;-0.4038847501309328;-0.6209838283181613;-0.49920768260333204;-0.24710536429033883;-0.030729254193150108;-0.48521256726432327;-0.4361122207682917;-0.15220388682955227;-0.40599897147057507;-0.18749999999999997;0.0
Cc1cnc(C(=O)N2CC[C@@H](n3c(=O)n(C)c4cccnc43)C2)cn1;-0.5313132676868793;-0.008796839881291353;-0.16957679805484424;1.6258289027286723;2.8797613726576157;-1.5424960137979244;-0.6209838283181613;-0.49920768260333204;-0.24710536429033883;-0.030729254193150108;-0.48521256726432327;-0.4361122207682917;-0.15220388682955227;-0.40599897147057507;-0.18749999999999997;0.0
Cc1cnc(C(=O)N2CC[C@H](n3c(=O)n(C)c4cccnc43)C2)cn1;-0.5313132676868793;-0.008796839881291353;-0.16957679805484424;1.6258289027286723;2.8797613726576157;-1.5424960137979244;-0.6209838283181613;-0.49920768260333204;-0.24710536429033883;-0.030729254193150108;-0.48521256726432327;-0.4361122207682917;-0.15220388682955227;-0.40599897147057507;-0.18749999999999997;0.0
Cc1cnc(C(=O)N2CCc3c(c(-c4cocn4)nn3CC3CC3)C2)cn1;-1.920303031575906;0.5686531598312954;-0.16957679805484424;-0.3851146642402806;1.8309910140070214;-0.9731903819644286;-0.6209838283181613;-0.49920768260333204;-0.24710536429033883;-0.030729254193150108;-0.48521256726432327;-0.4361122207682917;-0.15220388682955227;-0.40599897147057507;-0.18749999999999997;0.0
Cc1cnc(C(=O)N2CCc3nn(Cc4ccccc4)c(=O)n3CC2)cn1;-0.9005897214858158;-1.4588029466870545;-0.16957679805484424;-0.3851146642402806;1.8039724383731446;-0.9731903819644286;-0.6209838283181613;-0.49920768260333204;-0.24710536429033883;-0.030729254193150108;-0.48521256726432327;-0.4361122207682917;-0.15220388682955227;-0.40599897147057507;-0.18749999999999997;0.0
Cc1cnc(C(=O)N2CCn3c(nnc3C3CCN(S(=O)(=O)C(C)C)CC3)C2)cn1;0.34566798823733397;0.507998431872339;-0.16957679805484424;-0.3851146642402806;0.728183504088674;-1.5424960137979244;-0.6209838283181613;-0.49920768260333204;-0.24710536429033883;-0.030729254193150108;-0.48521256726432327;-0.4361122207682917;-0.15220388682955227;-0.40599897147057507;-0.18749999999999997;0.0
Cc1cnc(C(=O)N2CCn3nc(C(=O)N4CCc5ccccc5C4)cc3C2)cn1;-1.3943393136513027;-0.3052054054220951;-0.16957679805484424;-0.3851146642402806;2.9603532888446753;-0.4038847501309328;-0.6209838283181613;-0.49920768260333204;-0.24710536429033883;-0.030729254193150108;-0.48521256726432327;-0.4361122207682917;-0.15220388682955227;-0.40599897147057507;-0.18749999999999997;0.0
Cc1cnc(C(=O)N2C[C@@H](F)C[C@H]2C(=O)N2CCc3ccccc3C2)cn1;-0.5069950751905897;-0.5006388894539968;-0.16957679805484424;1.6258289027286723;1.8575457789263279;-0.4038847501309328;1.6103478937742153;0.364022567901614;-0.24710536429033883;-0.030729254193150108;-0.48521256726432327;-0.4361122207682917;-0.15220388682955227;-0.40599897147057507;-0.18749999999999997;0.0
Cc1cnc(C(=O)N2C[C@@H](F)C[C@H]2Cn2cc(C(=O)NCc3ccccc3)nn2)cn1;-0.46777218406754634;-0.6652531694065908;-0.16957679805484424;1.6258289027286723;1.8575457789263279;-0.9731903819644286;1.6103478937742153;1.22725281840656;-0.24710536429033883;-0.030729254193150108;-0.48521256726432327;-0.4361122207682917;-0.15220388682955227;-0.40599897147057507;-0.18749999999999997;0.0
Cc1cnc(C(=O)N2[C@@H]3CC[C@H]2CC(NC(=O)c2ccc(F)cc2)C3)cn1;-0.5069950751905897;-0.6969078298444504;-0.16957679805484424;1.6258289027286723;1.8575457789263279;-0.9731903819644286;1.6103478937742153;0.364022567901614;-0.24710536429033883;-0.030729254193150108;-0.48521256726432327;-0.4361122207682917;-0.15220388682955227;2.463060426921489;-0.18749999999999997;0.0
Cc1cnc(C(=O)N2[C@@H]3CC[C@H]2Cc2c(C(N)=O)nc(-c4ccccc4)n2C3)cn1;-1.0401041319856101;-0.1708686738050151;-0.16957679805484424;1.6258289027286723;1.8575457789263279;-0.9731903819644286;-0.6209838283181613;-0.49920768260333204;-0.24710536429033883;-0.030729254193150108;-0.48521256726432327;-0.4361122207682917;-0.15220388682955227;-0.40599897147057507;-0.18749999999999997;0.0
Cc1cnc(C(=O)N2[C@@H]3CC[C@H]2Cc2nnc(CC(C)C)n2C3)cn1;-0.5313132676868793;-0.01892796968243261;-0.16957679805484424;1.6258289027286723;0.728183504088674;-1.5424960137979244;-0.6209838283181613;-0.49920768260333204;-0.24710536429033883;-0.030729254193150108;-0.48521256726432327;-0.4361122207682917;-0.15220388682955227;-0.40599897147057507;-0.18749999999999997;0.0
Cc1cnc(C(=O)N2c3ccccc3CC2c2nc(C(C)C)no2)cn1;-0.5186865138907263;-0.5953672987735407;-0.16957679805484424;1.6258289027286723;1.8823664810226073;-0.9731903819644286;-0.6209838283181613;-0.49920768260333204;-0.24710536429033883;-0.030729254193150108;-0.48521256726432327;-0.4361122207682917;-0.15220388682955227;-0.40599897147057507;-0.18749999999999997;0.0
Cc1cnc(C(=O)N2c3ccccc3CC2c2nc(C3CC3)no2)cn1;-1.986352468598561;-0.4319663614624036;-0.16957679805484424;1.6258289027286723;1.8823664810226073;-0.9731903819644286;-0.6209838283181613;-0.49920768260333204;-0.24710536429033883;-0.030729254193150108;-0.48521256726432327;-0.4361122207682917;-0.15220388682955227;-0.40599897147057507;-0.18749999999999997;0.0
Cc1cnc(C(=O)NC2C[C@H]3CC[C@@H](C2)N3C(=O)C2CC=CC2)cn1;-0.956395485685722;0.8122214869893352;-0.16957679805484424;1.6258289027286723;1.8575457789263279;-1.5424960137979244;-0.6209838283181613;-0.49920768260333204;-0.24710536429033883;-0.030729254193150108;-0.48521256726432327;-0.4361122207682917;-0.15220388682955227;-0.40599897147057507;-0.18749999999999997;0.0
Cc1cnc(C(=O)NC2C[C@H]3CC[C@@H](C2)N3C(=O)c2ccc(C)c(C)c2)cn1;-0.11660104461291448;-1.463618709729558;-0.16957679805484424;1.6258289027286723;1.8575457789263279;0.16542088170256303;-0.6209838283181613;-0.49920768260333204;-0.24710536429033883;-0.030729254193150108;-0.48521256726432327;-0.4361122207682917;-0.15220388682955227;-0.40599897147057507;-0.18749999999999997;0.0
Cc1cnc(C(=O)NC2C[C@H]3CC[C@@H](C2)N3C(=O)c2nn(C)c3ccccc23)cn1;-1.0401041319856101;-2.1811378830507766;-0.16957679805484424;1.6258289027286723;2.9603532888446753;-0.9731903819644286;-0.6209838283181613;-0.49920768260333204;-0.24710536429033883;-0.030729254193150108;-0.48521256726432327;-0.4361122207682917;-0.15220388682955227;-0.40599897147057507;-0.18749999999999997;0.0
Cc1cnc(C(=O)NCC2(N3CCOCC3)CCOC2)cn1;-0.6185834944730655;-0.3826390643494454;-0.16957679805484424;1.6258289027286723;1.8823664810226073;-1.5424960137979244;-0.6209838283181613;-0.49920768260333204;-0.24710536429033883;-0.030729254193150108;2.060952389667274;2.536742788970546;-0.15220388682955227;-0.40599897147057507;-0.18749999999999997;0.0
Cc1cnc(C(=O)NCCN(C2CCOCC2)C2CCN(S(C)(=O)=O)C2)cn1;0.6090794091994318;-0.7305688212228466;-0.16957679805484424;1.6258289027286723;1.8823664810226073;-1.5424960137979244;-0.6209838283181613;-0.49920768260333204;-0.24710536429033883;-0.030729254193150108;-0.48521256726432327;-0.4361122207682917;-0.15220388682955227;-0.40599897147057507;-0.18749999999999997;0.0
Cc1cnc(C(=O)NCCc2ccc(S(=O)(=O)NC(=O)NC3CCCCC3)cc2)cn1;0.5304893693749374;-0.37803505668600695;-0.16957679805484424;-0.3851146642402806;0.728183504088674;-0.9731903819644286;-0.6209838283181613;-0.49920768260333204;-0.24710536429033883;-0.030729254193150108;-0.48521256726432327;-0.4361122207682917;-0.15220388682955227;-0.40599897147057507;-0.18749999999999997;0.0
Cc1cnc(C(=O)N[C@@H]2CCC[C@@H]2C(=O)N2CCN(c3cccc(C)c3C)CC2)cn1;-0.12496394374588009;2.1909615801575857;-0.16957679805484424;-0.3851146642402806;1.8575457789263279;-0.4038847501309328;-0.6209838283181613;-0.49920768260333204;-0.24710536429033883;-0.030729254193150108;2.060952389667274;1.050315284101127;-0.15220388682955227;-0.40599897147057507;-0.18749999999999997;1.0
Cc1cnc(C(=O)N[C@@H]2CCC[C@@H]2C(=O)N2CCOCC2)cn1;-0.2868977339872869;1.0650441584951396;-0.16957679805484424;-0.3851146642402806;1.8575457789263279;-1.5424960137979244;-0.6209838283181613;-0.49920768260333204;-0.24710536429033883;-0.030729254193150108;2.060952389667274;1.050315284101127;-0.15220388682955227;-0.40599897147057507;-0.18749999999999997;1.0
Cc1cnc(C(=O)N[C@@H]2CCC[C@@H]2C(=O)NCCCc2ccccc2)cn1;-0.2744710576909446;0.6073701978758881;-0.16957679805484424;-0.3851146642402806;1.8575457789263279;-0.9731903819644286;-0.6209838283181613;-0.49920768260333204;-0.24710536429033883;-0.030729254193150108;2.060952389667274;1.050315284101127;-0.15220388682955227;-0.40599897147057507;-0.18749999999999997;0.0
Cc1cnc(C(=O)N[C@@H]2CCC[C@@H]2C(=O)NCc2cc(F)ccc2F)cn1;0.5127182348995148;-0.6315799854001054;-0.16957679805484424;-0.3851146642402806;1.8575457789263279;-0.9731903819644286;-0.6209838283181613;-0.49920768260333204;-0.24710536429033883;-0.030729254193150108;2.060952389667274;1.050315284101127;-0.15220388682955227;2.463060426921489;-0.18749999999999997;0.0
Cc1cnc(C(=O)N[C@H]2CCCCC/C=C\[C@@H]3C[C@@]3(C(=O)NS(=O)(=O)C3CC3)NC(=O)[C@@H]3C[C@@H](Oc4nc5ccccc5c5ccccc45)CN3C2=O)cn1;-0.8779147915117074;0.5453712898732122;-0.16957679805484424;1.6258289027286723;5.22856867844731;0.16542088170256303;-0.6209838283181613;-0.49920768260333204;-0.24710536429033883;-0.030729254193150108;-0.48521256726432327;-0.4361122207682917;6.5701344481423405;-0.40599897147057507;-0.18749999999999997;0.0
Cc1cnc(C)c(C)n1;3.3393341476701472;0.06743189128518064;-0.16957679805484424;-0.3851146642402806;0.7728067682219961;-1.5424960137979244;-0.6209838283181613;-0.49920768260333204;-0.24710536429033883;-0.030729254193150108;-0.48521256726432327;-0.4361122207682917;-0.15220388682955227;-0.40599897147057507;-0.18749999999999997;0.0
Cc1cnc(C)cn1;2.45374619350589;0.06743189128518064;-0.16957679805484424;-0.3851146642402806;0.7728067682219961;-1.5424960137979244;-0.6209838283181613;-0.49920768260333204;-0.24710536429033883;-0.030729254193150108;-0.48521256726432327;-0.4361122207682917;-0.15220388682955227;-0.40599897147057507;-0.18749999999999997;0.0
Cc1cnc(C)n1C1CCCN(C(=O)c2ccncc2)C1;-0.2948863116063802;1.4584229391709098;-0.16957679805484424;-0.3851146642402806;0.728183504088674;-0.9731903819644286;-0.6209838283181613;-0.49920768260333204;-0.24710536429033883;-0.030729254193150108;-0.48521256726432327;-0.4361122207682917;-0.15220388682955227;-0.40599897147057507;-0.18749999999999997;1.0
Cc1cnc(C)n1C1CCN(C(=O)CC2CCCCC2)C1;-0.2948863116063802;-0.10656547720614278;-0.16957679805484424;1.6258289027286723;-0.4458020348823024;-1.5424960137979244;-0.6209838283181613;-0.49920768260333204;-0.24710536429033883;-0.030729254193150108;-0.48521256726432327;-0.4361122207682917;-0.15220388682955227;-0.40599897147057507;-0.18749999999999997;1.0
Cc1cnc(C)n1C1CCN(C(=O)c2ccc3ncccc3c2)C1;-0.9877862280481674;0.21830715916651144;-0.16957679805484424;1.6258289027286723;0.728183504088674;-0.4038847501309328;-0.6209838283181613;-0.49920768260333204;-0.24710536429033883;-0.030729254193150108;-0.48521256726432327;-0.4361122207682917;-0.15220388682955227;-0.40599897147057507;-0.18749999999999997;0.0
Cc1cnc(C)n1C1CCN(C(=O)c2cccs2)C1;-0.30455669504000715;1.5614592914489709;-0.16957679805484424;1.6258289027286723;-0.4458020348823024;-1.5424960137979244;-0.6209838283181613;-0.49920768260333204;-0.24710536429033883;-0.030729254193150108;-0.48521256726432327;-0.4361122207682917;-0.15220388682955227;-0.40599897147057507;-0.18749999999999997;0.0
Cc1cnc(C)n1C1CCN(C(=O)c2ccncc2)CC1;-0.2948863116063802;0.35185357633889;-0.16957679805484424;-0.3851146642402806;0.728183504088674;-0.9731903819644286;-0.6209838283181613;-0.49920768260333204;-0.24710536429033883;-0.030729254193150108;-0.48521256726432327;-0.4361122207682917;-0.15220388682955227;-0.40599897147057507;-0.18749999999999997;0.0
Cc1cnc(C)n1CC1CCN(C(=O)Cc2cccnc2)CC1;-0.2868977339872869;2.064758356007237;-0.16957679805484424;-0.3851146642402806;0.728183504088674;-0.9731903819644286;-0.6209838283181613;-0.49920768260333204;-0.24710536429033883;-0.030729254193150108;-0.48521256726432327;-0.4361122207682917;-0.15220388682955227;-0.40599897147057507;-0.18749999999999997;1.0
Cc1cnc(C)n1CC1CCN(C(=O)c2ccc3ccccc3n2)C1;-0.956395485685722;0.16385735407009983;-0.16957679805484424;1.6258289027286723;-0.4458020348823024;-0.9731903819644286;-0.6209838283181613;-0.49920768260333204;-0.24710536429033883;-0.030729254193150108;-0.48521256726432327;-0.4361122207682917;-0.15220388682955227;-0.40599897147057507;-0.18749999999999997;0.0
Cc1cnc(C)n1CC1CCN(C(=O)c2ccco2)CC1;-0.2948863116063802;2.246214483669911;-0.16957679805484424;-0.3851146642402806;-0.4458020348823024;-1.5424960137979244;-0.6209838283181613;-0.49920768260333204;-0.24710536429033883;-0.030729254193150108;-0.48521256726432327;-0.4361122207682917;-0.15220388682955227;-0.40599897147057507;-0.18749999999999997;1.0
Cc1cnc(C)n1CC1CCN(S(=O)(=O)c2ccc(C#N)cc2)C1;0.7444289222304911;-0.5524842329581454;-0.16957679805484424;1.6258289027286723;-1.5751643097199564;-0.9731903819644286;-0.6209838283181613;-0.49920768260333204;-0.24710536429033883;-0.030729254193150108;-0.48521256726432327;-0.4361122207682917;-0.15220388682955227;-0.40599897147057507;-0.18749999999999997;1.0
Cc1cnc(C)n1CC1CCN(S(=O)(=O)c2ccccc2)CC1;0.3235763631542528;2.6588201113372034;-0.16957679805484424;-0.3851146642402806;-1.5751643097199564;-1.5424960137979244;-0.6209838283181613;-0.49920768260333204;-0.24710536429033883;-0.030729254193150108;-0.48521256726432327;-0.4361122207682917;-0.15220388682955227;-0.40599897147057507;-0.18749999999999997;1.0
Cc1cnc(C)n1CCC1CCN(C(=O)C2COc3ccccc3O2)CC1;-0.9005897214858158;-0.8215654455627995;-0.16957679805484424;-0.3851146642402806;-0.4458020348823024;-1.5424960137979244;-0.6209838283181613;-0.49920768260333204;-0.24710536429033883;-0.030729254193150108;-0.48521256726432327;-0.4361122207682917;-0.15220388682955227;-0.40599897147057507;-0.18749999999999997;0.0
Cc1cnc(C)n1CCC1CCN(C(=O)c2ccco2)CC1;-0.29071046421457947;0.01908204071689097;-0.16957679805484424;-0.3851146642402806;-0.4458020348823024;-1.5424960137979244;-0.6209838283181613;-0.49920768260333204;-0.24710536429033883;-0.030729254193150108;-0.48521256726432327;-0.4361122207682917;-0.15220388682955227;-0.40599897147057507;-0.18749999999999997;1.0
Cc1cnc(C)n1CCNC(=O)C1COc2ccccc2O1;-0.29071046421457947;-0.823002102735329;-0.16957679805484424;-0.3851146642402806;-0.4458020348823024;-1.5424960137979244;-0.6209838283181613;-0.49920768260333204;-0.24710536429033883;-0.030729254193150108;-0.48521256726432327;-0.4361122207682917;-0.15220388682955227;-0.40599897147057507;-0.18749999999999997;0.0
Cc1cnc(C)n1CCNC(=O)CCc1nc(-c2ccccc2)no1;-0.2801873287872654;-0.5794312991961704;-0.16957679805484424;-0.3851146642402806;-0.4458020348823024;-0.9731903819644286;-0.6209838283181613;-0.49920768260333204;-0.24710536429033883;-0.030729254193150108;-0.48521256726432327;-0.4361122207682917;-0.15220388682955227;-0.40599897147057507;-0.18749999999999997;1.0
Cc1cnc(C)n1CCNC(=O)CCc1nc2ccccc2s1;-0.2868977339872869;-1.0066392270741205;-0.16957679805484424;-0.3851146642402806;-0.4458020348823024;-1.5424960137979244;-0.6209838283181613;-0.49920768260333204;-0.24710536429033883;-0.030729254193150108;-0.48521256726432327;-0.4361122207682917;-0.15220388682955227;-0.40599897147057507;-0.18749999999999997;0.0
Cc1cnc(C)n1CCNC(=O)COCc1ccccc1;0.5101233989870257;-0.56112176039447;-0.16957679805484424;-0.3851146642402806;-0.4458020348823024;-0.9731903819644286;-0.6209838283181613;-0.49920768260333204;-0.24710536429033883;-0.030729254193150108;-0.48521256726432327;-0.4361122207682917;-0.15220388682955227;-0.40599897147057507;-0.18749999999999997;0.0
Cc1cnc(C)n1CCNC(=O)NCc1ccc(F)cc1;1.0161736585094583;0.018204872794539067;-0.16957679805484424;-0.3851146642402806;-1.5751643097199564;-0.9731903819644286;1.6103478937742153;0.364022567901614;-0.24710536429033883;-0.030729254193150108;-0.48521256726432327;-0.4361122207682917;-0.15220388682955227;-0.40599897147057507;-0.18749999999999997;1.0
Cc1cnc(C2CC2)n1C1CCCN(C(=O)NCCc2ccccc2)C1;-1.336152317734658;0.2775492076979847;-0.16957679805484424;-0.3851146642402806;-1.5751643097199564;-0.9731903819644286;-0.6209838283181613;-0.49920768260333204;-0.24710536429033883;-0.030729254193150108;-0.48521256726432327;-0.4361122207682917;-0.15220388682955227;-0.40599897147057507;-0.18749999999999997;0.0
Cc1cnc(C2CC2)n1C1CCCN(C(=O)c2ccc3[nH]ccc3c2)C1;-1.986352468598561;0.2896625446564533;-0.16957679805484424;-0.3851146642402806;-0.4458020348823024;-0.4038847501309328;-0.6209838283181613;-0.49920768260333204;-0.24710536429033883;-0.030729254193150108;-0.48521256726432327;-0.4361122207682917;-0.15220388682955227;-0.40599897147057507;-0.18749999999999997;1.0
Cc1cnc(C2CC2)n1C1CCCN(C(=O)c2ccncc2)C1;-1.4839524893104412;0.9621612450198945;-0.16957679805484424;-0.3851146642402806;0.728183504088674;-0.9731903819644286;-0.6209838283181613;-0.49920768260333204;-0.24710536429033883;-0.030729254193150108;-0.48521256726432327;-0.4361122207682917;-0.15220388682955227;-0.40599897147057507;-0.18749999999999997;1.0
Cc1cnc(C2CC2)n1C1CCCN(S(=O)(=O)Cc2ccccc2)C1;-0.8198415343143514;-0.593952445014178;-0.16957679805484424;-0.3851146642402806;-1.5751643097199564;-0.9731903819644286;-0.6209838283181613;-0.49920768260333204;-0.24710536429033883;-0.030729254193150108;-0.48521256726432327;-0.4361122207682917;-0.15220388682955227;-0.40599897147057507;-0.18749999999999997;1.0
Cc1cnc(C2CC2)n1C1CCCN(S(=O)(=O)c2cccc(F)c2)C1;-0.39475931631550865;0.4542555972520408;-0.16957679805484424;-0.3851146642402806;-1.5751643097199564;-1.5424960137979244;-0.6209838283181613;-0.49920768260333204;-0.24710536429033883;-0.030729254193150108;-0.48521256726432327;-0.4361122207682917;-0.15220388682955227;-0.40599897147057507;-0.18749999999999997;1.0
Cc1cnc(C2CC2)n1C1CCN(C(=O)CCc2c[nH]c3ccccc23)C1;-1.9203030315758987;-0.5690387181234218;-0.16957679805484424;1.6258289027286723;-0.4458020348823024;-0.4038847501309328;-0.6209838283181613;-0.49920768260333204;-0.24710536429033883;-0.030729254193150108;-0.48521256726432327;-0.4361122207682917;-0.15220388682955227;-0.40599897147057507;-0.18749999999999997;1.0
Cc1cnc(C2CC2)n1C1CCN(C(=O)CCc2nc3ccccc3s2)C1;-1.9203030315758987;-0.7127296476505754;-0.16957679805484424;1.6258289027286723;-0.4458020348823024;-1.5424960137979244;-0.6209838283181613;-0.49920768260333204;-0.24710536429033883;-0.030729254193150108;-0.48521256726432327;-0.4361122207682917;-0.15220388682955227;-0.40599897147057507;-0.18749999999999997;0.0
Cc1cnc(C2CC2)n1C1CCN(C(=O)Cn2c(=O)oc3ccccc32)C1;-1.5267083852806727;-0.3227717680202579;-0.16957679805484424;1.6258289027286723;0.6299868994021683;-1.5424960137979244;-0.6209838283181613;-0.49920768260333204;-0.24710536429033883;-0.030729254193150108;-0.48521256726432327;-0.4361122207682917;-0.15220388682955227;-0.40599897147057507;-0.18749999999999997;0.0
Cc1cnc(C2CC2)n1C1CCN(C(=O)NCCc2ccccc2)C1;-1.3814777036845647;0.3036692793466832;-0.16957679805484424;1.6258289027286723;-1.5751643097199564;-0.9731903819644286;-0.6209838283181613;-0.49920768260333204;-0.24710536429033883;-0.030729254193150108;-0.48521256726432327;-0.4361122207682917;-0.15220388682955227;-0.40599897147057507;-0.18749999999999997;0.0
Cc1cnc(C2CC2)n1C1CCN(C(=O)c2ccncc2)CC1;-1.4839524893104412;1.671039762516654;-0.16957679805484424;-0.3851146642402806;0.728183504088674;-0.9731903819644286;-0.6209838283181613;-0.49920768260333204;-0.24710536429033883;-0.030729254193150108;-0.48521256726432327;-0.4361122207682917;-0.15220388682955227;-0.40599897147057507;-0.18749999999999997;1.0
Cc1cnc(C2CC2)n1C1CCN(C(=O)c2ccnn2C)C1;-1.0591288243264656;1.3708158839382572;-0.16957679805484424;1.6258289027286723;0.657005475036045;-1.5424960137979244;-0.6209838283181613;-0.49920768260333204;-0.24710536429033883;-0.030729254193150108;-0.48521256726432327;-0.4361122207682917;-0.15220388682955227;-0.40599897147057507;-0.18749999999999997;0.0
Cc1cnc(C2CC2)n1C1CCN(C(=O)c2nn(C)c3ccccc23)C1;-1.577619566676588;0.5426478482708068;-0.16957679805484424;1.6258289027286723;0.657005475036045;-0.9731903819644286;-0.6209838283181613;-0.49920768260333204;-0.24710536429033883;-0.030729254193150108;-0.48521256726432327;-0.4361122207682917;-0.15220388682955227;-0.40599897147057507;-0.18749999999999997;0.0
Cc1cnc(C2CC2)n1C1CCN(S(=O)(=O)Cc2ccccc2)CC1;-0.8198415343143514;-0.016873048176752944;-0.16957679805484424;-0.3851146642402806;-1.5751643097199564;-0.9731903819644286;-0.6209838283181613;-0.49920768260333204;-0.24710536429033883;-0.030729254193150108;-0.48521256726432327;-0.4361122207682917;-0.15220388682955227;-0.40599897147057507;-0.18749999999999997;1.0
Cc1cnc(C2CC2)n1C1CCN(S(=O)(=O)c2ccc(C#N)cc2)C1;-0.39475931631550865;0.23213033597375018;-0.16957679805484424;1.6258289027286723;-1.5751643097199564;-0.9731903819644286;-0.6209838283181613;-0.49920768260333204;-0.24710536429033883;-0.030729254193150108;-0.48521256726432327;-0.4361122207682917;-0.15220388682955227;-0.40599897147057507;-0.18749999999999997;1.0
Cc1cnc(C2CC2)n1C1CCN(S(=O)(=O)c2ccc(C#N)cc2)CC1;-0.3873846375721043;0.7845724685964388;-0.16957679805484424;-0.3851146642402806;-1.5751643097199564;-0.9731903819644286;-0.6209838283181613;-0.49920768260333204;-0.24710536429033883;-0.030729254193150108;-0.48521256726432327;-0.4361122207682917;-0.15220388682955227;-0.40599897147057507;-0.18749999999999997;1.0
Cc1cnc(C2CC2)n1C1CCN(S(=O)(=O)c2cccc(F)c2)C1;-0.4027485516208639;0.5508677258283119;-0.16957679805484424;1.6258289027286723;-1.5751643097199564;-1.5424960137979244;-0.6209838283181613;-0.49920768260333204;-0.24710536429033883;-0.030729254193150108;-0.48521256726432327;-0.4361122207682917;-0.15220388682955227;-0.40599897147057507;-0.18749999999999997;1.0
Cc1cnc(C2CC2)n1C1CCN(S(C)(=O)=O)CC1;0.4344382646576493;-0.03794943254700402;-0.16957679805484424;-0.3851146642402806;-1.5751643097199564;-1.5424960137979244;-0.6209838283181613;-0.49920768260333204;-0.24710536429033883;-0.030729254193150108;-0.48521256726432327;-0.4361122207682917;-0.15220388682955227;-0.40599897147057507;-0.18749999999999997;1.0
Cc1cnc(C2CC2)n1CC1CCCN(C(=O)c2ccnn2C)C1;-0.9877862280481674;0.08713459020648369;-0.16957679805484424;-0.3851146642402806;0.657005475036045;-1.5424960137979244;-0.6209838283181613;-0.49920768260333204;-0.24710536429033883;-0.030729254193150108;-0.48521256726432327;-0.4361122207682917;-0.15220388682955227;-0.40599897147057507;-0.18749999999999997;1.0
Cc1cnc(C2CC2)n1CC1CCN(C(=O)Cc2c[nH]c3ccccc23)CC1;-1.858971411483442;1.1860896835781427;-0.16957679805484424;-0.3851146642402806;-0.4458020348823024;-0.4038847501309328;-0.6209838283181613;-0.49920768260333204;-0.24710536429033883;-0.030729254193150108;-0.48521256726432327;-0.4361122207682917;-0.15220388682955227;-0.40599897147057507;-0.18749999999999997;1.0
Cc1cnc(C2CC2)n1CC1CCN(C(=O)Cc2ccccc2)CC1;-1.3814777036845647;1.2558439737711768;-0.16957679805484424;-0.3851146642402806;-0.4458020348823024;-0.9731903819644286;-0.6209838283181613;-0.49920768260333204;-0.24710536429033883;-0.030729254193150108;-0.48521256726432327;-0.4361122207682917;-0.15220388682955227;-0.40599897147057507;-0.18749999999999997;0.0
Cc1cnc(C2CC2)n1CC1CCN(C(=O)Cc2cccnc2)C1;-1.4305802051302958;0.42035618221327453;-0.16957679805484424;1.6258289027286723;0.728183504088674;-0.9731903819644286;-0.6209838283181613;-0.49920768260333204;-0.24710536429033883;-0.030729254193150108;-0.48521256726432327;-0.4361122207682917;-0.15220388682955227;-0.40599897147057507;-0.18749999999999997;0.0
Cc1cnc(C2CC2)n1CC1CCN(C(=O)c2ccc3cc[nH]c3c2)CC1;-1.920303031575906;0.6806585502366193;-0.16957679805484424;-0.3851146642402806;-0.4458020348823024;-0.4038847501309328;-0.6209838283181613;-0.49920768260333204;-0.24710536429033883;-0.030729254193150108;-0.48521256726432327;-0.4361122207682917;-0.15220388682955227;-0.40599897147057507;-0.18749999999999997;1.0
Cc1cnc(C2CC2)n1CC1CCN(C(=O)c2ccc3ccccc3n2)C1;-1.9203030315758987;0.7163303547769118;-0.16957679805484424;1.6258289027286723;-0.4458020348823024;-0.9731903819644286;-0.6209838283181613;-0.49920768260333204;-0.24710536429033883;-0.030729254193150108;-0.48521256726432327;-0.4361122207682917;-0.15220388682955227;-0.40599897147057507;-0.18749999999999997;1.0
Cc1cnc(C2CC2)n1CC1CCN(C(=O)c2cccnc2)CC1;-1.4305802051302958;1.065348205898585;-0.16957679805484424;-0.3851146642402806;0.728183504088674;-0.9731903819644286;-0.6209838283181613;-0.49920768260333204;-0.24710536429033883;-0.030729254193150108;-0.48521256726432327;-0.4361122207682917;-0.15220388682955227;-0.40599897147057507;-0.18749999999999997;0.0
Cc1cnc(C2CC2)n1CC1CCN(C(=O)c2ccncc2)C1;-1.4839524893104412;1.5090517840013855;-0.16957679805484424;1.6258289027286723;0.728183504088674;-0.9731903819644286;-0.6209838283181613;-0.49920768260333204;-0.24710536429033883;-0.030729254193150108;-0.48521256726432327;-0.4361122207682917;-0.15220388682955227;-0.40599897147057507;-0.18749999999999997;0.0
Cc1cnc(C2CC2)n1CC1CCN(C(=O)c2cnn(C)c2)CC1;-0.9877862280481674;0.8639820042355469;-0.16957679805484424;-0.3851146642402806;0.657005475036045;-0.9731903819644286;-0.6209838283181613;-0.49920768260333204;-0.24710536429033883;-0.030729254193150108;-0.48521256726432327;-0.4361122207682917;-0.15220388682955227;-0.40599897147057507;-0.18749999999999997;1.0
Cc1cnc(C2CC2)n1CCC1CCN(C(=O)C2COc3ccccc3O2)CC1;-1.801869558293904;-1.5284830077993972;-0.16957679805484424;-0.3851146642402806;-0.4458020348823024;-1.5424960137979244;-0.6209838283181613;-0.49920768260333204;-0.24710536429033883;-0.030729254193150108;-0.48521256726432327;-0.4361122207682917;-0.15220388682955227;-0.40599897147057507;-0.18749999999999997;1.0
Cc1cnc(C2CC2)n1CCNC(=O)C(C)Oc1ccccc1;-0.2868977339872869;-0.5574546119411831;-0.16957679805484424;-0.3851146642402806;-0.4458020348823024;-1.5424960137979244;-0.6209838283181613;-0.49920768260333204;-0.24710536429033883;-0.030729254193150108;-0.48521256726432327;-0.4361122207682917;-0.15220388682955227;-0.40599897147057507;-0.18749999999999997;0.0
Cc1cnc(C2CC2)n1CCNC(=O)NCc1ccc(F)cc1;-0.2868977339872869;-0.23605819300367467;-0.16957679805484424;-0.3851146642402806;-1.5751643097199564;-0.9731903819644286;1.6103478937742153;0.364022567901614;-0.24710536429033883;-0.030729254193150108;-0.48521256726432327;-0.4361122207682917;-0.15220388682955227;-0.40599897147057507;-0.18749999999999997;1.0
Cc1cnc(C2CC2)n1CCNC(=O)Nc1ccccc1F;-0.29071046421457947;0.5282689326342331;-0.16957679805484424;-0.3851146642402806;-1.5751643097199564;-1.5424960137979244;-0.6209838283181613;-0.49920768260333204;-0.24710536429033883;-0.030729254193150108;-0.48521256726432327;-0.4361122207682917;-0.15220388682955227;-0.40599897147057507;-0.18749999999999997;1.0
Cc1cnc(C2CC2)n1CCNC(=O)c1cn(C)cn1;-0.2994797437373544;0.3433655447673653;-0.16957679805484424;-0.3851146642402806;-0.4458020348823024;-1.5424960137979244;-0.6209838283181613;-0.49920768260333204;-0.24710536429033883;-0.030729254193150108;-0.48521256726432327;-0.4361122207682917;-0.15220388682955227;-0.40599897147057507;-0.18749999999999997;0.0
Cc1cnc(C2CC2)n1CCNC(=O)c1nn(C)c2ccccc12;-0.9877862280481674;0.39567879862914457;-0.16957679805484424;-0.3851146642402806;0.657005475036045;-0.9731903819644286;-0.6209838283181613;-0.49920768260333204;-0.24710536429033883;-0.030729254193150108;-0.48521256726432327;-0.4361122207682917;-0.15220388682955227;-0.40599897147057507;-0.18749999999999997;0.0
Cc1cnc(C2CC2)n1CCNS(=O)(=O)c1cccc2nsnc12;-0.8455425287029779;-0.5136595542173631;-0.16957679805484424;-0.3851146642402806;-1.5751643097199564;-1.5424960137979244;-0.6209838283181613;-0.49920768260333204;-0.24710536429033883;-0.030729254193150108;-0.48521256726432327;-0.4361122207682917;-0.15220388682955227;-0.40599897147057507;-0.18749999999999997;1.0
Cc1cnc(C2CCC2)n1C1CCCN(C(=O)Cc2cccnc2)C1;-1.3814777036845647;0.6259822288251203;-0.16957679805484424;-0.3851146642402806;0.728183504088674;-0.9731903819644286;-0.6209838283181613;-0.49920768260333204;-0.24710536429033883;-0.030729254193150108;-0.48521256726432327;-0.4361122207682917;-0.15220388682955227;-0.40599897147057507;-0.18749999999999997;1.0
Cc1cnc(C2CCC2)n1C1CCCN(C(=O)c2cccc(C#N)c2)C1;-0.9274194158126922;1.5139395847019073;-0.16957679805484424;-0.3851146642402806;-0.4458020348823024;-0.4038847501309328;-0.6209838283181613;-0.49920768260333204;-0.24710536429033883;-0.030729254193150108;-0.48521256726432327;-0.4361122207682917;-0.15220388682955227;-0.40599897147057507;-0.18749999999999997;1.0
Cc1cnc(C2CCC2)n1C1CCCN(C(=O)c2ccncc2)C1;-1.4305802051302958;1.653376922317668;-0.16957679805484424;-0.3851146642402806;0.728183504088674;-0.9731903819644286;-0.6209838283181613;-0.49920768260333204;-0.24710536429033883;-0.030729254193150108;-0.48521256726432327;-0.4361122207682917;-0.15220388682955227;-0.40599897147057507;-0.18749999999999997;1.0
Cc1cnc(C2CCC2)n1C1CCCN(C(=O)c2ccnn2C)C1;-0.9877862280481674;1.4333655649446133;-0.16957679805484424;-0.3851146642402806;0.657005475036045;-1.5424960137979244;-0.6209838283181613;-0.49920768260333204;-0.24710536429033883;-0.030729254193150108;-0.48521256726432327;-0.4361122207682917;-0.15220388682955227;-0.40599897147057507;-0.18749999999999997;1.0
Cc1cnc(C2CCC2)n1C1CCN(C(=O)Cc2c[nH]c3ccccc23)C1;-1.9203030315758987;0.6656703733193347;-0.16957679805484424;1.6258289027286723;-0.4458020348823024;-0.4038847501309328;-0.6209838283181613;-0.49920768260333204;-0.24710536429033883;-0.030729254193150108;-0.48521256726432327;-0.4361122207682917;-0.15220388682955227;-0.40599897147057507;-0.18749999999999997;1.0
Cc1cnc(C2CCC2)n1C1CCN(C(=O)NC(C)C)CC1;0.19233751078410677;1.1891996245399004;-0.16957679805484424;-0.3851146642402806;-1.5751643097199564;-1.5424960137979244;-0.6209838283181613;-0.49920768260333204;-0.24710536429033883;-0.030729254193150108;-0.48521256726432327;-0.4361122207682917;-0.15220388682955227;-0.40599897147057507;-0.18749999999999997;1.0
Cc1cnc(C2CCC2)n1C1CCN(C(=O)c2cccc3[nH]ccc23)C1;-1.9863524685985539;2.08412280284796;-0.16957679805484424;1.6258289027286723;-0.4458020348823024;-0.4038847501309328;-0.6209838283181613;-0.49920768260333204;-0.24710536429033883;-0.030729254193150108;-0.48521256726432327;-0.4361122207682917;-0.15220388682955227;-0.40599897147057507;-0.18749999999999997;1.0
Cc1cnc(C2CCC2)n1C1CCN(C(=O)c2ccncc2)CC1;-1.4305802051302958;1.853434174674299;-0.16957679805484424;-0.3851146642402806;0.728183504088674;-0.9731903819644286;-0.6209838283181613;-0.49920768260333204;-0.24710536429033883;-0.030729254193150108;-0.48521256726432327;-0.4361122207682917;-0.15220388682955227;-0.40599897147057507;-0.18749999999999997;1.0
Cc1cnc(C2CCC2)n1C1CCN(C(=O)c2ccnn2C)CC1;-0.9877862280481674;1.7369565029667697;-0.16957679805484424;-0.3851146642402806;0.657005475036045;-1.5424960137979244;-0.6209838283181613;-0.49920768260333204;-0.24710536429033883;-0.030729254193150108;-0.48521256726432327;-0.4361122207682917;-0.15220388682955227;-0.40599897147057507;-0.18749999999999997;1.0
Cc1cnc(C2CCC2)n1CC1CCCN(C(=O)c2ccsc2)C1;-1.4305802051302958;0.027800919964652008;-0.16957679805484424;-0.3851146642402806;-0.4458020348823024;-0.9731903819644286;-0.6209838283181613;-0.49920768260333204;-0.24710536429033883;-0.030729254193150108;-0.48521256726432327;-0.4361122207682917;-0.15220388682955227;-0.40599897147057507;-0.18749999999999997;1.0
Cc1cnc(C2CCC2)n1CC1CCN(C(=O)C(C)C)C1;0.21116394791605234;1.4768365614195398;-0.16957679805484424;1.6258289027286723;-0.4458020348823024;-1.5424960137979244;-0.6209838283181613;-0.49920768260333204;-0.24710536429033883;-0.030729254193150108;-0.48521256726432327;-0.4361122207682917;-0.15220388682955227;-0.40599897147057507;-0.18749999999999997;0.0
Cc1cnc(C2CCC2)n1CC1CCN(C(=O)Cc2cccnc2)C1;-1.3814777036845647;0.3420670593028903;-0.16957679805484424;1.6258289027286723;0.728183504088674;-0.9731903819644286;-0.6209838283181613;-0.49920768260333204;-0.24710536429033883;-0.030729254193150108;-0.48521256726432327;-0.4361122207682917;-0.15220388682955227;-0.40599897147057507;-0.18749999999999997;0.0
Cc1cnc(C2CCC2)n1CC1CCN(C(=O)c2ccc(C#N)cc2)CC1;-0.9005897214858158;1.2476015807353988;-0.16957679805484424;-0.3851146642402806;-0.4458020348823024;-0.4038847501309328;-0.6209838283181613;-0.49920768260333204;-0.24710536429033883;-0.030729254193150108;-0.48521256726432327;-0.4361122207682917;-0.15220388682955227;-0.40599897147057507;-0.18749999999999997;0.0
Cc1cnc(C2CCC2)n1CC1CCN(C(=O)c2ccccn2)C1;-1.4305802051302958;1.0584973481004203;-0.16957679805484424;1.6258289027286723;0.728183504088674;-1.5424960137979244;-0.6209838283181613;-0.49920768260333204;-0.24710536429033883;-0.030729254193150108;-0.48521256726432327;-0.4361122207682917;-0.15220388682955227;-0.40599897147057507;-0.18749999999999997;0.0
Cc1cnc(C2CCC2)n1CC1CCN(C(=O)c2ccncc2)C1;-1.4305802051302958;1.4239383670031114;-0.16957679805484424;1.6258289027286723;0.728183504088674;-0.9731903819644286;-0.6209838283181613;-0.49920768260333204;-0.24710536429033883;-0.030729254193150108;-0.48521256726432327;-0.4361122207682917;-0.15220388682955227;-0.40599897147057507;-0.18749999999999997;0.0
Cc1cnc(C2CCC2)n1CC1CCN(S(=O)(=O)c2cccc(F)c2)C1;-0.38738463757208985;0.9549590007110379;-0.16957679805484424;1.6258289027286723;-1.5751643097199564;-1.5424960137979244;-0.6209838283181613;-0.49920768260333204;-0.24710536429033883;-0.030729254193150108;-0.48521256726432327;-0.4361122207682917;-0.15220388682955227;-0.40599897147057507;-0.18749999999999997;1.0
Cc1cnc(C2CCC2)n1CC1CCN(S(=O)(=O)c2ccccc2)C1;-0.8198415343143514;0.9410681846069058;-0.16957679805484424;1.6258289027286723;-1.5751643097199564;-1.5424960137979244;-0.6209838283181613;-0.49920768260333204;-0.24710536429033883;-0.030729254193150108;-0.48521256726432327;-0.4361122207682917;-0.15220388682955227;-0.40599897147057507;-0.18749999999999997;1.0
Cc1cnc(C2CCC2)n1CCC1CCN(C(=O)c2ccncc2)CC1;-1.336152317734658;-0.18852325277511048;-0.16957679805484424;-0.3851146642402806;0.728183504088674;-0.9731903819644286;-0.6209838283181613;-0.49920768260333204;-0.24710536429033883;-0.030729254193150108;-0.48521256726432327;-0.4361122207682917;-0.15220388682955227;-0.40599897147057507;-0.18749999999999997;1.0
Cc1cnc(C2CCC2)n1CCNC(=O)C1COc2ccccc2O1;-1.3814777036845647;-0.1252371677027766;-0.16957679805484424;-0.3851146642402806;-0.4458020348823024;-1.5424960137979244;-0.6209838283181613;-0.49920768260333204;-0.24710536429033883;-0.030729254193150108;-0.48521256726432327;-0.4361122207682917;-0.15220388682955227;-0.40599897147057507;-0.18749999999999997;1.0
Cc1cnc(C2CCC2)n1CCNC(=O)Nc1ccc2c(c1)OCCO2;-1.336152317734658;1.073978701258384;-0.16957679805484424;-0.3851146642402806;-1.5751643097199564;-1.5424960137979244;-0.6209838283181613;-0.49920768260333204;-0.24710536429033883;-0.030729254193150108;2.060952389667274;1.050315284101127;-0.15220388682955227;-0.40599897147057507;-0.18749999999999997;1.0
Cc1cnc(C2CCC2)n1CCNS(=O)(=O)c1ccccc1F;0.32357636315426;0.9609746622834526;-0.16957679805484424;-0.3851146642402806;-1.5751643097199564;-1.5424960137979244;-0.6209838283181613;-0.49920768260333204;-0.24710536429033883;-0.030729254193150108;-0.48521256726432327;-0.4361122207682917;-0.15220388682955227;-0.40599897147057507;-0.18749999999999997;1.0
Cc1cnc(C2CCCN2C(=O)C2CCCC2)n1Cc1cccnc1;-1.3814777036845647;0.33145699137589896;-0.16957679805484424;1.6258289027286723;0.728183504088674;-0.9731903819644286;-0.6209838283181613;-0.49920768260333204;-0.24710536429033883;-0.030729254193150108;-0.48521256726432327;-0.4361122207682917;-0.15220388682955227;-0.40599897147057507;-0.18749999999999997;0.0
Cc1cnc(C2CCCN2C(=O)CCC2CCCC2)n1Cc1ccncc1;-1.2941843677810418;-0.6117458328291524;-0.16957679805484424;1.6258289027286723;0.728183504088674;-0.9731903819644286;-0.6209838283181613;-0.49920768260333204;-0.24710536429033883;-0.030729254193150108;-0.48521256726432327;-0.4361122207682917;-0.15220388682955227;-0.40599897147057507;-0.18749999999999997;0.0
Cc1cnc(C2CCCN2C(=O)CCCc2ccccc2)n1Cc1cccnc1;-1.2189314920021435;0.13579522537077787;-0.16957679805484424;1.6258289027286723;0.728183504088674;-0.4038847501309328;-0.6209838283181613;-0.49920768260333204;-0.24710536429033883;-0.030729254193150108;-0.48521256726432327;-0.4361122207682917;-0.15220388682955227;-0.40599897147057507;-0.18749999999999997;0.0
Cc1cnc(C2CCCN2C(=O)Cc2ccccc2Cl)n1Cc1cccnc1;-0.8756764338965705;-0.580150736333416;-0.16957679805484424;1.6258289027286723;0.728183504088674;-0.4038847501309328;-0.6209838283181613;-0.49920768260333204;-0.24710536429033883;-0.030729254193150108;-0.48521256726432327;-0.4361122207682917;-0.15220388682955227;-0.40599897147057507;-0.18749999999999997;0.0
Cc1cnc(C2CCCN2C(=O)c2cc(C3CC3)[nH]n2)n1Cc1ccncc1;-1.8589714114834492;0.12994967480403607;-0.16957679805484424;1.6258289027286723;1.9291876186935266;-0.9731903819644286;-0.6209838283181613;-0.49920768260333204;-0.24710536429033883;-0.030729254193150108;-0.48521256726432327;-0.4361122207682917;-0.15220388682955227;-0.40599897147057507;-0.18749999999999997;0.0
Cc1cnc(C2CCCN2C(=O)c2ccncc2)n1Cc1ccc(F)cc1;-0.9005897214858086;0.7920935223675738;-0.16957679805484424;1.6258289027286723;0.728183504088674;-0.4038847501309328;1.6103478937742153;0.364022567901614;-0.24710536429033883;-0.030729254193150108;-0.48521256726432327;-0.4361122207682917;-0.15220388682955227;-0.40599897147057507;-0.18749999999999997;0.0
Cc1cnc(C2CCCN2Cc2ccc3c(c2)OCCO3)n1Cc1ccncc1;-2.168319746223949;1.0906897991486415;-0.16957679805484424;1.6258289027286723;0.7530042061849531;-0.4038847501309328;-0.6209838283181613;-0.49920768260333204;-0.24710536429033883;-0.030729254193150108;-0.48521256726432327;-0.4361122207682917;-0.15220388682955227;-0.40599897147057507;-0.18749999999999997;0.0
Cc1cnc(C2CCCN2Cc2cccn2C)n1Cc1ccncc1;-1.3814777036845647;2.56466760117662;-0.16957679805484424;1.6258289027286723;0.7530042061849531;-0.9731903819644286;-0.6209838283181613;-0.49920768260333204;-0.24710536429033883;-0.030729254193150108;-0.48521256726432327;-0.4361122207682917;-0.15220388682955227;-0.40599897147057507;-0.18749999999999997;0.0
Cc1cnc(C2CCCN2S(=O)(=O)Cc2ccccc2)n1Cc1ccncc1;-0.7537532630292714;1.3538381257009715;-0.16957679805484424;1.6258289027286723;-0.40117877074897995;-0.4038847501309328;-0.6209838283181613;-0.49920768260333204;-0.24710536429033883;-0.030729254193150108;-0.48521256726432327;-0.4361122207682917;-0.15220388682955227;-0.40599897147057507;-0.18749999999999997;0.0
Cc1cnc(C2CCCN2S(=O)(=O)c2ccc(Cl)s2)n1Cc1ccncc1;-0.3805562313282103;0.9172310439880835;-0.16957679805484424;1.6258289027286723;-0.40117877074897995;-0.9731903819644286;-0.6209838283181613;-0.49920768260333204;-0.24710536429033883;-0.030729254193150108;-0.48521256726432327;-0.4361122207682917;-0.15220388682955227;-0.40599897147057507;-0.18749999999999997;0.0
Cc1cnc(C2CCCN2S(=O)(=O)c2ccc(F)c(F)c2)n1Cc1ccc(F)cc1;0.34566798823733397;0.6433817501385961;-0.16957679805484424;1.6258289027286723;-1.5751643097199564;-0.9731903819644286;1.6103478937742153;1.22725281840656;-0.24710536429033883;-0.030729254193150108;-0.48521256726432327;-0.4361122207682917;-0.15220388682955227;2.463060426921489;-0.18749999999999997;0.0
Cc1cnc(C2CCCN2S(=O)(=O)c2cccc(F)c2)n1Cc1ccncc1;-0.374215568387447;1.2910399069143632;-0.16957679805484424;1.6258289027286723;-0.40117877074897995;-0.9731903819644286;-0.6209838283181613;-0.49920768260333204;-0.24710536429033883;-0.030729254193150108;-0.48521256726432327;-0.4361122207682917;-0.15220388682955227;-0.40599897147057507;-0.18749999999999997;0.0
Cc1cnc(C2CCCN2S(=O)(=O)c2cn(C)cn2)n1Cc1ccc(F)cc1;0.005322126254384615;0.1615823037703798;-0.16957679805484424;1.6258289027286723;-1.5751643097199564;-0.9731903819644286;1.6103478937742153;0.364022567901614;-0.24710536429033883;-0.030729254193150108;-0.48521256726432327;-0.4361122207682917;-0.15220388682955227;-0.40599897147057507;-0.18749999999999997;1.0
Cc1cnc(C2CCCN2S(C)(=O)=O)n1Cc1cccnc1;0.34751245552430693;-0.15046262409546468;-0.16957679805484424;1.6258289027286723;-0.40117877074897995;-0.9731903819644286;-0.6209838283181613;-0.49920768260333204;-0.24710536429033883;-0.030729254193150108;-0.48521256726432327;-0.4361122207682917;-0.15220388682955227;-0.40599897147057507;-0.18749999999999997;0.0
Cc1cnc(C2CCCO2)n1C1CCN(S(=O)(=O)c2ccc3c(c2)CCC3)CC1;-1.3177004467678541;-0.6284691948096831;-0.16957679805484424;1.6258289027286723;-1.5751643097199564;-0.4038847501309328;-0.6209838283181613;-0.49920768260333204;-0.24710536429033883;-0.030729254193150108;-0.48521256726432327;-0.4361122207682917;-0.15220388682955227;-0.40599897147057507;-0.18749999999999997;1.0
Cc1cnc(C2CCN(C(=O)C3CCCC3)CC2)n1CCO;-0.29071046421457947;1.7379364087981406;-0.16957679805484424;-0.3851146642402806;-0.4458020348823024;-1.5424960137979244;-0.6209838283181613;-0.49920768260333204;-0.24710536429033883;-0.030729254193150108;-0.48521256726432327;-0.4361122207682917;-0.15220388682955227;-0.40599897147057507;-0.18749999999999997;1.0
Cc1cnc(C2CCN(C(=O)CCCc3ccccc3)CC2)n1CCO;-0.2772192649487818;1.5289436677670407;-0.16957679805484424;-0.3851146642402806;-0.4458020348823024;-0.9731903819644286;-0.6209838283181613;-0.49920768260333204;-0.24710536429033883;-0.030729254193150108;-0.48521256726432327;-0.4361122207682917;-0.15220388682955227;-0.40599897147057507;-0.18749999999999997;1.0
Cc1cnc(C2CCN(C(=O)Cc3cccc(F)c3)CC2)n1CCO;0.1448948892115773;1.3497162227150972;-0.16957679805484424;-0.3851146642402806;-0.4458020348823024;-0.9731903819644286;1.6103478937742153;0.364022567901614;-0.24710536429033883;-0.030729254193150108;-0.48521256726432327;-0.4361122207682917;-0.15220388682955227;2.463060426921489;-0.18749999999999997;1.0
Cc1cnc(C2CCN(C(=O)Cc3cccs3)CC2)n1CCO;-0.2868977339872869;1.7253140411520205;-0.16957679805484424;-0.3851146642402806;-0.4458020348823024;-1.5424960137979244;-0.6209838283181613;-0.49920768260333204;-0.24710536429033883;-0.030729254193150108;-0.48521256726432327;-0.4361122207682917;-0.15220388682955227;-0.40599897147057507;-0.18749999999999997;1.0
Cc1cnc(C2CCN(C(=O)NC(C)C)C2)n1Cc1ccc(F)cc1;0.56997710721042;0.35898018192049974;-0.16957679805484424;1.6258289027286723;-1.5751643097199564;-0.9731903819644286;1.6103478937742153;0.364022567901614;-0.24710536429033883;-0.030729254193150108;-0.48521256726432327;-0.4361122207682917;-0.15220388682955227;-0.40599897147057507;-0.18749999999999997;0.0
Cc1cnc(C2CCN(C(=O)NC3CCCCC3)C2)n1Cc1ccc(F)cc1;-0.8756764338965632;-0.17924571653952184;-0.16957679805484424;1.6258289027286723;-1.5751643097199564;-0.9731903819644286;1.6103478937742153;0.364022567901614;-0.24710536429033883;-0.030729254193150108;-0.48521256726432327;-0.4361122207682917;-0.15220388682955227;-0.40599897147057507;-0.18749999999999997;1.0
Cc1cnc(C2CCN(C(=O)c3ccco3)CC2)n1[C@H](C)CO;0.17514815514189058;2.5415414724230785;-0.16957679805484424;-0.3851146642402806;-0.4458020348823024;-1.5424960137979244;-0.6209838283181613;-0.49920768260333204;-0.24710536429033883;-0.030729254193150108;-0.48521256726432327;-0.4361122207682917;-0.15220388682955227;-0.40599897147057507;-0.18749999999999997;1.0
Cc1cnc(C2CCN(C(=O)c3cccs3)CC2)n1CCO;-0.29071046421457947;2.1047674103983076;-0.16957679805484424;-0.3851146642402806;-0.4458020348823024;-1.5424960137979244;-0.6209838283181613;-0.49920768260333204;-0.24710536429033883;-0.030729254193150108;-0.48521256726432327;-0.4361122207682917;-0.15220388682955227;-0.40599897147057507;-0.18749999999999997;1.0
Cc1cnc(C2CCN(Cc3ccncc3)CC2)n1[C@H](C)CO;-0.2868977339872869;2.21356718152442;-0.16957679805484424;-0.3851146642402806;0.7530042061849531;-0.9731903819644286;-0.6209838283181613;-0.49920768260333204;-0.24710536429033883;-0.030729254193150108;-0.48521256726432327;-0.4361122207682917;-0.15220388682955227;-0.40599897147057507;-0.18749999999999997;1.0
Cc1cnc(C2CCN(Cc3cnn(C(C)C)c3)CC2)n1CCO;0.15939124580318756;-0.11601461652254483;-0.16957679805484424;-0.3851146642402806;0.6818261771323245;-0.9731903819644286;-0.6209838283181613;-0.49920768260333204;-0.24710536429033883;-0.030729254193150108;-0.48521256726432327;-0.4361122207682917;-0.15220388682955227;-0.40599897147057507;-0.18749999999999997;1.0
Cc1cnc(C2CCN(S(=O)(=O)Cc3ccccc3F)C2)n1Cc1ccccc1;-0.3683121925460484;-0.3317182823068363;-0.16957679805484424;1.6258289027286723;-1.5751643097199564;-0.4038847501309328;-0.6209838283181613;-0.49920768260333204;-0.24710536429033883;-0.030729254193150108;-0.48521256726432327;-0.4361122207682917;-0.15220388682955227;-0.40599897147057507;-0.18749999999999997;1.0
Cc1cnc(C2CCN(S(=O)(=O)c3ccc4c(c3)OCCO4)C2)n1C(C)C;0.013038414967037453;-0.42674623348485147;-0.16957679805484424;1.6258289027286723;-1.5751643097199564;-1.5424960137979244;-0.6209838283181613;-0.49920768260333204;-0.24710536429033883;-0.030729254193150108;2.060952389667274;2.536742788970546;-0.15220388682955227;-0.40599897147057507;-0.18749999999999997;1.0
Cc1cnc(C2CCN(S(=O)(=O)c3cccc(F)c3)C2)n1Cc1ccc(F)cc1;-0.0018620046160103172;0.7126150258184226;-0.16957679805484424;1.6258289027286723;-1.5751643097199564;-0.9731903819644286;1.6103478937742153;0.364022567901614;-0.24710536429033883;-0.030729254193150108;-0.48521256726432327;-0.4361122207682917;-0.15220388682955227;-0.40599897147057507;-0.18749999999999997;1.0
Cc1cnc(C2CCN(S(=O)(=O)c3cccc(F)c3)C2)n1Cc1ccccc1;-0.374215568387447;0.7744564881347921;-0.16957679805484424;1.6258289027286723;-1.5751643097199564;-0.9731903819644286;-0.6209838283181613;-0.49920768260333204;-0.24710536429033883;-0.030729254193150108;-0.48521256726432327;-0.4361122207682917;-0.15220388682955227;-0.40599897147057507;-0.18749999999999997;1.0
Cc1cnc(C2CCN(S(C)(=O)=O)C2)n1Cc1ccccc1;0.34751245552430693;-0.8439762497619765;-0.16957679805484424;1.6258289027286723;-1.5751643097199564;-0.9731903819644286;-0.6209838283181613;-0.49920768260333204;-0.24710536429033883;-0.030729254193150108;-0.48521256726432327;-0.4361122207682917;-0.15220388682955227;-0.40599897147057507;-0.18749999999999997;0.0
Cc1cnc(C2CCOCC2)n1C1CCCN(C(=O)COc2ccc(F)cc2)C1;-0.8524813040720981;0.6610929435369256;-0.16957679805484424;-0.3851146642402806;-0.4458020348823024;-1.5424960137979244;-0.6209838283181613;-0.49920768260333204;-0.24710536429033883;-0.030729254193150108;-0.48521256726432327;-0.4361122207682917;-0.15220388682955227;-0.40599897147057507;-0.18749999999999997;0.0
Cc1cnc(C2CCOCC2)n1C1CCN(C(=O)CCc2nc3ccccc3[nH]2)C1;-1.74857449531701;1.6366456788990056;-0.16957679805484424;1.6258289027286723;-0.4458020348823024;-1.5424960137979244;-0.6209838283181613;-0.49920768260333204;-0.24710536429033883;-0.030729254193150108;-0.48521256726432327;-0.4361122207682917;-0.15220388682955227;-0.40599897147057507;-0.18749999999999997;0.0
Cc1cnc(C2CCOCC2)n1C1CCN(C(=O)COc2ccc(F)cc2)C1;-0.8756764338965632;0.4900270021125064;-0.16957679805484424;1.6258289027286723;-0.4458020348823024;-1.5424960137979244;-0.6209838283181613;-0.49920768260333204;-0.24710536429033883;-0.030729254193150108;-0.48521256726432327;-0.4361122207682917;-0.15220388682955227;-0.40599897147057507;-0.18749999999999997;0.0
Cc1cnc(C2CCOCC2)n1C1CCN(C(=O)COc2ccc(F)cc2)CC1;-0.8524813040720981;0.3939014297177457;-0.16957679805484424;-0.3851146642402806;-0.4458020348823024;-1.5424960137979244;-0.6209838283181613;-0.49920768260333204;-0.24710536429033883;-0.030729254193150108;-0.48521256726432327;-0.4361122207682917;-0.15220388682955227;-0.40599897147057507;-0.18749999999999997;0.0
Cc1cnc(C2CCOCC2)n1C1CCN(C(=O)N(C)C)CC1;0.17514815514189058;1.3777340652317518;-0.16957679805484424;-0.3851146642402806;-1.5751643097199564;-1.5424960137979244;-0.6209838283181613;-0.49920768260333204;-0.24710536429033883;-0.030729254193150108;-0.48521256726432327;-0.4361122207682917;-0.15220388682955227;-0.40599897147057507;-0.18749999999999997;1.0
Cc1cnc(C2CCOCC2)n1C1CCN(C(=O)c2ccoc2)C1;-1.4305802051302958;2.047367059841523;-0.16957679805484424;1.6258289027286723;-0.4458020348823024;-0.9731903819644286;-0.6209838283181613;-0.49920768260333204;-0.24710536429033883;-0.030729254193150108;-0.48521256726432327;-0.4361122207682917;-0.15220388682955227;-0.40599897147057507;-0.18749999999999997;0.0
Cc1cnc(C2CCOCC2)n1C1CCN(C(=O)c2nccc3ccccc23)C1;-1.801869558293904;2.3651807215199803;-0.16957679805484424;1.6258289027286723;0.728183504088674;-0.4038847501309328;-0.6209838283181613;-0.49920768260333204;-0.24710536429033883;-0.030729254193150108;-0.48521256726432327;-0.4361122207682917;-0.15220388682955227;-0.40599897147057507;-0.18749999999999997;0.0
Cc1cnc(C2CCOCC2)n1C1CCN(S(=O)(=O)c2ccc(C#N)cc2)CC1;-0.3683121925460484;1.587439736841676;-0.16957679805484424;-0.3851146642402806;-1.5751643097199564;-0.9731903819644286;-0.6209838283181613;-0.49920768260333204;-0.24710536429033883;-0.030729254193150108;-0.48521256726432327;-0.4361122207682917;-0.15220388682955227;-0.40599897147057507;-0.18749999999999997;1.0
Cc1cnc(C2CCOCC2)n1C1CCN(S(=O)(=O)c2ccc3c(c2)CCC3)CC1;-1.2805443541751642;0.5037189491424693;-0.16957679805484424;-0.3851146642402806;-1.5751643097199564;-0.4038847501309328;-0.6209838283181613;-0.49920768260333204;-0.24710536429033883;-0.030729254193150108;-0.48521256726432327;-0.4361122207682917;-0.15220388682955227;-0.40599897147057507;-0.18749999999999997;1.0
Cc1cnc(C2CCOCC2)n1C1CCN(S(=O)(=O)c2cccs2)CC1;-0.7961175394940629;2.408583262120601;-0.16957679805484424;-0.3851146642402806;-1.5751643097199564;-1.5424960137979244;-0.6209838283181613;-0.49920768260333204;-0.24710536429033883;-0.030729254193150108;-0.48521256726432327;-0.4361122207682917;-0.15220388682955227;-0.40599897147057507;-0.18749999999999997;1.0
Cc1cnc(C2CCOCC2)n1CC1CCCN(C(=O)C2CCOCC2)C1;-1.2941843677810418;0.3587168912928891;-0.16957679805484424;-0.3851146642402806;-0.4458020348823024;-1.5424960137979244;-0.6209838283181613;-0.49920768260333204;-0.24710536429033883;-0.030729254193150108;-0.48521256726432327;-0.4361122207682917;-0.15220388682955227;-0.40599897147057507;-0.18749999999999997;0.0
Cc1cnc(C2CCOCC2)n1CC1CCCN(S(=O)(=O)Cc2ccccc2)C1;-0.7347623804760937;-1.119547284952672;-0.16957679805484424;-0.3851146642402806;-1.5751643097199564;-0.9731903819644286;-0.6209838283181613;-0.49920768260333204;-0.24710536429033883;-0.030729254193150108;-0.48521256726432327;-0.4361122207682917;-0.15220388682955227;-0.40599897147057507;-0.18749999999999997;1.0
Cc1cnc(C2CCOCC2)n1CC1CCCN(S(=O)(=O)c2cccs2)C1;-0.7741508776234364;0.39702102787077;-0.16957679805484424;-0.3851146642402806;-1.5751643097199564;-1.5424960137979244;-0.6209838283181613;-0.49920768260333204;-0.24710536429033883;-0.030729254193150108;-0.48521256726432327;-0.4361122207682917;-0.15220388682955227;-0.40599897147057507;-0.18749999999999997;1.0
Cc1cnc(C2CCOCC2)n1CC1CCN(C(=O)c2ccc3cc[nH]c3c2)CC1;-1.74857449531701;0.7294701735611033;-0.16957679805484424;-0.3851146642402806;-0.4458020348823024;-0.4038847501309328;-0.6209838283181613;-0.49920768260333204;-0.24710536429033883;-0.030729254193150108;-0.48521256726432327;-0.4361122207682917;-0.15220388682955227;-0.40599897147057507;-0.18749999999999997;1.0
Cc1cnc(C2CCOCC2)n1CC1CCN(C(=O)c2ccccn2)CC1;-1.2941843677810418;1.3978716853085462;-0.16957679805484424;-0.3851146642402806;0.728183504088674;-1.5424960137979244;-0.6209838283181613;-0.49920768260333204;-0.24710536429033883;-0.030729254193150108;-0.48521256726432327;-0.4361122207682917;-0.15220388682955227;-0.40599897147057507;-0.18749999999999997;1.0
Cc1cnc(C2CCOCC2)n1CC1CCN(C(=O)c2ccco2)CC1;-1.336152317734658;1.5140045744842918;-0.16957679805484424;-0.3851146642402806;-0.4458020348823024;-1.5424960137979244;-0.6209838283181613;-0.49920768260333204;-0.24710536429033883;-0.030729254193150108;-0.48521256726432327;-0.4361122207682917;-0.15220388682955227;-0.40599897147057507;-0.18749999999999997;1.0
Cc1cnc(C2CCOCC2)n1CC1CN(C(=O)c2cccc(C#N)c2)C1;-0.9005897214858086;1.3728382083013897;-0.16957679805484424;-0.3851146642402806;-0.4458020348823024;-0.4038847501309328;-0.6209838283181613;-0.49920768260333204;-0.24710536429033883;-0.030729254193150108;-0.48521256726432327;-0.4361122207682917;-0.15220388682955227;-0.40599897147057507;-0.18749999999999997;0.0
Cc1cnc(C2CCOCC2)n1CC1CN(C(=O)c2nccc3ccccc23)C1;-1.801869558293904;0.7718948025552124;-0.16957679805484424;-0.3851146642402806;0.728183504088674;-0.4038847501309328;-0.6209838283181613;-0.49920768260333204;-0.24710536429033883;-0.030729254193150108;-0.48521256726432327;-0.4361122207682917;-0.15220388682955227;-0.40599897147057507;-0.18749999999999997;1.0
Cc1cnc(C2CCOCC2)n1CCNC(=O)C(C)c1ccccc1;-0.2801873287872654;1.4937992405722798;-0.16957679805484424;-0.3851146642402806;-0.4458020348823024;-0.9731903819644286;-0.6209838283181613;-0.49920768260333204;-0.24710536429033883;-0.030729254193150108;-0.48521256726432327;-0.4361122207682917;-0.15220388682955227;-0.40599897147057507;-0.18749999999999997;1.0
Cc1cnc(C2CCOCC2)n1CCNC(=O)CC1CCCC1;-0.7489436231164645;1.3387920360224623;-0.16957679805484424;-0.3851146642402806;-0.4458020348823024;-1.5424960137979244;-0.6209838283181613;-0.49920768260333204;-0.24710536429033883;-0.030729254193150108;-0.48521256726432327;-0.4361122207682917;-0.15220388682955227;-0.40599897147057507;-0.18749999999999997;0.0
Cc1cnc(C2CCOCC2)n1CCNC(=O)CCCc1c[nH]c2ccccc12;-1.218931492002129;1.0524880372594836;-0.16957679805484424;-0.3851146642402806;-0.4458020348823024;-0.4038847501309328;-0.6209838283181613;-0.49920768260333204;-0.24710536429033883;-0.030729254193150108;-0.48521256726432327;-0.4361122207682917;-0.15220388682955227;-0.40599897147057507;-0.18749999999999997;0.0
Cc1cnc(C2CCOCC2)n1CCNC(=O)CCc1ccccc1;-0.7052695467861081;0.6705999561066339;-0.16957679805484424;-0.3851146642402806;-0.4458020348823024;-0.9731903819644286;-0.6209838283181613;-0.49920768260333204;-0.24710536429033883;-0.030729254193150108;-0.48521256726432327;-0.4361122207682917;-0.15220388682955227;-0.40599897147057507;-0.18749999999999997;0.0
Cc1cnc(C2CCOCC2)n1CCNC(=O)COCc1ccccc1;-0.6859521668707549;0.8065300075358954;-0.16957679805484424;-0.3851146642402806;-0.4458020348823024;-0.9731903819644286;-0.6209838283181613;-0.49920768260333204;-0.24710536429033883;-0.030729254193150108;-0.48521256726432327;-0.4361122207682917;-0.15220388682955227;-0.40599897147057507;-0.18749999999999997;0.0
Cc1cnc(C2CCOCC2)n1CCNC(=O)COc1ccc(F)cc1;-0.2772192649487818;0.4889982451757545;-0.16957679805484424;-0.3851146642402806;-0.4458020348823024;-1.5424960137979244;-0.6209838283181613;-0.49920768260333204;-0.24710536429033883;-0.030729254193150108;-0.48521256726432327;-0.4361122207682917;-0.15220388682955227;-0.40599897147057507;-0.18749999999999997;1.0
Cc1cnc(C2CCOCC2)n1CCNC(=O)Cc1cccc(F)c1;-0.28018732878725816;1.4186793898997405;-0.16957679805484424;-0.3851146642402806;-0.4458020348823024;-0.9731903819644286;1.6103478937742153;0.364022567901614;-0.24710536429033883;-0.030729254193150108;-0.48521256726432327;-0.4361122207682917;-0.15220388682955227;2.463060426921489;-0.18749999999999997;1.0
Cc1cnc(C2CCOCC2)n1CCNC(=O)Cn1c(=O)oc2ccccc21;-0.8756764338965705;1.0533925103679607;-0.16957679805484424;-0.3851146642402806;0.6299868994021683;-1.5424960137979244;-0.6209838283181613;-0.49920768260333204;-0.24710536429033883;-0.030729254193150108;-0.48521256726432327;-0.4361122207682917;-0.15220388682955227;-0.40599897147057507;-0.18749999999999997;0.0
Cc1cnc(C2CCOCC2)n1CCNC(=O)c1ccc(C#N)cc1;-0.2801873287872654;2.10130093694677;-0.16957679805484424;-0.3851146642402806;-0.4458020348823024;-0.4038847501309328;-0.6209838283181613;-0.49920768260333204;-0.24710536429033883;-0.030729254193150108;-0.48521256726432327;-0.4361122207682917;-0.15220388682955227;-0.40599897147057507;-0.18749999999999997;1.0
Cc1cnc(C2CCOCC2)n1CCNC(=O)c1ccc2ncccc2c1;-1.2941843677810347;1.9371411001324705;-0.16957679805484424;-0.3851146642402806;0.728183504088674;-0.4038847501309328;-0.6209838283181613;-0.49920768260333204;-0.24710536429033883;-0.030729254193150108;-0.48521256726432327;-0.4361122207682917;-0.15220388682955227;-0.40599897147057507;-0.18749999999999997;1.0
Cc1cnc(C2CCOCC2)n1CCNC(=O)c1n[nH]c2ccccc12;-1.3361523177346508;1.9810734344483962;-0.16957679805484424;-0.3851146642402806;0.7552020797225507;-0.9731903819644286;-0.6209838283181613;-0.49920768260333204;-0.24710536429033883;-0.030729254193150108;-0.48521256726432327;-0.4361122207682917;-0.15220388682955227;-0.40599897147057507;-0.18749999999999997;1.0
Cc1cnc(C2CCOCC2)n1CCNC(=O)c1nccc2ccccc12;-1.2941843677810347;2.1495833307215837;-0.16957679805484424;-0.3851146642402806;0.728183504088674;-0.4038847501309328;-0.6209838283181613;-0.49920768260333204;-0.24710536429033883;-0.030729254193150108;-0.48521256726432327;-0.4361122207682917;-0.15220388682955227;-0.40599897147057507;-0.18749999999999997;1.0
Cc1cnc(C2CN(C(=O)C3(C)CCCCC3)C2)n1Cc1ccncc1;-0.7961175394940629;1.2866713633351239;-0.16957679805484424;-0.3851146642402806;0.728183504088674;-0.9731903819644286;-0.6209838283181613;-0.49920768260333204;-0.24710536429033883;-0.030729254193150108;-0.48521256726432327;-0.4361122207682917;-0.15220388682955227;-0.40599897147057507;-0.18749999999999997;0.0
Cc1cnc(C2CN(C(=O)NC(C)(C)C)C2)n1Cc1cccnc1;0.7444289222304911;-0.18722702717456505;-0.16957679805484424;-0.3851146642402806;-0.40117877074897995;-0.9731903819644286;-0.6209838283181613;-0.49920768260333204;-0.24710536429033883;-0.030729254193150108;-0.48521256726432327;-0.4361122207682917;-0.15220388682955227;-0.40599897147057507;-0.18749999999999997;0.0
Cc1cnc(C2CN(C(=O)NCc3ccc(F)cc3)C2)n1Cc1ccccc1;-0.8756764338965705;-0.1599887423673288;-0.16957679805484424;-0.3851146642402806;-1.5751643097199564;-0.4038847501309328;1.6103478937742153;0.364022567901614;-0.24710536429033883;-0.030729254193150108;-0.48521256726432327;-0.4361122207682917;-0.15220388682955227;-0.40599897147057507;-0.18749999999999997;1.0
Cc1cnc(C2CN(C(=O)c3ccco3)C2)n1Cc1ccccc1;-1.4305802051302958;-0.056702169080690805;-0.16957679805484424;-0.3851146642402806;-0.4458020348823024;-0.9731903819644286;-0.6209838283181613;-0.49920768260333204;-0.24710536429033883;-0.030729254193150108;-0.48521256726432327;-0.4361122207682917;-0.15220388682955227;-0.40599897147057507;-0.18749999999999997;1.0
Cc1cnc(C2CN(C(=O)c3ccncc3)C2)n1Cc1cccnc1;-1.3814777036845647;0.5347654352778731;-0.16957679805484424;-0.3851146642402806;1.9021690430596507;-0.4038847501309328;-0.6209838283181613;-0.49920768260333204;-0.24710536429033883;-0.030729254193150108;-0.48521256726432327;-0.4361122207682917;-0.15220388682955227;-0.40599897147057507;-0.18749999999999997;1.0
Cc1cnc(C2CN(C)CC23CN(C(=O)COc2ccccc2)C3)o1;-0.8198415343143514;1.2575727082469481;-0.16957679805484424;1.6258289027286723;-0.4458020348823024;-1.5424960137979244;-0.6209838283181613;-0.49920768260333204;-0.24710536429033883;-0.030729254193150108;-0.48521256726432327;-0.4361122207682917;-0.15220388682955227;-0.40599897147057507;-0.18749999999999997;0.0
Cc1cnc(C2CN(C)CC23CN(C(=O)N2CCOCC2)C3)o1;-0.8734783921689014;-0.21507227895247757;-0.16957679805484424;1.6258289027286723;-1.5751643097199564;-1.5424960137979244;-0.6209838283181613;-0.49920768260333204;-0.24710536429033883;-0.030729254193150108;-0.48521256726432327;-0.4361122207682917;-0.15220388682955227;-0.40599897147057507;-0.18749999999999997;1.0
Cc1cnc(C2CN(C)CC23CN(C(=O)NCC(C)C)C3)o1;0.8305604305229932;1.4886900781099897;-0.16957679805484424;1.6258289027286723;-1.5751643097199564;-1.5424960137979244;-0.6209838283181613;-0.49920768260333204;-0.24710536429033883;-0.030729254193150108;-0.48521256726432327;-0.4361122207682917;-0.15220388682955227;-0.40599897147057507;-0.18749999999999997;0.0
Cc1cnc(C2CN(C)CC23CN(C(=O)NCc2ccccc2)C3)n1Cc1ccccc1;-1.2131989363509006;0.4452640401115512;-0.16957679805484424;1.6258289027286723;-1.5751643097199564;-0.4038847501309328;-0.6209838283181613;-0.49920768260333204;-0.24710536429033883;-0.030729254193150108;-0.48521256726432327;-0.4361122207682917;-0.15220388682955227;-0.40599897147057507;-0.18749999999999997;0.0
Cc1cnc(C2CN(C)CC23CN(C(=O)c2cccnc2)C3)o1;-0.8734783921689014;0.8949448000212283;-0.16957679805484424;1.6258289027286723;0.728183504088674;-0.9731903819644286;-0.6209838283181613;-0.49920768260333204;-0.24710536429033883;-0.030729254193150108;-0.48521256726432327;-0.4361122207682917;-0.15220388682955227;-0.40599897147057507;-0.18749999999999997;0.0
Cc1cnc(C2CN(C)CC23CN(C(=O)c2ccco2)C3)o1;-0.9039538795862654;0.4470283864264856;-0.16957679805484424;1.6258289027286723;-0.4458020348823024;-1.5424960137979244;-0.6209838283181613;-0.49920768260333204;-0.24710536429033883;-0.030729254193150108;-0.48521256726432327;-0.4361122207682917;-0.15220388682955227;-0.40599897147057507;-0.18749999999999997;0.0
Cc1cnc(C2CN(C)CC23CN(C(=O)c2cccs2)C3)o1;-0.9039538795862654;0.14404587430057048;-0.16957679805484424;1.6258289027286723;-0.4458020348823024;-1.5424960137979244;-0.6209838283181613;-0.49920768260333204;-0.24710536429033883;-0.030729254193150108;-0.48521256726432327;-0.4361122207682917;-0.15220388682955227;-0.40599897147057507;-0.18749999999999997;0.0
Cc1cnc(C2CN(Cc3ccccc3)CC23CN(C(=O)c2c(C)noc2C)C3)o1;-0.9263091725094499;0.21256328850033993;-0.16957679805484424;1.6258289027286723;0.708380942051631;-0.4038847501309328;-0.6209838283181613;-0.49920768260333204;-0.24710536429033883;-0.030729254193150108;-0.48521256726432327;-0.4361122207682917;-0.15220388682955227;-0.40599897147057507;-0.18749999999999997;0.0
Cc1cnc(C2CN(Cc3ccccc3)CC23CN(C(=O)c2sc(C)nc2C)C3)o1;-0.9263091725094499;1.2431746683138698;-0.16957679805484424;1.6258289027286723;0.708380942051631;-0.9731903819644286;-0.6209838283181613;-0.49920768260333204;-0.24710536429033883;-0.030729254193150108;-0.48521256726432327;-0.4361122207682917;-0.15220388682955227;-0.40599897147057507;-0.18749999999999997;0.0
Cc1cnc(C2CN(Cc3ccccc3)CC23CN(Cc2c(C)noc2C)C3)o1;-1.317700446767847;0.052952893655348006;-0.16957679805484424;1.6258289027286723;0.7332016441479101;-0.4038847501309328;-0.6209838283181613;-0.49920768260333204;-0.24710536429033883;-0.030729254193150108;-0.48521256726432327;-0.4361122207682917;-0.15220388682955227;-0.40599897147057507;-0.18749999999999997;0.0
Cc1cnc(C2CN(S(=O)(=O)c3cccc(F)c3)C2)n1CC1CC1;-0.4027485516208639;1.46319752741369;-0.16957679805484424;-0.3851146642402806;-1.5751643097199564;-1.5424960137979244;-0.6209838283181613;-0.49920768260333204;-0.24710536429033883;-0.030729254193150108;-0.48521256726432327;-0.4361122207682917;-0.15220388682955227;-0.40599897147057507;-0.18749999999999997;1.0
Cc1cnc(C2CN(S(=O)(=O)c3cccc(F)c3)C2)n1Cc1ccccc1;-0.3805562313282103;0.5582186301261572;-0.16957679805484424;-0.3851146642402806;-1.5751643097199564;-0.9731903819644286;-0.6209838283181613;-0.49920768260333204;-0.24710536429033883;-0.030729254193150108;-0.48521256726432327;-0.4361122207682917;-0.15220388682955227;-0.40599897147057507;-0.18749999999999997;1.0
Cc1cnc(CC2CCCN(C(=O)NC(C)(C)C)C2)n1Cc1ccccc1;0.639157078761887;-1.063386090044523;-0.16957679805484424;-0.3851146642402806;-1.5751643097199564;-0.9731903819644286;-0.6209838283181613;-0.49920768260333204;-0.24710536429033883;-0.030729254193150108;-0.48521256726432327;-0.4361122207682917;-0.15220388682955227;-0.40599897147057507;-0.18749999999999997;1.0
Cc1cnc(CC2CCCN(C(=O)NCC(C)C)C2)n1C(C)C;1.8342487995942152;0.6932380053087371;-0.16957679805484424;-0.3851146642402806;-1.5751643097199564;-1.5424960137979244;-0.6209838283181613;-0.49920768260333204;-0.24710536429033883;-0.030729254193150108;-0.48521256726432327;-0.4361122207682917;-0.15220388682955227;-0.40599897147057507;-0.18749999999999997;0.0
Cc1cnc(CC2CCCN(C(=O)NCCc3ccccc3)C2)n1C(C)C;0.11912358860429595;0.7727497443772687;-0.16957679805484424;-0.3851146642402806;-1.5751643097199564;-0.9731903819644286;-0.6209838283181613;-0.49920768260333204;-0.24710536429033883;-0.030729254193150108;-0.48521256726432327;-0.4361122207682917;-0.15220388682955227;-0.40599897147057507;-0.18749999999999997;1.0
Cc1cnc(CC2CCCN(C(=O)Nc3ccccc3F)C2)n1C(C)C;0.5402465388951426;0.26072830206887193;-0.16957679805484424;-0.3851146642402806;-1.5751643097199564;-1.5424960137979244;-0.6209838283181613;-0.49920768260333204;-0.24710536429033883;-0.030729254193150108;-0.48521256726432327;-0.4361122207682917;-0.15220388682955227;-0.40599897147057507;-0.18749999999999997;0.0
Cc1cnc(CC2CCCN(C(=O)c3ccc(C#N)cc3)C2)n1Cc1ccc(F)cc1;-0.4677721840675391;-0.26543013413809957;-0.16957679805484424;-0.3851146642402806;-0.4458020348823024;0.16542088170256303;1.6103478937742153;0.364022567901614;-0.24710536429033883;-0.030729254193150108;-0.48521256726432327;-0.4361122207682917;-0.15220388682955227;-0.40599897147057507;-0.18749999999999997;0.0
Cc1cnc(CC2CCCN(C(=O)c3ccncc3)C2)n1C(C)C;0.1593912458031948;1.0417286391702327;-0.16957679805484424;-0.3851146642402806;0.728183504088674;-0.9731903819644286;-0.6209838283181613;-0.49920768260333204;-0.24710536429033883;-0.030729254193150108;-0.48521256726432327;-0.4361122207682917;-0.15220388682955227;-0.40599897147057507;-0.18749999999999997;1.0
Cc1cnc(CC2CCCN(C(=O)c3n[nH]c4ccccc34)C2)n1C(C)C;-0.5069950751905753;0.6999155197064663;-0.16957679805484424;-0.3851146642402806;0.7552020797225507;-0.9731903819644286;-0.6209838283181613;-0.49920768260333204;-0.24710536429033883;-0.030729254193150108;-0.48521256726432327;-0.4361122207682917;-0.15220388682955227;-0.40599897147057507;-0.18749999999999997;0.0
Cc1cnc(CC2CCCN(S(=O)(=O)c3ccc4c(c3)CCC4)C2)n1CC1CC1;-1.3177004467678541;-1.4350210293746806;-0.16957679805484424;-0.3851146642402806;-1.5751643097199564;-0.4038847501309328;-0.6209838283181613;-0.49920768260333204;-0.24710536429033883;-0.030729254193150108;-0.48521256726432327;-0.4361122207682917;-0.15220388682955227;-0.40599897147057507;-0.18749999999999997;1.0
Cc1cnc(CC2CCCN(S(=O)(=O)c3ccc4c(c3)OCCO4)C2)n1C(C)C;-0.001862004616003085;1.303377869064505;-0.16957679805484424;-0.3851146642402806;-1.5751643097199564;-1.5424960137979244;-0.6209838283181613;-0.49920768260333204;-0.24710536429033883;-0.030729254193150108;2.060952389667274;2.536742788970546;-0.15220388682955227;-0.40599897147057507;-0.18749999999999997;1.0
Cc1cnc(CC2CCCN(S(=O)(=O)c3cccc(F)c3)C2)n1C(C)C;1.0802813171357448;1.4207043594769877;-0.16957679805484424;-0.3851146642402806;-1.5751643097199564;-1.5424960137979244;-0.6209838283181613;-0.49920768260333204;-0.24710536429033883;-0.030729254193150108;-0.48521256726432327;-0.4361122207682917;-0.15220388682955227;-0.40599897147057507;-0.18749999999999997;0.0
Cc1cnc(CC2CCCN(S(=O)(=O)c3cccc4nsnc34)C2)n1C(C)C;0.005322126254391848;1.4309364600899577;-0.16957679805484424;-0.3851146642402806;-1.5751643097199564;-1.5424960137979244;-0.6209838283181613;-0.49920768260333204;-0.24710536429033883;-0.030729254193150108;-0.48521256726432327;-0.4361122207682917;-0.15220388682955227;-0.40599897147057507;-0.18749999999999997;1.0
Cc1cnc(CC2CCCN(S(=O)(=O)c3cn(C)cn3)C2)n1CC1CC1;-0.38738463757208985;-0.4748746636133483;-0.16957679805484424;-0.3851146642402806;-1.5751643097199564;-1.5424960137979244;-0.6209838283181613;-0.49920768260333204;-0.24710536429033883;-0.030729254193150108;-0.48521256726432327;-0.4361122207682917;-0.15220388682955227;-0.40599897147057507;-0.18749999999999997;1.0
Cc1cnc(CC2CCCNC2)n1C(C)C;0.732979982728865;0.2520441355433476;-0.16957679805484424;-0.3851146642402806;-1.5751643097199564;-1.5424960137979244;-0.6209838283181613;-0.49920768260333204;-0.24710536429033883;-0.030729254193150108;-0.48521256726432327;-0.4361122207682917;-0.15220388682955227;-0.40599897147057507;-0.18749999999999997;0.0
Cc1cnc(CC2CCN(C(=O)C(C)C)C2)n1C(C)C;2.1398387698813783;1.191273920821215;-0.16957679805484424;1.6258289027286723;-0.4458020348823024;-1.5424960137979244;-0.6209838283181613;-0.49920768260333204;-0.24710536429033883;-0.030729254193150108;-0.48521256726432327;-0.4361122207682917;-0.15220388682955227;-0.40599897147057507;-0.18749999999999997;0.0
Cc1cnc(CC2CCN(C(=O)CCc3c[nH]c4ccccc34)C2)n1CC1CC1;-1.801869558293904;-0.12146824220667468;-0.16957679805484424;1.6258289027286723;-0.4458020348823024;-0.4038847501309328;-0.6209838283181613;-0.49920768260333204;-0.24710536429033883;-0.030729254193150108;-0.48521256726432327;-0.4361122207682917;-0.15220388682955227;-0.40599897147057507;-0.18749999999999997;1.0
Cc1cnc(CC2CCN(C(=O)NC(C)(C)C)CC2)n1Cc1ccc(F)cc1;0.9886171038412561;1.562559354950479;-0.16957679805484424;-0.3851146642402806;-1.5751643097199564;-0.9731903819644286;1.6103478937742153;0.364022567901614;-0.24710536429033883;-0.030729254193150108;-0.48521256726432327;-0.4361122207682917;-0.15220388682955227;-0.40599897147057507;-0.18749999999999997;0.0
Cc1cnc(CC2CCN(C(=O)Nc3ccc4c(c3)OCCO4)C2)n1C(C)C;-0.4961387392547316;1.011280782526138;-0.16957679805484424;1.6258289027286723;-1.5751643097199564;-1.5424960137979244;-0.6209838283181613;-0.49920768260333204;-0.24710536429033883;-0.030729254193150108;2.060952389667274;1.050315284101127;-0.15220388682955227;-0.40599897147057507;-0.18749999999999997;1.0
Cc1cnc(CC2CCN(C(=O)Nc3ccccc3)C2)n1Cc1ccccc1;-1.2552141285383949;-0.11840469582613845;-0.16957679805484424;1.6258289027286723;-1.5751643097199564;-0.9731903819644286;-0.6209838283181613;-0.49920768260333204;-0.24710536429033883;-0.030729254193150108;-0.48521256726432327;-0.4361122207682917;-0.15220388682955227;-0.40599897147057507;-0.18749999999999997;1.0
Cc1cnc(CC2CCN(C(=O)Nc3ccccc3F)C2)n1Cc1ccccc1;-0.8524813040721054;-0.1027286192879028;-0.16957679805484424;1.6258289027286723;-1.5751643097199564;-0.9731903819644286;-0.6209838283181613;-0.49920768260333204;-0.24710536429033883;-0.030729254193150108;-0.48521256726432327;-0.4361122207682917;-0.15220388682955227;-0.40599897147057507;-0.18749999999999997;1.0
Cc1cnc(CC2CCN(C(=O)c3cccnc3)C2)n1CC1CC1;-1.4305802051302958;0.14874774615991102;-0.16957679805484424;1.6258289027286723;0.728183504088674;-0.9731903819644286;-0.6209838283181613;-0.49920768260333204;-0.24710536429033883;-0.030729254193150108;-0.48521256726432327;-0.4361122207682917;-0.15220388682955227;-0.40599897147057507;-0.18749999999999997;0.0
Cc1cnc(CC2CCN(C(=O)c3nn(C)c4ccccc34)C2)n1CC1CC1;-1.4794337168416176;-0.13369861490750715;-0.16957679805484424;1.6258289027286723;0.657005475036045;-0.9731903819644286;-0.6209838283181613;-0.49920768260333204;-0.24710536429033883;-0.030729254193150108;-0.48521256726432327;-0.4361122207682917;-0.15220388682955227;-0.40599897147057507;-0.18749999999999997;1.0
Cc1cnc(CC2CCN(S(=O)(=O)Cc3ccccc3)C2)n1Cc1ccccc1;-0.7347623804760864;-0.017357699510206596;-0.16957679805484424;1.6258289027286723;-1.5751643097199564;-0.4038847501309328;-0.6209838283181613;-0.49920768260333204;-0.24710536429033883;-0.030729254193150108;-0.48521256726432327;-0.4361122207682917;-0.15220388682955227;-0.40599897147057507;-0.18749999999999997;1.0
Cc1cnc(CC2CCN(S(=O)(=O)c3ccc(C#N)cc3)C2)n1C(C)C;1.0802813171357448;1.8635147835501733;-0.16957679805484424;1.6258289027286723;-1.5751643097199564;-0.9731903819644286;-0.6209838283181613;-0.49920768260333204;-0.24710536429033883;-0.030729254193150108;-0.48521256726432327;-0.4361122207682917;-0.15220388682955227;-0.40599897147057507;-0.18749999999999997;0.0
Cc1cnc(CC2CCN(S(=O)(=O)c3ccc4c(c3)CCC4)C2)n1C1CC1;-1.4002695414182933;0.6643316803386229;-0.16957679805484424;1.6258289027286723;-1.5751643097199564;-0.4038847501309328;-0.6209838283181613;-0.49920768260333204;-0.24710536429033883;-0.030729254193150108;-0.48521256726432327;-0.4361122207682917;-0.15220388682955227;-0.40599897147057507;-0.18749999999999997;0.0
Cc1cnc(CC2CCN(S(=O)(=O)c3cccc4nsnc34)C2)n1C1CC1;-1.4002695414182933;1.4522473789712027;-0.16957679805484424;1.6258289027286723;-1.5751643097199564;-1.5424960137979244;-0.6209838283181613;-0.49920768260333204;-0.24710536429033883;-0.030729254193150108;-0.48521256726432327;-0.4361122207682917;-0.15220388682955227;-0.40599897147057507;-0.18749999999999997;1.0
Cc1cnc(CC2CCNC2)n1Cc1ccccc1;-1.423194110826441;0.2085859921599612;-0.16957679805484424;1.6258289027286723;-1.5751643097199564;-0.9731903819644286;-0.6209838283181613;-0.49920768260333204;-0.24710536429033883;-0.030729254193150108;-0.48521256726432327;-0.4361122207682917;-0.15220388682955227;-0.40599897147057507;-0.18749999999999997;0.0
Cc1cnc(CCC2CCCN2C(=O)c2ccc(Cn3ccnc3)o2)n1C(C)C;-0.48603111614205285;-0.4917872577912883;-0.16957679805484424;1.6258289027286723;-0.4458020348823024;-1.5424960137979244;-0.6209838283181613;-0.49920768260333204;-0.24710536429033883;-0.030729254193150108;-0.48521256726432327;-0.4361122207682917;-0.15220388682955227;-0.40599897147057507;-0.18749999999999997;0.0
Cc1cnc(CCC2CCCN2C(=O)c2ccncc2)n1C;-0.29071046421457947;-0.5522380597255546;-0.16957679805484424;1.6258289027286723;0.728183504088674;-0.9731903819644286;-0.6209838283181613;-0.49920768260333204;-0.24710536429033883;-0.030729254193150108;-0.48521256726432327;-0.4361122207682917;-0.15220388682955227;-0.40599897147057507;-0.18749999999999997;0.0
Cc1cnc(CCNC(=O)C2CCOCC2)n1C1CCCCCC1;-0.7261967083610693;1.4686373943830273;-0.16957679805484424;-0.3851146642402806;-0.4458020348823024;-1.5424960137979244;-0.6209838283181613;-0.49920768260333204;-0.24710536429033883;-0.030729254193150108;-0.48521256726432327;-0.4361122207682917;-0.15220388682955227;-0.40599897147057507;-0.18749999999999997;0.0
Cc1cnc(CCNC(=O)CC2CCN(C)CC2)n1Cc1ccc(F)cc1;0.11912358860428872;-0.03567192110342785;-0.16957679805484424;-0.3851146642402806;-0.4458020348823024;-0.9731903819644286;1.6103478937742153;0.364022567901614;-0.24710536429033883;-0.030729254193150108;-0.48521256726432327;-0.4361122207682917;-0.15220388682955227;-0.40599897147057507;-0.18749999999999997;1.0
Cc1cnc(CCNC(=O)CN2CCCCCC2)n1C1CCC1;-0.7489436231164645;-0.2484841556850338;-0.16957679805484424;-0.3851146642402806;0.708380942051631;-1.5424960137979244;-0.6209838283181613;-0.49920768260333204;-0.24710536429033883;-0.030729254193150108;-0.48521256726432327;-0.4361122207682917;-0.15220388682955227;-0.40599897147057507;-0.18749999999999997;0.0
Cc1cnc(CCNC(=O)CN2CCCCCC2)n1C1CCCCC1;-0.7052695467861081;0.19272940212757822;-0.16957679805484424;-0.3851146642402806;0.708380942051631;-1.5424960137979244;-0.6209838283181613;-0.49920768260333204;-0.24710536429033883;-0.030729254193150108;-0.48521256726432327;-0.4361122207682917;-0.15220388682955227;-0.40599897147057507;-0.18749999999999997;0.0
Cc1cnc(CCNC(=O)COc2ccc(F)cc2)n1C(C)C;1.3722029104650375;-0.7219563813111383;-0.16957679805484424;-0.3851146642402806;-0.4458020348823024;-1.5424960137979244;-0.6209838283181613;-0.49920768260333204;-0.24710536429033883;-0.030729254193150108;-0.48521256726432327;-0.4361122207682917;-0.15220388682955227;-0.40599897147057507;-0.18749999999999997;0.0
Cc1cnc(CCNC(=O)NC(C)(C)C)n1CC1CC1;1.7791784365970473;0.6829355511961764;-0.16957679805484424;-0.3851146642402806;-1.5751643097199564;-1.5424960137979244;-0.6209838283181613;-0.49920768260333204;-0.24710536429033883;-0.030729254193150108;-0.48521256726432327;-0.4361122207682917;-0.15220388682955227;-0.40599897147057507;-0.18749999999999997;0.0
Cc1cnc(CCNC(=O)NC(C)(C)C)n1Cc1ccc(F)cc1;1.891606396081846;0.17844956051285493;-0.16957679805484424;-0.3851146642402806;-1.5751643097199564;-0.9731903819644286;1.6103478937742153;0.364022567901614;-0.24710536429033883;-0.030729254193150108;-0.48521256726432327;-0.4361122207682917;-0.15220388682955227;-0.40599897147057507;-0.18749999999999997;1.0
Cc1cnc(CCNC(=O)NC(C)C)n1C1CCCCCC1;0.9607558708959857;0.892151947178796;-0.16957679805484424;-0.3851146642402806;-1.5751643097199564;-1.5424960137979244;-0.6209838283181613;-0.49920768260333204;-0.24710536429033883;-0.030729254193150108;-0.48521256726432327;-0.4361122207682917;-0.15220388682955227;-0.40599897147057507;-0.18749999999999997;0.0
Cc1cnc(CCNC(=O)NC2CCCCC2)n1C1CCCC1;-0.7489436231164645;0.38092655073980525;-0.16957679805484424;-0.3851146642402806;-1.5751643097199564;-1.5424960137979244;-0.6209838283181613;-0.49920768260333204;-0.24710536429033883;-0.030729254193150108;-0.48521256726432327;-0.4361122207682917;-0.15220388682955227;-0.40599897147057507;-0.18749999999999997;1.0
Cc1cnc(CCNC(=O)NC2CCCCC2)n1Cc1ccccc1;-0.7052695467861081;0.06590549378831338;-0.16957679805484424;-0.3851146642402806;-1.5751643097199564;-0.9731903819644286;-0.6209838283181613;-0.49920768260333204;-0.24710536429033883;-0.030729254193150108;-0.48521256726432327;-0.4361122207682917;-0.15220388682955227;-0.40599897147057507;-0.18749999999999997;1.0
Cc1cnc(CCNC(=O)NCC(C)C)n1CC1CC1;1.0771332248842715;0.5399740443900719;-0.16957679805484424;-0.3851146642402806;-1.5751643097199564;-1.5424960137979244;-0.6209838283181613;-0.49920768260333204;-0.24710536429033883;-0.030729254193150108;-0.48521256726432327;-0.4361122207682917;-0.15220388682955227;-0.40599897147057507;-0.18749999999999997;0.0
Cc1cnc(CCNC(=O)NCCc2ccccc2)n1Cc1ccc(F)cc1;-0.2719191509515088;-0.026529353271889503;-0.16957679805484424;-0.3851146642402806;-1.5751643097199564;-0.4038847501309328;1.6103478937742153;0.364022567901614;-0.24710536429033883;-0.030729254193150108;-0.48521256726432327;-0.4361122207682917;-0.15220388682955227;-0.40599897147057507;-0.18749999999999997;1.0
Cc1cnc(CCNC(=O)NCc2ccc(F)cc2)n1C1CCCC1;-0.2801873287872654;0.32457243602799674;-0.16957679805484424;-0.3851146642402806;-1.5751643097199564;-0.9731903819644286;1.6103478937742153;0.364022567901614;-0.24710536429033883;-0.030729254193150108;-0.48521256726432327;-0.4361122207682917;-0.15220388682955227;-0.40599897147057507;-0.18749999999999997;1.0
Cc1cnc(CCNC(=O)Nc2ccccc2F)n1C(C)C;1.4438038458946791;-0.12216562347362712;-0.16957679805484424;-0.3851146642402806;-1.5751643097199564;-1.5424960137979244;-0.6209838283181613;-0.49920768260333204;-0.24710536429033883;-0.030729254193150108;-0.48521256726432327;-0.4361122207682917;-0.15220388682955227;-0.40599897147057507;-0.18749999999999997;1.0
Cc1cnc(CCNC(=O)c2cc(CN3CCOCC3)on2)n1CC1CC1;-1.2941843677810347;0.5425725054875804;-0.16957679805484424;-0.3851146642402806;0.708380942051631;-1.5424960137979244;-0.6209838283181613;-0.49920768260333204;-0.24710536429033883;-0.030729254193150108;2.060952389667274;1.050315284101127;-0.15220388682955227;-0.40599897147057507;-0.18749999999999997;1.0
Cc1cnc(CCNC(=O)c2ccc3ccccc3n2)n1C1CCC1;-1.3814777036845647;0.4625628926126909;-0.16957679805484424;-0.3851146642402806;-0.4458020348823024;-0.9731903819644286;-0.6209838283181613;-0.49920768260333204;-0.24710536429033883;-0.030729254193150108;-0.48521256726432327;-0.4361122207682917;-0.15220388682955227;-0.40599897147057507;-0.18749999999999997;1.0
Cc1cnc(CCNC(=O)c2cccc(C#N)c2)n1C1CCC1;-0.2868977339872869;0.8444536333542064;-0.16957679805484424;-0.3851146642402806;-0.4458020348823024;-0.4038847501309328;-0.6209838283181613;-0.49920768260333204;-0.24710536429033883;-0.030729254193150108;-0.48521256726432327;-0.4361122207682917;-0.15220388682955227;-0.40599897147057507;-0.18749999999999997;1.0
Cc1cnc(CCNC(=O)c2ccccn2)n1C1CCC1;-0.8009365711288127;0.6359021953176749;-0.16957679805484424;-0.3851146642402806;0.728183504088674;-1.5424960137979244;-0.6209838283181613;-0.49920768260333204;-0.24710536429033883;-0.030729254193150108;-0.48521256726432327;-0.4361122207682917;-0.15220388682955227;-0.40599897147057507;-0.18749999999999997;0.0
Cc1cnc(CCNC(=O)c2ccco2)n1CC1CC1;-0.8308325162359043;0.7036357154970688;-0.16957679805484424;-0.3851146642402806;-0.4458020348823024;-1.5424960137979244;-0.6209838283181613;-0.49920768260333204;-0.24710536429033883;-0.030729254193150108;-0.48521256726432327;-0.4361122207682917;-0.15220388682955227;-0.40599897147057507;-0.18749999999999997;0.0
Cc1cnc(CCNC(=O)c2ccncc2)n1C1CC1;-0.8308325162359043;0.6861957939617878;-0.16957679805484424;-0.3851146642402806;0.728183504088674;-0.9731903819644286;-0.6209838283181613;-0.49920768260333204;-0.24710536429033883;-0.030729254193150108;-0.48521256726432327;-0.4361122207682917;-0.15220388682955227;-0.40599897147057507;-0.18749999999999997;1.0
Cc1cnc(CCNC(=O)c2ccnn2C)n1C(C)C;1.6084859973828285;0.416926969925527;-0.16957679805484424;-0.3851146642402806;0.657005475036045;-1.5424960137979244;-0.6209838283181613;-0.49920768260333204;-0.24710536429033883;-0.030729254193150108;-0.48521256726432327;-0.4361122207682917;-0.15220388682955227;-0.40599897147057507;-0.18749999999999997;0.0
Cc1cnc(CCNC(=O)c2ccnn2C)n1Cc1ccc(F)cc1;0.1448948892115773;0.38988261426430393;-0.16957679805484424;-0.3851146642402806;0.657005475036045;-0.9731903819644286;1.6103478937742153;0.364022567901614;-0.24710536429033883;-0.030729254193150108;-0.48521256726432327;-0.4361122207682917;-0.15220388682955227;-0.40599897147057507;-0.18749999999999997;0.0
Cc1cnc(CCNC(=O)c2cnccn2)n1Cc1ccc(F)cc1;-0.2801873287872654;0.3078775329000522;-0.16957679805484424;-0.3851146642402806;0.728183504088674;-0.9731903819644286;1.6103478937742153;0.364022567901614;-0.24710536429033883;-0.030729254193150108;-0.48521256726432327;-0.4361122207682917;-0.15220388682955227;-0.40599897147057507;-0.18749999999999997;0.0
Cc1cnc(CCNC(=O)c2cnccn2)n1Cc1ccccc1;-0.7261967083610693;0.37005121411179076;-0.16957679805484424;-0.3851146642402806;0.728183504088674;-0.9731903819644286;-0.6209838283181613;-0.49920768260333204;-0.24710536429033883;-0.030729254193150108;-0.48521256726432327;-0.4361122207682917;-0.15220388682955227;-0.40599897147057507;-0.18749999999999997;0.0
Cc1cnc(CCNC(=O)c2cnn(C)c2)n1C(C)C;1.6084859973828285;0.6426530282183416;-0.16957679805484424;-0.3851146642402806;0.657005475036045;-0.9731903819644286;-0.6209838283181613;-0.49920768260333204;-0.24710536429033883;-0.030729254193150108;-0.48521256726432327;-0.4361122207682917;-0.15220388682955227;-0.40599897147057507;-0.18749999999999997;0.0
Cc1cnc(CCNC(=O)c2n[nH]c3ccccc23)n1C1CC1;-1.4839524893104412;0.28754883933625847;-0.16957679805484424;-0.3851146642402806;0.7552020797225507;-0.9731903819644286;-0.6209838283181613;-0.49920768260333204;-0.24710536429033883;-0.030729254193150108;-0.48521256726432327;-0.4361122207682917;-0.15220388682955227;-0.40599897147057507;-0.18749999999999997;0.0
Cc1cnc(CCNS(=O)(=O)Cc2ccccc2)n1Cc1ccccc1;-0.14591738863016704;-0.17826914045280473;-0.16957679805484424;-0.3851146642402806;-1.5751643097199564;-0.4038847501309328;-0.6209838283181613;-0.49920768260333204;-0.24710536429033883;-0.030729254193150108;-0.48521256726432327;-0.4361122207682917;-0.15220388682955227;-0.40599897147057507;-0.18749999999999997;1.0
Cc1cnc(CCNS(=O)(=O)c2cccc(F)c2)n1CC1CC1;0.3235763631542528;0.9622195543430763;-0.16957679805484424;-0.3851146642402806;-1.5751643097199564;-1.5424960137979244;-0.6209838283181613;-0.49920768260333204;-0.24710536429033883;-0.030729254193150108;-0.48521256726432327;-0.4361122207682917;-0.15220388682955227;-0.40599897147057507;-0.18749999999999997;1.0
Cc1cnc(CCNS(=O)(=O)c2cccc(F)c2)n1Cc1ccc(F)cc1;0.6391570787618942;0.630910687143009;-0.16957679805484424;-0.3851146642402806;-1.5751643097199564;-0.9731903819644286;1.6103478937742153;0.364022567901614;-0.24710536429033883;-0.030729254193150108;-0.48521256726432327;-0.4361122207682917;-0.15220388682955227;-0.40599897147057507;-0.18749999999999997;0.0
Cc1cnc(CCNS(=O)(=O)c2ccccc2)n1Cc1ccccc1;-0.14363337741589474;0.6820598657517842;-0.16957679805484424;-0.3851146642402806;-1.5751643097199564;-0.9731903819644286;-0.6209838283181613;-0.49920768260333204;-0.24710536429033883;-0.030729254193150108;-0.48521256726432327;-0.4361122207682917;-0.15220388682955227;-0.40599897147057507;-0.18749999999999997;1.0
Cc1cnc(CNCC2(F)CCN(C(=O)c3ccc(F)c(Cl)c3)CC2)nc1;0.639157078761887;-1.0122722330670086;-0.16957679805484424;-0.3851146642402806;-0.4458020348823024;-0.4038847501309328;1.6103478937742153;2.090483068911506;-0.24710536429033883;-0.030729254193150108;-0.48521256726432327;-0.4361122207682917;-0.15220388682955227;2.463060426921489;-0.18749999999999997;0.0
Cc1cnc(Cl)nc1-c1ccc(N(Cc2ccc(CNC(=O)C(F)F)cc2)C(=O)c2ccc(O)cc2O)cc1;0.6764908395357858;0.2545828450738522;-0.16957679805484424;-0.3851146642402806;0.6835602399553516;1.3040321453695547;-0.6209838283181613;-0.49920768260333204;-0.24710536429033883;-0.030729254193150108;2.060952389667274;1.050315284101127;-0.15220388682955227;-0.40599897147057507;-0.18749999999999997;0.0
Cc1cnc(N2CC3(CCOCC3)C2)c(C(=O)Nc2ccc(C(=O)N3CCc4cc(C(=O)Nc5c(C)cccc5F)sc4-c4ccccc43)cc2)c1;-1.1868685530853436;-1.2798579621189576;-0.16957679805484424;-0.3851146642402806;1.812922514793006;1.8733377772030504;-0.6209838283181613;-0.49920768260333204;-0.24710536429033883;-0.030729254193150108;-0.48521256726432327;-0.4361122207682917;6.5701344481423405;-0.40599897147057507;-0.18749999999999997;0.0
Cc1cnc(NC(=O)C(=O)c2cc(C)n(-c3ccc(Cl)cc3)c2C)s1;0.9950593252092628;-1.27388271800604;-0.16957679805484424;-0.3851146642402806;1.9359398215757906;-0.9731903819644286;-0.6209838283181613;-0.49920768260333204;-0.24710536429033883;-0.030729254193150108;-0.48521256726432327;-0.4361122207682917;-0.15220388682955227;-0.40599897147057507;-0.18749999999999997;0.0
Cc1cnc(NC(=O)C(=O)c2cc(C)n(-c3ccc(F)cc3)c2C)s1;0.9950593252092628;0.4404459666274074;-0.16957679805484424;-0.3851146642402806;1.9359398215757906;-0.9731903819644286;-0.6209838283181613;-0.49920768260333204;-0.24710536429033883;-0.030729254193150108;-0.48521256726432327;-0.4361122207682917;-0.15220388682955227;-0.40599897147057507;-0.18749999999999997;0.0
Cc1cnc(NC(=O)C(C)(C)Oc2cccc(Cl)c2)s1;1.7791784365970473;0.6674398433821482;-0.16957679805484424;-0.3851146642402806;0.8065775467381363;-1.5424960137979244;-0.6209838283181613;-0.49920768260333204;-0.24710536429033883;-0.030729254193150108;-0.48521256726432327;-0.4361122207682917;-0.15220388682955227;-0.40599897147057507;-0.18749999999999997;0.0
Cc1cnc(NC(=O)C(C)Oc2ccc(Cl)cc2Cl)s1;1.6084859973828285;0.5900616519617138;4.3242083503985285;-0.3851146642402806;0.8065775467381363;-1.5424960137979244;-0.6209838283181613;-0.49920768260333204;4.046856703705712;-0.030729254193150108;-0.48521256726432327;-0.4361122207682917;-0.15220388682955227;-0.40599897147057507;5.333333333333333;0.0
Cc1cnc(NC(=O)C(C)Oc2ccccc2C)s1;1.1445095877195968;1.358965163983629;-0.16957679805484424;-0.3851146642402806;0.8065775467381363;-0.9731903819644286;-0.6209838283181613;-0.49920768260333204;-0.24710536429033883;-0.030729254193150108;-0.48521256726432327;-0.4361122207682917;-0.15220388682955227;-0.40599897147057507;-0.18749999999999997;0.0
Cc1cnc(NC(=O)C2=C(O)c3ccccc3S(=O)(=O)N2C)s1;1.2476681414126078;-0.21425219675267962;-0.16957679805484424;-0.3851146642402806;1.8206792918973052;-0.9731903819644286;-0.6209838283181613;-0.49920768260333204;-0.24710536429033883;-0.030729254193150108;-0.48521256726432327;-0.4361122207682917;6.5701344481423405;-0.40599897147057507;-0.18749999999999997;0.0
Cc1cnc(NC(=O)C2CC(=O)N(c3ccc(F)c(Cl)c3)C2)s1;0.6371940442710681;0.5227531203683872;4.3242083503985285;1.6258289027286723;0.6835602399553516;-1.5424960137979244;-0.6209838283181613;-0.49920768260333204;-0.24710536429033883;-0.030729254193150108;-0.48521256726432327;-0.4361122207682917;-0.15220388682955227;-0.40599897147057507;5.333333333333333;0.0
Cc1cnc(NC(=O)CCc2ccccc2)s1;0.05280038851199068;0.675336181718162;-0.16957679805484424;-0.3851146642402806;-0.4458020348823024;-0.9731903819644286;-0.6209838283181613;-0.49920768260333204;-0.24710536429033883;-0.030729254193150108;-0.48521256726432327;-0.4361122207682917;-0.15220388682955227;-0.40599897147057507;-0.18749999999999997;1.0
Cc1cnc(NC(=O)CNC(=O)N2CCN(c3ncccn3)CC2)s1;-0.2801873287872654;1.1587537480152892;-0.16957679805484424;-0.3851146642402806;-0.4458020348823024;-1.5424960137979244;-0.6209838283181613;-0.49920768260333204;-0.24710536429033883;-0.030729254193150108;-0.48521256726432327;-0.4361122207682917;-0.15220388682955227;-0.40599897147057507;-0.18749999999999997;0.0
Cc1cnc(NC(=O)COc2cccc(Br)c2)s1;0.628980243649341;1.0154164888991217;-0.16957679805484424;-0.3851146642402806;0.8065775467381363;-1.5424960137979244;-0.6209838283181613;-0.49920768260333204;-0.24710536429033883;-0.030729254193150108;-0.48521256726432327;-0.4361122207682917;-0.15220388682955227;-0.40599897147057507;-0.18749999999999997;0.0
Cc1cnc(NC(=O)COc2cccc3c2ccn3C(C)C)s1;0.17514815514189058;1.5134354262206324;-0.16957679805484424;-0.3851146642402806;0.8065775467381363;-0.9731903819644286;-0.6209838283181613;-0.49920768260333204;-0.24710536429033883;-0.030729254193150108;-0.48521256726432327;-0.4361122207682917;-0.15220388682955227;-0.40599897147057507;-0.18749999999999997;1.0
Cc1cnc(NC(=O)COc2ccccc2Br)s1;0.628980243649341;2.2383144595198687;-0.16957679805484424;-0.3851146642402806;0.8065775467381363;-1.5424960137979244;-0.6209838283181613;-0.49920768260333204;-0.24710536429033883;32.54228019054596;-0.48521256726432327;-0.4361122207682917;-0.15220388682955227;-0.40599897147057507;-0.18749999999999997;0.0
Cc1cnc(NC(=O)CSc2nnc(COc3ccc4c(c3)CCCC4)o2)s1;-1.2552141285383949;0.20029782635913687;-0.16957679805484424;-0.3851146642402806;-0.4458020348823024;-0.4038847501309328;-0.6209838283181613;-0.49920768260333204;-0.24710536429033883;-0.030729254193150108;-0.48521256726432327;-0.4361122207682917;-0.15220388682955227;-0.40599897147057507;-0.18749999999999997;1.0
Cc1cnc(NC(=O)Nc2cc(Br)c(C)cc2OC[C@@H]2CNCCO2)cn1;0.11912358860427424;0.24915011438066023;-0.16957679805484424;-0.3851146642402806;0.8512008108714588;-0.9731903819644286;-0.6209838283181613;-0.49920768260333204;-0.24710536429033883;32.54228019054596;-0.48521256726432327;-0.4361122207682917;-0.15220388682955227;-0.40599897147057507;-0.18749999999999997;1.0
Cc1cnc(NC(=O)Nc2cccc(Cl)c2)s1;0.6779212973338195;0.3896477320521737;4.3242083503985285;-0.3851146642402806;-0.3227847280995177;-1.5424960137979244;-0.6209838283181613;-0.49920768260333204;4.046856703705712;-0.030729254193150108;-0.48521256726432327;-0.4361122207682917;-0.15220388682955227;-0.40599897147057507;5.333333333333333;0.0
Cc1cnc(NC(=O)Nc2ccccc2)s1;0.06878901710567238;-0.254585398156111;-0.16957679805484424;-0.3851146642402806;-0.3227847280995177;-1.5424960137979244;-0.6209838283181613;-0.49920768260333204;-0.24710536429033883;-0.030729254193150108;-0.48521256726432327;-0.4361122207682917;-0.15220388682955227;-0.40599897147057507;-0.18749999999999997;0.0
Cc1cnc(NC(=O)c2cc(Oc3cnc(C(=O)N(C)C)nc3)c3cc(C)oc3c2)cn1;0.20469236015193068;0.8684499582843466;-0.16957679805484424;-0.3851146642402806;1.8575457789263279;-0.4038847501309328;-0.6209838283181613;-0.49920768260333204;-0.24710536429033883;-0.030729254193150108;2.060952389667274;1.050315284101127;-0.15220388682955227;-0.40599897147057507;-0.18749999999999997;1.0
Cc1cnc(NC(=O)c2cn(C)nc2C(=O)Nc2ncc(C)s2)s1;0.602185222885316;-2.504837153146151;-0.16957679805484424;-0.3851146642402806;4.291126913114575;-0.9731903819644286;-0.6209838283181613;-0.49920768260333204;-0.24710536429033883;-0.030729254193150108;-0.48521256726432327;-0.4361122207682917;-0.15220388682955227;-0.40599897147057507;-0.18749999999999997;0.0
Cc1cnc(NC(=O)c2cnc3scc(C)n3c2=O)s1;0.2318730287612026;1.1461606772895003;-0.16957679805484424;-0.3851146642402806;2.9725317345355298;-0.9731903819644286;-0.6209838283181613;-0.49920768260333204;-0.24710536429033883;-0.030729254193150108;-0.48521256726432327;-0.4361122207682917;6.5701344481423405;-0.40599897147057507;-0.18749999999999997;1.0
Cc1cnc(NC(=O)c2sc(-c3ccccc3F)nc2C)s1;0.19233751078410677;-0.5823115517246592;-0.16957679805484424;-0.3851146642402806;0.8065775467381363;-0.9731903819644286;-0.6209838283181613;-0.49920768260333204;-0.24710536429033883;-0.030729254193150108;-0.48521256726432327;-0.4361122207682917;-0.15220388682955227;-0.40599897147057507;-0.18749999999999997;0.0
Cc1cnc(NC2CCOCC2)nc1-n1cnc(C(=O)N[C@H](CN)c2cc(F)cc(Cl)c2)c1;-0.12969447254836278;-0.08004449570677691;-0.16957679805484424;-0.3851146642402806;0.6299868994021683;-0.4038847501309328;1.6103478937742153;0.364022567901614;4.046856703705712;-0.030729254193150108;-0.48521256726432327;-0.4361122207682917;-0.15220388682955227;-0.40599897147057507;-0.18749999999999997;1.0
Cc1cnc(NCCCN(C)C)c2c1[nH]c1ccc3cc(O)ccc3c12;-0.5186865138907191;-0.6790601071246729;-0.16957679805484424;-0.3851146642402806;-1.5751643097199564;1.3040321453695547;-0.6209838283181613;-0.49920768260333204;-0.24710536429033883;-0.030729254193150108;-0.48521256726432327;-0.4361122207682917;-0.15220388682955227;-0.40599897147057507;-0.18749999999999997;1.0
Cc1cnc(Nc2ccc(F)cc2Cl)nc1-c1c[nH]c(C(=O)N[C@H](CO)c2cccc(Cl)c2)c1;0.18070941726140813;0.32933105295341625;4.3242083503985285;-0.3851146642402806;-0.4458020348823024;0.16542088170256303;-0.6209838283181613;-0.49920768260333204;-0.24710536429033883;-0.030729254193150108;-0.48521256726432327;-0.4361122207682917;-0.15220388682955227;-0.40599897147057507;5.333333333333333;0.0
Cc1cnc(Nc2ccc(N3CCC(N(C)CCO)CC3)c(F)c2)nc1-c1cnn(C(C)C)c1;0.18070941726141537;-2.69008439155939;-0.16957679805484424;-0.3851146642402806;-0.472356799801609;-0.4038847501309328;1.6103478937742153;1.22725281840656;-0.24710536429033883;-0.030729254193150108;-0.48521256726432327;-0.4361122207682917;-0.15220388682955227;-0.40599897147057507;-0.18749999999999997;1.0
Cc1cnc(Nc2ccc(N3CCN(C)CC3)cc2)nc1Nc1cccc(S(=O)(=O)NC(C)(C)C)c1;0.6442454963181709;-2.035498963505357;-0.16957679805484424;-0.3851146642402806;-1.5751643097199564;-0.9731903819644286;-0.6209838283181613;-0.49920768260333204;-0.24710536429033883;-0.030729254193150108;-0.48521256726432327;-0.4361122207682917;-0.15220388682955227;-0.40599897147057507;-0.18749999999999997;1.0
Cc1cnc(Nc2ccc(OCCN3CCCC3)cc2)nc1Nc1cccc(S(=O)(=O)NC(C)(C)C)c1;0.3341287769863856;-2.737572798054593;-0.16957679805484424;1.6258289027286723;-0.4209813327860232;-0.9731903819644286;-0.6209838283181613;-0.49920768260333204;-0.24710536429033883;-0.030729254193150108;-0.48521256726432327;-0.4361122207682917;-0.15220388682955227;-0.40599897147057507;-0.18749999999999997;0.0
Cc1cnc(Nc2ccc3c(c2)CCN(C(=O)/C=C/CN(C)C)C3)nc1-c1cnn(C(C)C)c1;0.18070941726141537;-3.2076950406443103;-0.16957679805484424;-0.3851146642402806;0.657005475036045;0.7347265135360589;-0.6209838283181613;-0.49920768260333204;-0.24710536429033883;-0.030729254193150108;-0.48521256726432327;-0.4361122207682917;-0.15220388682955227;-0.40599897147057507;-0.18749999999999997;1.0
Cc1cnc(Nc2ccnn2C)nc1-c1nc2c(s1)C(C)(C)N(Cc1cccc(F)c1)C2=O;-0.21649143279703406;-1.4714133917246708;-0.16957679805484424;1.6258289027286723;0.657005475036045;-0.4038847501309328;-0.6209838283181613;-0.49920768260333204;-0.24710536429033883;-0.030729254193150108;-0.48521256726432327;-0.4361122207682917;-0.15220388682955227;-0.40599897147057507;-0.18749999999999997;0.0
Cc1cnc([N+](=O)[O-])n1CCOC(=O)NC(=O)c1cccc(F)c1;1.7493626967366709;0.10387685962606921;-0.16957679805484424;-0.3851146642402806;0.8065775467381363;-0.9731903819644286;-0.6209838283181613;-0.49920768260333204;-0.24710536429033883;-0.030729254193150108;2.060952389667274;2.536742788970546;-0.15220388682955227;-0.40599897147057507;-0.18749999999999997;0.0
Cc1cnc([N+](=O)[O-])n1CCOC(=O)NC(=O)c1cccc(OC(F)(F)C(F)F)c1;2.5353871280652163;0.33193143031804334;-0.16957679805484424;-0.3851146642402806;0.8065775467381363;-0.9731903819644286;-0.6209838283181613;-0.49920768260333204;-0.24710536429033883;-0.030729254193150108;2.060952389667274;2.536742788970546;-0.15220388682955227;-0.40599897147057507;-0.18749999999999997;0.0
Cc1cnc([N+](=O)[O-])n1CCOC(=O)c1cccc(F)c1;1.5222239180318908;0.5043227103510767;-0.16957679805484424;-0.3851146642402806;-1.5751643097199564;-0.9731903819644286;-0.6209838283181613;-0.49920768260333204;-0.24710536429033883;-0.030729254193150108;2.060952389667274;2.536742788970546;-0.15220388682955227;-0.40599897147057507;-0.18749999999999997;1.0
Cc1cnc([N+](=O)[O-])n1CCOC(=O)c1cccc(OC(F)(F)C(F)F)c1;2.446059681442444;0.7927173835733572;-0.16957679805484424;-0.3851146642402806;-1.5751643097199564;-0.9731903819644286;-0.6209838283181613;-0.49920768260333204;-0.24710536429033883;-0.030729254193150108;2.060952389667274;2.536742788970546;-0.15220388682955227;-0.40599897147057507;-0.18749999999999997;0.0
Cc1cnc2c(c1)c(C1CC1)nn2CC(=O)O;-0.31650246281096706;1.4415445952610004;-0.16957679805484424;-0.3851146642402806;-0.4458020348823024;-0.4038847501309328;-0.6209838283181613;-0.49920768260333204;-0.24710536429033883;-0.030729254193150108;-0.48521256726432327;-0.4361122207682917;-0.15220388682955227;-0.40599897147057507;-0.18749999999999997;1.0
Cc1cnc2c(c1SCC(=O)NC(C)C)c(=O)n(C)c(=O)n2C;2.7583405778525703;1.132605613385594;-0.16957679805484424;-0.3851146642402806;2.835138108524294;-0.4038847501309328;-0.6209838283181613;-0.49920768260333204;-0.24710536429033883;-0.030729254193150108;-0.48521256726432327;-0.4361122207682917;6.5701344481423405;-0.40599897147057507;-0.18749999999999997;0.0
Cc1cnc2c(c1SCC(N)=O)c(=O)n(C)c(=O)n2C;2.6711915423799355;2.7083348849018956;-0.16957679805484424;-0.3851146642402806;2.835138108524294;-0.4038847501309328;-0.6209838283181613;-0.49920768260333204;-0.24710536429033883;-0.030729254193150108;-0.48521256726432327;-0.4361122207682917;6.5701344481423405;-0.40599897147057507;-0.18749999999999997;0.0
Cc1cnc2c(c1SCCN1CCOCC1)c(=O)n(C)c(=O)n2C;0.602185222885316;-0.5958732207081288;-0.16957679805484424;-0.3851146642402806;2.8599588106205727;-0.4038847501309328;-0.6209838283181613;-0.49920768260333204;-0.24710536429033883;-0.030729254193150108;-0.48521256726432327;-0.4361122207682917;6.5701344481423405;-0.40599897147057507;-0.18749999999999997;0.0
Cc1cnc2cc(C(=O)O)nn2c1C(F)(F)F;2.754098658168976;0.5394378014669213;-0.16957679805484424;-0.3851146642402806;-1.5751643097199564;-0.9731903819644286;-0.6209838283181613;-0.49920768260333204;-0.24710536429033883;-0.030729254193150108;-0.48521256726432327;-0.4361122207682917;-0.15220388682955227;-0.40599897147057507;-0.18749999999999997;0.0
Cc1cnc2nn(CC(=O)O)cc2c1;0.8666939329739716;0.12409604505217649;-0.16957679805484424;-0.3851146642402806;0.657005475036045;-0.4038847501309328;-0.6209838283181613;-0.49920768260333204;-0.24710536429033883;-0.030729254193150108;-0.48521256726432327;-0.4361122207682917;-0.15220388682955227;-0.40599897147057507;-0.18749999999999997;0.0
Cc1cncc(-c2nc(NCCc3c[nH]c4ccccc34)c3ncn(C(C)C)c3n2)c1;-1.3559095831782506;-0.37245508773755087;-0.16957679805484424;-0.3851146642402806;-0.40117877074897995;0.7347265135360589;-0.6209838283181613;-0.49920768260333204;-0.24710536429033883;-0.030729254193150108;-0.48521256726432327;-0.4361122207682917;-0.15220388682955227;-0.40599897147057507;-0.18749999999999997;1.0
Cc1cncc(C(=O)N(CCCN2CCc3ccccc3C2)C2CCOCC2)c1;-1.2189314920021435;0.3139429821627433;-0.16957679805484424;-0.3851146642402806;1.8823664810226073;0.7347265135360589;-0.6209838283181613;-0.49920768260333204;-0.24710536429033883;-0.030729254193150108;2.060952389667274;1.050315284101127;-0.15220388682955227;-0.40599897147057507;-0.18749999999999997;0.0
Cc1cncc(C(=O)N2CC(C(=O)NC(C)C)C3(CCCC3)C2)c1;0.7444289222304911;0.45995006772312197;-0.16957679805484424;1.6258289027286723;1.8575457789263279;-0.4038847501309328;-0.6209838283181613;-0.49920768260333204;-0.24710536429033883;-0.030729254193150108;2.060952389667274;1.050315284101127;-0.15220388682955227;-0.40599897147057507;-0.18749999999999997;0.0
Cc1cncc(C(=O)N2CC(N3CC(F)(F)C[C@H]3CO)C2)c1;0.8305604305229932;0.21337724144816406;-0.16957679805484424;1.6258289027286723;1.8823664810226073;-0.4038847501309328;1.6103478937742153;1.22725281840656;-0.24710536429033883;-0.030729254193150108;-0.48521256726432327;-0.4361122207682917;-0.15220388682955227;-0.40599897147057507;-0.18749999999999997;0.0
Cc1cncc(C(=O)N2CC(c3nncn3C3CC3)C3(CCC3)C2)c1;-1.9211319092116435;1.8700859420222857;-0.16957679805484424;1.6258289027286723;0.728183504088674;-0.4038847501309328;-0.6209838283181613;-0.49920768260333204;-0.24710536429033883;-0.030729254193150108;-0.48521256726432327;-0.4361122207682917;-0.15220388682955227;-0.40599897147057507;-0.18749999999999997;0.0
Cc1cncc(C(=O)N2CC3(CCN(c4ccc(C#N)c(C(F)(F)F)c4)CC3)CC2C(N)=O)c1;1.0066449604529146;0.7145438570381593;-0.16957679805484424;1.6258289027286723;1.8575457789263279;0.7347265135360589;-0.6209838283181613;-0.49920768260333204;-0.24710536429033883;-0.030729254193150108;-0.48521256726432327;-0.4361122207682917;-0.15220388682955227;-0.40599897147057507;-0.18749999999999997;0.0
Cc1cncc(C(=O)N2CCC(CN(CCN3CCOCC3)C3CCOCC3)CC2)c1;-1.1533886647108427;-0.7803477512376634;-0.16957679805484424;-0.3851146642402806;3.036549457956541;-0.4038847501309328;-0.6209838283181613;-0.49920768260333204;-0.24710536429033883;-0.030729254193150108;-0.48521256726432327;-0.4361122207682917;-0.15220388682955227;-0.40599897147057507;-0.18749999999999997;0.0
Cc1cncc(C(=O)N2CCC3(CC2)CC(C(=O)N(C)C)N(c2ccc(C#N)c(C(F)(F)F)c2)C3)c1;1.2346374657610064;-0.6422138172885459;-0.16957679805484424;1.6258289027286723;1.8575457789263279;0.7347265135360589;-0.6209838283181613;-0.49920768260333204;-0.24710536429033883;-0.030729254193150108;-0.48521256726432327;-0.4361122207682917;-0.15220388682955227;-0.40599897147057507;-0.18749999999999997;0.0
Cc1cncc(C(=O)N2CCC3(CC2)CC(CNS(C)(=O)=O)CCO3)c1;0.8028502915324011;-1.01206353998161;-0.16957679805484424;-0.3851146642402806;0.728183504088674;-0.4038847501309328;-0.6209838283181613;-0.49920768260333204;-0.24710536429033883;-0.030729254193150108;2.060952389667274;1.050315284101127;6.5701344481423405;-0.40599897147057507;-0.18749999999999997;0.0
Cc1cncc(C(=O)N2CCC3(CC2)CC(c2noc(C(C)C)n2)N(C)C3)c1;0.005322126254384615;-1.8551863174525918;-0.16957679805484424;1.6258289027286723;1.8823664810226073;-0.4038847501309328;-0.6209838283181613;-0.49920768260333204;-0.24710536429033883;-0.030729254193150108;-0.48521256726432327;-0.4361122207682917;-0.15220388682955227;-0.40599897147057507;-0.18749999999999997;0.0
Cc1cncc(C(=O)N2CCC3(CC2)CC3NS(C)(=O)=O)c1;0.9857353752631933;0.24675114961559905;-0.16957679805484424;-0.3851146642402806;0.728183504088674;-0.4038847501309328;-0.6209838283181613;-0.49920768260333204;-0.24710536429033883;-0.030729254193150108;-0.48521256726432327;-0.4361122207682917;-0.15220388682955227;-0.40599897147057507;-0.18749999999999997;0.0
Cc1cncc(C(=O)N2CCC3(CC2)Cc2c(c(C(=O)NCC4CC4)nn2C)CO3)c1;-0.9029771885248555;0.22055129649383426;-0.16957679805484424;-0.3851146642402806;2.9603532888446757;0.16542088170256303;-0.6209838283181613;-0.49920768260333204;-0.24710536429033883;-0.030729254193150108;2.060952389667274;1.050315284101127;-0.15220388682955227;-0.40599897147057507;-0.18749999999999997;0.0
Cc1cncc(C(=O)N2CCC3(CC2)Cn2nnc(COc4ccccc4)c2CO3)c1;-1.588593669168159;-0.18409177596426862;-0.16957679805484424;-0.3851146642402806;0.728183504088674;-0.4038847501309328;-0.6209838283181613;-0.49920768260333204;-0.24710536429033883;-0.030729254193150108;2.060952389667274;1.050315284101127;-0.15220388682955227;-0.40599897147057507;-0.18749999999999997;1.0
Cc1cncc(C(=O)N2CCCCC2(C)c2noc(C3CC3)n2)c1;-0.8455425287029924;-1.3906797199055307;-0.16957679805484424;-0.3851146642402806;0.728183504088674;-0.4038847501309328;-0.6209838283181613;-0.49920768260333204;-0.24710536429033883;-0.030729254193150108;2.060952389667274;1.050315284101127;-0.15220388682955227;-0.40599897147057507;-0.18749999999999997;0.0
Cc1cncc(C(=O)N2CC[C@@]3(c4nc(C)n[nH]4)CN(C(=O)C4CC4)C[C@H]3C2)c1;-0.9512502588378233;1.8001133563989797;-0.16957679805484424;1.6258289027286723;3.0585498935311812;-0.4038847501309328;-0.6209838283181613;-0.49920768260333204;-0.24710536429033883;-0.030729254193150108;-0.48521256726432327;-0.4361122207682917;-0.15220388682955227;-0.40599897147057507;-0.18749999999999997;0.0
Cc1cncc(C(=O)N2CCc3c(c(CCNC(=O)c4ccccc4)nn3C)C2)c1;-0.4765973345702188;1.1257207797906483;-0.16957679805484424;-0.3851146642402806;2.9603532888446757;0.7347265135360589;-0.6209838283181613;-0.49920768260333204;-0.24710536429033883;-0.030729254193150108;-0.48521256726432327;-0.4361122207682917;-0.15220388682955227;-0.40599897147057507;-0.18749999999999997;0.0
Cc1cncc(C(=O)N2C[C@@H](c3nc(-c4ccc(F)cc4)no3)[C@]3(CCN(C)C3)C2)c1;-0.9029771885248555;0.10105295027681913;-0.16957679805484424;3.636772469697625;0.728183504088674;0.16542088170256303;1.6103478937742153;1.22725281840656;-0.24710536429033883;-0.030729254193150108;2.060952389667274;1.050315284101127;-0.15220388682955227;-0.40599897147057507;-0.18749999999999997;0.0
Cc1cncc(C(=O)N2C[C@@H]3CN(C(=O)c4ccccc4)C[C@]3(c3nc(C)n[nH]3)C2)c1;-0.9029771885248555;1.894678873439579;-0.16957679805484424;3.636772469697625;3.0585498935311812;0.16542088170256303;-0.6209838283181613;-0.49920768260333204;-0.24710536429033883;-0.030729254193150108;-0.48521256726432327;-0.4361122207682917;-0.15220388682955227;-0.40599897147057507;-0.18749999999999997;0.0
Cc1cncc(C(=O)N2C[C@@H]3C[C@H](N(C)C)CN3C(=O)[C@@H]2CC(C)C)c1;1.3577123427390743;-2.541644028565806;-0.16957679805484424;1.6258289027286723;1.8575457789263279;-0.4038847501309328;-0.6209838283181613;-0.49920768260333204;-0.24710536429033883;-0.030729254193150108;-0.48521256726432327;-0.4361122207682917;-0.15220388682955227;-0.40599897147057507;-0.18749999999999997;0.0
Cc1cncc(C(=O)N2C[C@H](CN(C)C)[C@@H](c3nnc(-c4ccccc4)o3)C2)c1;-0.4860311161420673;0.21965743784380967;-0.16957679805484424;1.6258289027286723;0.728183504088674;0.16542088170256303;-0.6209838283181613;-0.49920768260333204;-0.24710536429033883;-0.030729254193150108;2.060952389667274;1.050315284101127;-0.15220388682955227;-0.40599897147057507;-0.18749999999999997;0.0
Cc1cncc(C(=O)NCCN(C2CCOCC2)C2CCN(C(=O)N(C)C)C2)c1;0.46335713807976014;-0.24895136495734432;-0.16957679805484424;1.6258289027286723;1.8823664810226073;-0.4038847501309328;-0.6209838283181613;-0.49920768260333204;-0.24710536429033883;-0.030729254193150108;-0.48521256726432327;-0.4361122207682917;-0.15220388682955227;-0.40599897147057507;-0.18749999999999997;0.0
Cc1cncc(C)n1;2.45374619350589;0.06743189128518064;-0.16957679805484424;-0.3851146642402806;0.7728067682219961;-1.5424960137979244;-0.6209838283181613;-0.49920768260333204;-0.24710536429033883;-0.030729254193150108;-0.48521256726432327;-0.4361122207682917;-0.15220388682955227;-0.40599897147057507;-0.18749999999999997;0.0
Cc1cncc2cccc(S(=O)(=O)N3CCCNC[C@@H]3C)c12;0.34751245552430693;-2.065682341113088;-0.16957679805484424;-0.3851146642402806;-0.40117877074897995;0.16542088170256303;-0.6209838283181613;-0.49920768260333204;-0.24710536429033883;-0.030729254193150108;-0.48521256726432327;-0.4361122207682917;-0.15220388682955227;-0.40599897147057507;-0.18749999999999997;1.0
Cc1cnccn1;1.315133109580417;0.06743189128518064;-0.16957679805484424;-0.3851146642402806;0.7728067682219961;-1.5424960137979244;-0.6209838283181613;-0.49920768260333204;-0.24710536429033883;-0.030729254193150108;-0.48521256726432327;-0.4361122207682917;-0.15220388682955227;-0.40599897147057507;-0.18749999999999997;0.0
Cc1cnn(-c2ccc(C(F)(F)F)cc2[N+](=O)[O-])c1;2.4428232553104667;0.16838599804015977;-0.16957679805484424;-0.3851146642402806;0.807282431207023;-0.4038847501309328;1.6103478937742153;2.090483068911506;-0.24710536429033883;-0.030729254193150108;-0.48521256726432327;-0.4361122207682917;-0.15220388682955227;2.463060426921489;-0.18749999999999997;0.0
Cc1cnn(-c2ccc([N+](=O)[O-])cc2Cl)c1;1.3971709483520578;0.29922311268029217;-0.16957679805484424;-0.3851146642402806;0.807282431207023;-0.9731903819644286;-0.6209838283181613;-0.49920768260333204;-0.24710536429033883;-0.030729254193150108;-0.48521256726432327;-0.4361122207682917;-0.15220388682955227;-0.40599897147057507;-0.18749999999999997;0.0
Cc1cnn(-c2ccc([N+](=O)[O-])cc2F)c1;1.3971709483520578;0.13800816398532825;-0.16957679805484424;-0.3851146642402806;0.807282431207023;-0.9731903819644286;-0.6209838283181613;-0.49920768260333204;-0.24710536429033883;-0.030729254193150108;-0.48521256726432327;-0.4361122207682917;-0.15220388682955227;-0.40599897147057507;-0.18749999999999997;1.0
Cc1cnn(C(=O)Cn2cc(Br)c(C)n2)c1;1.3971709483520578;-0.00894161022958315;-0.16957679805484424;-0.3851146642402806;0.657005475036045;-0.9731903819644286;-0.6209838283181613;-0.49920768260333204;-0.24710536429033883;32.54228019054596;-0.48521256726432327;-0.4361122207682917;-0.15220388682955227;-0.40599897147057507;-0.18749999999999997;0.0
Cc1cnn(C(=O)c2c(C)noc2C)c1;1.5038501895079863;-0.3502774091294619;-0.16957679805484424;-0.3851146642402806;-0.4458020348823024;-0.4038847501309328;-0.6209838283181613;-0.49920768260333204;-0.24710536429033883;-0.030729254193150108;-0.48521256726432327;-0.4361122207682917;-0.15220388682955227;-0.40599897147057507;-0.18749999999999997;0.0
Cc1cnn(C(=O)c2cc(C(F)(F)F)nn2C)c1;2.5898144177714313;-0.6114963552840865;-0.16957679805484424;-0.3851146642402806;0.657005475036045;-0.9731903819644286;1.6103478937742153;2.090483068911506;-0.24710536429033883;-0.030729254193150108;-0.48521256726432327;-0.4361122207682917;-0.15220388682955227;2.463060426921489;-0.18749999999999997;0.0
Cc1cnn(C(=O)c2ccc(Cn3nc(C)c(Br)c3C)o2)c1;0.675385485782793;-0.6808142275450814;-0.16957679805484424;-0.3851146642402806;0.657005475036045;-0.9731903819644286;-0.6209838283181613;-0.49920768260333204;-0.24710536429033883;-0.030729254193150108;-0.48521256726432327;-0.4361122207682917;-0.15220388682955227;-0.40599897147057507;-0.18749999999999997;0.0
Cc1cnn(C(=O)c2cccc([N+](=O)[O-])c2)c1;1.3030422061556484;-0.1523350954571326;-0.16957679805484424;-0.3851146642402806;1.9366447060446763;-0.4038847501309328;-0.6209838283181613;-0.49920768260333204;-0.24710536429033883;-0.030729254193150108;2.060952389667274;2.536742788970546;-0.15220388682955227;-0.40599897147057507;-0.18749999999999997;0.0
Cc1cnn(C(=O)c2cn[nH]c2)c1;0.131513636973184;0.502520764081408;-0.16957679805484424;-0.3851146642402806;0.7552020797225507;-0.4038847501309328;-0.6209838283181613;-0.49920768260333204;-0.24710536429033883;-0.030729254193150108;-0.48521256726432327;-0.4361122207682917;-0.15220388682955227;-0.40599897147057507;-0.18749999999999997;1.0
Cc1cnn(C2CCN(c3nc4ccccc4n3Cc3ccc(F)cc3)CC2)c1;-1.801869558293904;0.21631797917668366;-0.16957679805484424;-0.3851146642402806;-0.472356799801609;-0.4038847501309328;1.6103478937742153;0.364022567901614;-0.24710536429033883;-0.030729254193150108;-0.48521256726432327;-0.4361122207682917;-0.15220388682955227;-0.40599897147057507;-0.18749999999999997;1.0
Cc1cnn(CC(=O)N(C)C2CCc3nn(CC4CC4)c(=O)n3CC2)c1;-0.5186865138907263;-0.5833061292037723;-0.16957679805484424;-0.3851146642402806;1.732794409320516;-0.9731903819644286;-0.6209838283181613;-0.49920768260333204;-0.24710536429033883;-0.030729254193150108;-0.48521256726432327;-0.4361122207682917;-0.15220388682955227;-0.40599897147057507;-0.18749999999999997;0.0
Cc1cnn(CC(=O)N(C)CCN(C2CCOCC2)C2CCN(C(=O)N(C)C)C2)c1;0.7953798261765722;-1.6962172474898147;-0.16957679805484424;1.6258289027286723;1.8111884519699784;-0.9731903819644286;-0.6209838283181613;-0.49920768260333204;-0.24710536429033883;-0.030729254193150108;-0.48521256726432327;-0.4361122207682917;-0.15220388682955227;-0.40599897147057507;-0.18749999999999997;0.0
Cc1cnn(CC(=O)N2CC(N(CCN3CCCCC3)S(C)(=O)=O)C2)c1;0.6715484152137718;-0.5543220772668299;-0.16957679805484424;-0.3851146642402806;0.657005475036045;-0.9731903819644286;-0.6209838283181613;-0.49920768260333204;-0.24710536429033883;-0.030729254193150108;-0.48521256726432327;-0.4361122207682917;6.5701344481423405;-0.40599897147057507;-0.18749999999999997;0.0
Cc1cnn(CC(=O)N2CC3(C2)C(CN2CCCCC2)CCS3(=O)=O)c1;-0.25608276125345336;1.2140607054258137;-0.16957679805484424;1.6258289027286723;0.657005475036045;-0.9731903819644286;-0.6209838283181613;-0.49920768260333204;-0.24710536429033883;-0.030729254193150108;2.060952389667274;2.536742788970546;-0.15220388682955227;-0.40599897147057507;-0.18749999999999997;0.0
Cc1cnn(CC(=O)N2CC3(CC(CCOCc4ccccc4F)CO3)C2)c1;-0.7537532630292642;-1.1508584432930682;-0.16957679805484424;1.6258289027286723;0.657005475036045;-0.4038847501309328;-0.6209838283181613;-0.49920768260333204;-0.24710536429033883;-0.030729254193150108;-0.48521256726432327;-0.4361122207682917;-0.15220388682955227;-0.40599897147057507;-0.18749999999999997;0.0
Cc1cnn(CC(=O)N2CCC(=O)N(Cc3ccc(F)cc3)C3(CCOC3)C2)c1;-0.36831219254605563;-0.24104530525773052;-0.16957679805484424;1.6258289027286723;1.7863677498736987;-0.4038847501309328;1.6103478937742153;0.364022567901614;-0.24710536429033883;-0.030729254193150108;2.060952389667274;2.536742788970546;-0.15220388682955227;-0.40599897147057507;-0.18749999999999997;0.0
Cc1cnn(CC(=O)N2CCC(CCc3noc(N(C)C)n3)CC2)c1;0.1448948892115773;-0.2968979401162315;-0.16957679805484424;-0.3851146642402806;0.657005475036045;-0.9731903819644286;-0.6209838283181613;-0.49920768260333204;-0.24710536429033883;-0.030729254193150108;-0.48521256726432327;-0.4361122207682917;-0.15220388682955227;-0.40599897147057507;-0.18749999999999997;0.0
Cc1cnn(CC(=O)N2CCC(N(CCCN3CCOCC3)S(C)(=O)=O)C2)c1;0.609079409199439;-2.542512391802023;-0.16957679805484424;1.6258289027286723;1.8111884519699784;-0.9731903819644286;-0.6209838283181613;-0.49920768260333204;-0.24710536429033883;-0.030729254193150108;-0.48521256726432327;-0.4361122207682917;6.5701344481423405;-0.40599897147057507;-0.18749999999999997;0.0
Cc1cnn(CC(=O)N2CCC(N3CC(F)(F)C[C@H]3CO)CC2)c1;0.7444289222304911;-1.216751547645965;-0.16957679805484424;1.6258289027286723;1.8111884519699784;-0.9731903819644286;-0.6209838283181613;-0.49920768260333204;-0.24710536429033883;-0.030729254193150108;-0.48521256726432327;-0.4361122207682917;-0.15220388682955227;-0.40599897147057507;-0.18749999999999997;0.0
Cc1cnn(CC(=O)N2CCC(c3nc(C)no3)N(C(=O)c3ccccc3)CC2)c1;-0.47659733457022607;0.26171455792518455;-0.16957679805484424;-0.3851146642402806;1.7863677498736987;-0.4038847501309328;-0.6209838283181613;-0.49920768260333204;-0.24710536429033883;-0.030729254193150108;-0.48521256726432327;-0.4361122207682917;-0.15220388682955227;-0.40599897147057507;-0.18749999999999997;0.0
Cc1cnn(CC(=O)N2CCC3(CC2)CC(C(=O)NCc2ccccn2)N(C)C3)c1;-0.36280237509408025;-0.4338759574327022;-0.16957679805484424;1.6258289027286723;4.11453626577861;-0.9731903819644286;-0.6209838283181613;-0.49920768260333204;-0.24710536429033883;-0.030729254193150108;-0.48521256726432327;-0.4361122207682917;-0.15220388682955227;-0.40599897147057507;-0.18749999999999997;0.0
Cc1cnn(CC(=O)N2CCC3(CC2)CC(OCCOCc2ccccc2)CCO3)c1;-1.0432645103790776;-0.0597309648856464;-0.16957679805484424;-0.3851146642402806;0.657005475036045;-0.4038847501309328;-0.6209838283181613;-0.49920768260333204;-0.24710536429033883;-0.030729254193150108;2.060952389667274;1.050315284101127;-0.15220388682955227;-0.40599897147057507;-0.18749999999999997;1.0
Cc1cnn(CC(=O)N2CCCC(CCc3noc(-c4ccncc4)n3)C2)c1;-1.2552141285383949;-0.4617811727346689;-0.16957679805484424;-0.3851146642402806;1.8309910140070214;-0.4038847501309328;-0.6209838283181613;-0.49920768260333204;-0.24710536429033883;-0.030729254193150108;-0.48521256726432327;-0.4361122207682917;-0.15220388682955227;-0.40599897147057507;-0.18749999999999997;0.0
Cc1cnn(CC(=O)N2CCCC(OCc3noc(C4CCOCC4)n3)C2)c1;-1.2552141285383949;-0.012189293313639146;-0.16957679805484424;-0.3851146642402806;0.657005475036045;-0.9731903819644286;-0.6209838283181613;-0.49920768260333204;-0.24710536429033883;-0.030729254193150108;-0.48521256726432327;-0.4361122207682917;-0.15220388682955227;-0.40599897147057507;-0.18749999999999997;1.0
Cc1cnn(CC(=O)N2CCCC2CCc2noc(-c3ccccc3)n2)c1;-1.2941843677810418;-0.8836919545451274;-0.16957679805484424;1.6258289027286723;0.657005475036045;-0.4038847501309328;-0.6209838283181613;-0.49920768260333204;-0.24710536429033883;-0.030729254193150108;-0.48521256726432327;-0.4361122207682917;-0.15220388682955227;-0.40599897147057507;-0.18749999999999997;0.0
Cc1cnn(CC(=O)N2CCCC3(C2)Cn2nnc(CNC(=O)c4ccccc4)c2CO3)c1;-1.1825873827944209;-0.4498672579866053;-0.16957679805484424;-0.3851146642402806;1.7863677498736987;-0.4038847501309328;-0.6209838283181613;-0.49920768260333204;-0.24710536429033883;-0.030729254193150108;-0.48521256726432327;-0.4361122207682917;-0.15220388682955227;-0.40599897147057507;-0.18749999999999997;0.0
Cc1cnn(CC(=O)N2CCCC3(CCOCC3)C2C(=O)N2CCCCC2)c1;-0.7537532630292714;0.17220714263652817;-0.16957679805484424;-0.3851146642402806;1.7863677498736987;-0.9731903819644286;-0.6209838283181613;-0.49920768260333204;-0.24710536429033883;-0.030729254193150108;2.060952389667274;1.050315284101127;-0.15220388682955227;-0.40599897147057507;-0.18749999999999997;1.0
Cc1cnn(CC(=O)N2CCC[C@H]2Cn2cc(C(=O)NCc3ccccc3)nn2)c1;-0.8308325162359331;-1.1065343993352663;-0.16957679805484424;1.6258289027286723;1.7863677498736987;-0.4038847501309328;-0.6209838283181613;-0.49920768260333204;-0.24710536429033883;-0.030729254193150108;-0.48521256726432327;-0.4361122207682917;-0.15220388682955227;-0.40599897147057507;-0.18749999999999997;0.0
Cc1cnn(CC(=O)N2CCc3c(C(N)=O)nc(-c4ccccc4)n3CC2)c1;-0.4961387392547461;-0.627752403754478;-0.16957679805484424;-0.3851146642402806;1.7863677498736987;-0.4038847501309328;-0.6209838283181613;-0.49920768260333204;-0.24710536429033883;-0.030729254193150108;-0.48521256726432327;-0.4361122207682917;-0.15220388682955227;-0.40599897147057507;-0.18749999999999997;0.0
Cc1cnn(CC(=O)N2CCn3c(nn(C)c3=O)C2)c1;0.2318730287612026;-0.6784123948699657;-0.16957679805484424;-0.3851146642402806;1.732794409320516;-0.9731903819644286;-0.6209838283181613;-0.49920768260333204;-0.24710536429033883;-0.030729254193150108;-0.48521256726432327;-0.4361122207682917;-0.15220388682955227;-0.40599897147057507;-0.18749999999999997;0.0
Cc1cnn(CC(=O)N2C[C@@H](NC(=O)c3ccccc3)C[C@H]2c2nc(C)n[nH]2)c1;-0.48603111614206007;-0.21062300059365793;-0.16957679805484424;1.6258289027286723;2.987371864478552;-0.4038847501309328;-0.6209838283181613;-0.49920768260333204;-0.24710536429033883;-0.030729254193150108;-0.48521256726432327;-0.4361122207682917;-0.15220388682955227;-0.40599897147057507;-0.18749999999999997;0.0
Cc1cnn(CC(=O)N2C[C@@H]3CN(Cc4cccnc4)C[C@]3(C(=O)N(C)C)C2)c1;-0.0018620046159958526;-0.05589364040915169;-0.16957679805484424;3.636772469697625;4.11453626577861;-0.4038847501309328;-0.6209838283181613;-0.49920768260333204;-0.24710536429033883;-0.030729254193150108;2.060952389667274;1.050315284101127;-0.15220388682955227;-0.40599897147057507;-0.18749999999999997;1.0
Cc1cnn(CC(=O)N2N=C(C(F)F)CC2(O)C(F)F)c1;2.6968886648998214;-0.8358688868865706;-0.16957679805484424;1.6258289027286723;0.657005475036045;-0.9731903819644286;1.6103478937742153;1.22725281840656;-0.24710536429033883;-0.030729254193150108;-0.48521256726432327;-0.4361122207682917;-0.15220388682955227;2.463060426921489;-0.18749999999999997;0.0
Cc1cnn(CC(=O)N2[C@@H]3CC[C@H]2Cc2nn(Cc4ccccc4)c(=O)n2C3)c1;-1.4354193703638587;-0.7450183407905004;-0.16957679805484424;1.6258289027286723;1.732794409320516;-0.4038847501309328;-0.6209838283181613;-0.49920768260333204;-0.24710536429033883;-0.030729254193150108;-0.48521256726432327;-0.4361122207682917;-0.15220388682955227;-0.40599897147057507;-0.18749999999999997;0.0
Cc1cnn(CC(=O)NCC2(N3CCOCC3)CCOC2)c1;-0.6185834944730655;0.36238321374986315;-0.16957679805484424;1.6258289027286723;1.8111884519699784;-0.9731903819644286;-0.6209838283181613;-0.49920768260333204;-0.24710536429033883;-0.030729254193150108;2.060952389667274;2.536742788970546;-0.15220388682955227;-0.40599897147057507;-0.18749999999999997;0.0
Cc1cnn(CC(=O)NCC2CCc3nc(-c4ccc(F)cc4)[nH]c(=O)c3CC2)c1;-0.4765973345702188;-0.2274750628978897;-0.16957679805484424;-0.3851146642402806;1.7863677498736987;0.16542088170256303;1.6103478937742153;1.22725281840656;-0.24710536429033883;-0.030729254193150108;-0.48521256726432327;-0.4361122207682917;-0.15220388682955227;-0.40599897147057507;-0.18749999999999997;0.0
Cc1cnn(CC(=O)NCCc2c[nH]c3ccc(Cl)cc23)c1;-0.29071046421457947;0.1424293869264877;-0.16957679805484424;-0.3851146642402806;0.657005475036045;0.16542088170256303;-0.6209838283181613;-0.49920768260333204;-0.24710536429033883;-0.030729254193150108;-0.48521256726432327;-0.4361122207682917;-0.15220388682955227;-0.40599897147057507;-0.18749999999999997;1.0
Cc1cnn(CC(=O)N[C@@H]2C[C@H]3CN(Cc4ccccc4)C[C@@]3(c3nc(C)no3)C2)c1;-1.2457854288465;1.291226268489949;-0.16957679805484424;1.6258289027286723;1.8111884519699784;-0.4038847501309328;-0.6209838283181613;-0.49920768260333204;-0.24710536429033883;-0.030729254193150108;-0.48521256726432327;-0.4361122207682917;-0.15220388682955227;-0.40599897147057507;-0.18749999999999997;0.0
Cc1cnn(CCC(=O)N(CCCN2CCc3ccccc3C2)C2CCOCC2)c1;-1.185067697901633;0.9569246925180038;-0.16957679805484424;-0.3851146642402806;1.8111884519699784;0.16542088170256303;-0.6209838283181613;-0.49920768260333204;-0.24710536429033883;-0.030729254193150108;2.060952389667274;1.050315284101127;-0.15220388682955227;-0.40599897147057507;-0.18749999999999997;0.0
Cc1cnn(CCC(=O)N2CC(n3cc(COc4ccc(F)cc4)nn3)C2)c1;-0.8756764338965705;-0.501833626754474;-0.16957679805484424;-0.3851146642402806;0.657005475036045;-0.9731903819644286;-0.6209838283181613;-0.49920768260333204;-0.24710536429033883;-0.030729254193150108;-0.48521256726432327;-0.4361122207682917;-0.15220388682955227;-0.40599897147057507;-0.18749999999999997;0.0
Cc1cnn(CCC(=O)N2CCC(CCc3noc(-c4cccnc4)n3)C2)c1;-1.2552141285383949;0.036428173242457416;-0.16957679805484424;1.6258289027286723;1.8309910140070214;-0.4038847501309328;-0.6209838283181613;-0.49920768260333204;-0.24710536429033883;-0.030729254193150108;-0.48521256726432327;-0.4361122207682917;-0.15220388682955227;-0.40599897147057507;-0.18749999999999997;0.0
Cc1cnn(CCC(=O)N2CCC(CN3CC(C(=O)N4CCOCC4)CC3=O)CC2)c1;-0.4677721840675391;0.5241947658335236;-0.16957679805484424;1.6258289027286723;2.9157300247113525;-0.9731903819644286;-0.6209838283181613;-0.49920768260333204;-0.24710536429033883;-0.030729254193150108;-0.48521256726432327;-0.4361122207682917;-0.15220388682955227;-0.40599897147057507;-0.18749999999999997;0.0
Cc1cnn(CCC(=O)N2CCC(N3CCC(CC4CC4)(C(N)=O)CC3)CC2)c1;-0.3683121925460484;-1.032499524478722;-0.16957679805484424;-0.3851146642402806;1.7863677498736987;-0.9731903819644286;-0.6209838283181613;-0.49920768260333204;-0.24710536429033883;-0.030729254193150108;-0.48521256726432327;-0.4361122207682917;-0.15220388682955227;-0.40599897147057507;-0.18749999999999997;0.0
Cc1cnn(CCC(=O)N2CCC3(CC2)CC(CCOCC2CC2)CCO3)c1;-1.1332909576710886;-0.3754692705014532;-0.16957679805484424;-0.3851146642402806;0.657005475036045;-0.9731903819644286;-0.6209838283181613;-0.49920768260333204;-0.24710536429033883;-0.030729254193150108;2.060952389667274;2.536742788970546;-0.15220388682955227;-0.40599897147057507;-0.18749999999999997;0.0
Cc1cnn(CCC(=O)N2CCC3(CC2)CC(CCOc2ccc(F)cc2)CCO3)c1;-0.7004562700574332;0.054694092707862976;-0.16957679805484424;-0.3851146642402806;0.657005475036045;-0.9731903819644286;-0.6209838283181613;-0.49920768260333204;-0.24710536429033883;-0.030729254193150108;2.060952389667274;2.536742788970546;-0.15220388682955227;-0.40599897147057507;-0.18749999999999997;0.0
Cc1cnn(CCC(=O)N2CCCC(CC3CC3)(C(N)=O)C2)c1;0.3235763631542528;0.8175300034274351;-0.16957679805484424;-0.3851146642402806;1.7863677498736987;-0.9731903819644286;-0.6209838283181613;-0.49920768260333204;-0.24710536429033883;-0.030729254193150108;2.060952389667274;1.050315284101127;-0.15220388682955227;-0.40599897147057507;-0.18749999999999997;1.0
Cc1cnn(CCC(=O)N2CCCC2CCc2noc(-c3ccncc3)n2)c1;-1.2552141285383949;0.17054745083986864;-0.16957679805484424;1.6258289027286723;1.8309910140070214;-0.4038847501309328;-0.6209838283181613;-0.49920768260333204;-0.24710536429033883;-0.030729254193150108;-0.48521256726432327;-0.4361122207682917;-0.15220388682955227;-0.40599897147057507;-0.18749999999999997;0.0
Cc1cnn(CCC(=O)N2CCCN(CC(C)C)C(c3nc(C)no3)C2)c1;0.5127182348995003;-0.43390726029170607;-0.16957679805484424;-0.3851146642402806;1.8111884519699784;-0.9731903819644286;-0.6209838283181613;-0.49920768260333204;-0.24710536429033883;-0.030729254193150108;2.060952389667274;1.050315284101127;-0.15220388682955227;-0.40599897147057507;-0.18749999999999997;0.0
Cc1cnn(CCC(=O)N2CCn3c(nnc3C3CCN(S(=O)(=O)C(C)C)CC3)C2)c1;0.32796845090752946;0.6695242473688439;-0.16957679805484424;-0.3851146642402806;0.657005475036045;-0.9731903819644286;-0.6209838283181613;-0.49920768260333204;-0.24710536429033883;-0.030729254193150108;-0.48521256726432327;-0.4361122207682917;-0.15220388682955227;-0.40599897147057507;-0.18749999999999997;0.0
Cc1cnn(CCC(=O)NCCN(C2CCOCC2)C2CCCN(S(C)(=O)=O)C2)c1;0.5549396039870182;-1.508131062259303;-0.16957679805484424;-0.3851146642402806;1.8111884519699784;-0.9731903819644286;-0.6209838283181613;-0.49920768260333204;-0.24710536429033883;-0.030729254193150108;-0.48521256726432327;-0.4361122207682917;-0.15220388682955227;-0.40599897147057507;-0.18749999999999997;0.0
Cc1cnn(CCC(=O)N[C@@H]2CN(Cc3ccccc3)C[C@H]2CO)c1;-0.28018732878725816;0.668162401777779;-0.16957679805484424;1.6258289027286723;1.8111884519699784;-0.4038847501309328;-0.6209838283181613;-0.49920768260333204;-0.24710536429033883;-0.030729254193150108;2.060952389667274;1.050315284101127;-0.15220388682955227;-0.40599897147057507;-0.18749999999999997;0.0
Cc1cnn(CCC(=O)N[C@@H]2CN(Cc3cccnc3)C[C@H]2CN(C)C)c1;0.11912358860428872;1.077804618450772;-0.16957679805484424;1.6258289027286723;2.985173990940954;-0.4038847501309328;-0.6209838283181613;-0.49920768260333204;-0.24710536429033883;-0.030729254193150108;-0.48521256726432327;-0.4361122207682917;-0.15220388682955227;-0.40599897147057507;-0.18749999999999997;0.0
Cc1cnn(CCC(=O)Nc2ccc([N+](=O)[O-])cc2O)c1;1.5222239180318908;0.6606153783895276;-0.16957679805484424;-0.3851146642402806;3.0394522159630246;-0.9731903819644286;-0.6209838283181613;-0.49920768260333204;-0.24710536429033883;-0.030729254193150108;-0.48521256726432327;-0.4361122207682917;-0.15220388682955227;-0.40599897147057507;-0.18749999999999997;0.0
Cc1cnn(CCCC(=O)O)c1;2.4537461935058973;-0.020242142568568558;-0.16957679805484424;-0.3851146642402806;0.657005475036045;-0.9731903819644286;-0.6209838283181613;-0.49920768260333204;-0.24710536429033883;-0.030729254193150108;-0.48521256726432327;-0.4361122207682917;-0.15220388682955227;-0.40599897147057507;-0.18749999999999997;0.0
Cc1cnn(CCCNC(=O)NC23CC4CC(CC(C4)C2)C3)c1;-1.335524281298079;-0.247767479465313;-0.16957679805484424;-0.3851146642402806;-0.472356799801609;-0.9731903819644286;-0.6209838283181613;-0.49920768260333204;-0.24710536429033883;-0.030729254193150108;-0.48521256726432327;-0.4361122207682917;-0.15220388682955227;-0.40599897147057507;-0.18749999999999997;1.0
Cc1cnn(CCCNC(=O)c2ccc(COc3ccccc3[N+](=O)[O-])o2)c1;0.10761854369031555;0.16392635006610923;-0.16957679805484424;-0.3851146642402806;3.0394522159630246;-0.9731903819644286;-0.6209838283181613;-0.49920768260333204;-0.24710536429033883;-0.030729254193150108;2.060952389667274;1.050315284101127;-0.15220388682955227;-0.40599897147057507;-0.18749999999999997;1.0
Cc1cnn(CCCNC(=S)Nc2cn(C)nc2C)c1;1.0771332248842715;0.5451905724000766;-0.16957679805484424;-0.3851146642402806;0.6304507101167385;-0.9731903819644286;-0.6209838283181613;-0.49920768260333204;-0.24710536429033883;-0.030729254193150108;-0.48521256726432327;-0.4361122207682917;-0.15220388682955227;-0.40599897147057507;-0.18749999999999997;0.0
Cc1cnn(CCNC(=O)c2cc(-c3cccs3)nc3c2c(C)nn3C)c1;-0.5069950751905825;-1.4396354502078486;-0.16957679805484424;-0.3851146642402806;1.7598129849543926;0.16542088170256303;-0.6209838283181613;-0.49920768260333204;-0.24710536429033883;-0.030729254193150108;-0.48521256726432327;-0.4361122207682917;6.5701344481423405;-0.40599897147057507;-0.18749999999999997;0.0
Cc1cnn(CCc2nnc(NCC(C)C)s2)c1;0.628980243649341;-1.0638367637666217;-0.16957679805484424;-0.3851146642402806;-0.472356799801609;-0.9731903819644286;-0.6209838283181613;-0.49920768260333204;-0.24710536429033883;-0.030729254193150108;-0.48521256726432327;-0.4361122207682917;-0.15220388682955227;-0.40599897147057507;-0.18749999999999997;1.0
Cc1cnn(Cc2c(C(=O)N3CC(c4nncn4C)C4(CCOCC4)C3)noc2C)c1;-0.9029771885248555;0.5121424652149015;-0.16957679805484424;1.6258289027286723;0.657005475036045;-0.4038847501309328;-0.6209838283181613;-0.49920768260333204;-0.24710536429033883;-0.030729254193150108;-0.48521256726432327;-0.4361122207682917;-0.15220388682955227;-0.40599897147057507;-0.18749999999999997;0.0
Cc1cnn(Cc2c(C(=O)N3CCCC(c4[nH]ccc4C(N)=O)C3)noc2C)c1;-0.11958092821202199;0.35503561089635494;-0.16957679805484424;-0.3851146642402806;1.7863677498736987;0.16542088170256303;-0.6209838283181613;-0.49920768260333204;-0.24710536429033883;-0.030729254193150108;-0.48521256726432327;-0.4361122207682917;-0.15220388682955227;-0.40599897147057507;-0.18749999999999997;0.0
Cc1cnn(Cc2c(C(=O)N3CCn4nc(C(=O)NCC(C)C)cc4C3)noc2C)c1;0.21784429657576446;0.3767493915946756;-0.16957679805484424;-0.3851146642402806;2.8891752597920464;-0.4038847501309328;-0.6209838283181613;-0.49920768260333204;-0.24710536429033883;-0.030729254193150108;-0.48521256726432327;-0.4361122207682917;-0.15220388682955227;-0.40599897147057507;-0.18749999999999997;1.0
Cc1cnn(Cc2cc(C(=O)N3CCC(Oc4cc(N5CCCCC5)ncn4)C3)no2)c1;-1.651977193671389;-0.32576372902307954;-0.16957679805484424;1.6258289027286723;0.657005475036045;-0.9731903819644286;-0.6209838283181613;-0.49920768260333204;-0.24710536429033883;-0.030729254193150108;-0.48521256726432327;-0.4361122207682917;-0.15220388682955227;-0.40599897147057507;-0.18749999999999997;0.0
Cc1cnn(Cc2cc(C(=O)N3CCC4(CC3)CC(OCC(=O)N(C)C)CCO4)no2)c1;-0.02072034815078074;0.5012323147639058;-0.16957679805484424;-0.3851146642402806;1.7863677498736987;-0.9731903819644286;-0.6209838283181613;-0.49920768260333204;-0.24710536429033883;-0.030729254193150108;2.060952389667274;1.050315284101127;-0.15220388682955227;-0.40599897147057507;-0.18749999999999997;1.0
Cc1cnn(Cc2cc(C(=O)N3CCC4(CC3)CC(Oc3ncccn3)CCO4)no2)c1;-1.5452944191624969;-0.10369525259359215;-0.16957679805484424;-0.3851146642402806;0.657005475036045;-0.9731903819644286;-0.6209838283181613;-0.49920768260333204;-0.24710536429033883;-0.030729254193150108;2.060952389667274;1.050315284101127;-0.15220388682955227;-0.40599897147057507;-0.18749999999999997;1.0
Cc1cnn(Cc2cc(C(=O)N3CCC4(CC3)CCC4(C)O)no2)c1;-0.2582053649441235;-0.15115165996780222;-0.16957679805484424;-0.3851146642402806;0.657005475036045;-0.9731903819644286;-0.6209838283181613;-0.49920768260333204;-0.24710536429033883;-0.030729254193150108;-0.48521256726432327;-0.4361122207682917;-0.15220388682955227;-0.40599897147057507;-0.18749999999999997;1.0
Cc1cnn(Cc2cc(C(=O)N3CCCC3C(=O)NCc3cscn3)no2)c1;-0.8756764338965705;-0.24325125810596696;-0.16957679805484424;1.6258289027286723;1.7863677498736987;-0.9731903819644286;-0.6209838283181613;-0.49920768260333204;-0.24710536429033883;-0.030729254193150108;-0.48521256726432327;-0.4361122207682917;6.5701344481423405;-0.40599897147057507;-0.18749999999999997;0.0
Cc1cnn(Cc2cc(C(=O)N3CCCOCCNC(=O)[C@@H]4CCCC[C@@H]43)no2)c1;-0.8308325162359331;0.746015047412604;-0.16957679805484424;-0.3851146642402806;1.7863677498736987;-0.9731903819644286;-0.6209838283181613;-0.49920768260333204;-0.24710536429033883;-0.030729254193150108;2.060952389667274;2.536742788970546;-0.15220388682955227;-0.40599897147057507;-0.18749999999999997;0.0
Cc1cnn(Cc2cc(C(=O)N3C[C@@H]4CN[C@H](CCCC(=O)N(C)C)[C@H](C4)C3)no2)c1;-0.12496394374588732;0.6894739110634412;-0.16957679805484424;-0.3851146642402806;1.7863677498736987;-0.9731903819644286;-0.6209838283181613;-0.49920768260333204;-0.24710536429033883;-0.030729254193150108;-0.48521256726432327;-0.4361122207682917;-0.15220388682955227;-0.40599897147057507;-0.18749999999999997;0.0
Cc1cnn(S(=O)(=O)c2ccc3ccccc3c2)c1;-0.12488044323556409;0.31676267309832284;-0.16957679805484424;-0.3851146642402806;-1.5751643097199564;0.16542088170256303;-0.6209838283181613;-0.49920768260333204;-0.24710536429033883;-0.030729254193150108;-0.48521256726432327;-0.4361122207682917;-0.15220388682955227;-0.40599897147057507;-0.18749999999999997;1.0
Cc1cnn(S(=O)(=O)c2cccs2)c1;1.1105402747085698;0.072742089372893;-0.16957679805484424;-0.3851146642402806;-1.5751643097199564;-0.9731903819644286;-0.6209838283181613;-0.49920768260333204;-0.24710536429033883;-0.030729254193150108;-0.48521256726432327;-0.4361122207682917;-0.15220388682955227;-0.40599897147057507;-0.18749999999999997;0.0
Cc1cnn2c(C(=O)O)cc(-c3cnn(C)c3)nc12;0.2547620128532062;0.6792614771493618;-0.16957679805484424;-0.3851146642402806;-0.472356799801609;-0.4038847501309328;-0.6209838283181613;-0.49920768260333204;-0.24710536429033883;-0.030729254193150108;-0.48521256726432327;-0.4361122207682917;-0.15220388682955227;-0.40599897147057507;-0.18749999999999997;1.0
Cc1cnn2c(NCCc3c[nH]c4ccccc34)cc(-c3cncc(F)c3)nc12;-1.8018695582938966;1.2016636522744613;-0.16957679805484424;-0.3851146642402806;-0.40117877074897995;0.7347265135360589;-0.6209838283181613;-0.49920768260333204;-0.24710536429033883;-0.030729254193150108;-0.48521256726432327;-0.4361122207682917;-0.15220388682955227;-0.40599897147057507;-0.18749999999999997;1.0
Cc1coc2c(C)c3oc(=O)c(CC(=O)NCCCC(=O)O)c(C)c3cc12;1.2999075274899743;0.04712403172887921;-0.16957679805484424;-0.3851146642402806;0.6835602399553516;1.8733377772030504;-0.6209838283181613;-0.49920768260333204;-0.24710536429033883;-0.030729254193150108;2.060952389667274;1.050315284101127;-0.15220388682955227;-0.40599897147057507;-0.18749999999999997;0.0
Cc1coc2c(C)c3oc(=O)c(CCC(=O)N4CCC(C(N)=O)CC4)c(C)c3cc12;0.5861082104268952;-0.581347961255397;-0.16957679805484424;-0.3851146642402806;0.6835602399553516;1.8733377772030504;-0.6209838283181613;-0.49920768260333204;-0.24710536429033883;-0.030729254193150108;2.060952389667274;4.023170293839964;-0.15220388682955227;-0.40599897147057507;-0.18749999999999997;0.0
Cc1coc2c(C)c3oc(=O)c(CCC(=O)N4CCCC4C(N)=O)c(C)c3cc12;0.6133194476480687;-0.5864890724905136;-0.16957679805484424;1.6258289027286723;0.6835602399553516;1.8733377772030504;-0.6209838283181613;-0.49920768260333204;-0.24710536429033883;-0.030729254193150108;2.060952389667274;4.023170293839964;-0.15220388682955227;-0.40599897147057507;-0.18749999999999997;0.0
Cc1coc2c(C)c3oc(=O)c(CCC(=O)N4CCN(Cc5ccncc5)CC4)c(C)c3cc12;-0.6290629172218996;-0.08421643605152074;-0.16957679805484424;-0.3851146642402806;1.8823664810226073;2.4426434090365463;-0.6209838283181613;-0.49920768260333204;-0.24710536429033883;-0.030729254193150108;2.060952389667274;4.023170293839964;-0.15220388682955227;-0.40599897147057507;-0.18749999999999997;1.0
Cc1coc2c(C)c3oc(=O)c(CCC(=O)N4CCN(S(C)(=O)=O)CC4)c(C)c3cc12;1.0135849315508185;-0.9991670198648732;-0.16957679805484424;-0.3851146642402806;-0.4458020348823024;1.8733377772030504;-0.6209838283181613;-0.49920768260333204;-0.24710536429033883;-0.030729254193150108;2.060952389667274;4.023170293839964;6.5701344481423405;-0.40599897147057507;-0.18749999999999997;0.0
Cc1coc2c(C)c3oc(=O)c(CCC(=O)NCC(C)C)c(C)c3cc12;1.3577123427390743;0.4628380281150735;-0.16957679805484424;-0.3851146642402806;-0.4458020348823024;1.8733377772030504;-0.6209838283181613;-0.49920768260333204;-0.24710536429033883;-0.030729254193150108;2.060952389667274;4.023170293839964;-0.15220388682955227;-0.40599897147057507;-0.18749999999999997;0.0
Cc1coc2c(C)c3oc(=O)c(CCC(=O)NCc4ccncc4)c(C)c3cc12;-0.11958092821201476;0.6016320208530884;-0.16957679805484424;-0.3851146642402806;0.728183504088674;2.4426434090365463;-0.6209838283181613;-0.49920768260333204;-0.24710536429033883;-0.030729254193150108;2.060952389667274;4.023170293839964;-0.15220388682955227;-0.40599897147057507;-0.18749999999999997;0.0
Cc1coc2c(C)c3oc(=O)c4c(c3cc12)CCC4;-1.194304269906405;0.35020271883022697;-0.16957679805484424;-0.3851146642402806;-1.5751643097199564;1.8733377772030504;-0.6209838283181613;-0.49920768260333204;-0.24710536429033883;-0.030729254193150108;2.060952389667274;1.050315284101127;-0.15220388682955227;-0.40599897147057507;-0.18749999999999997;1.0
Cc1coc2c(C)c3oc(=O)c4ccccc4c3cc12;-1.1447399398604234;-0.4110627158490234;-0.16957679805484424;-0.3851146642402806;-1.5751643097199564;1.8733377772030504;-0.6209838283181613;-0.49920768260333204;-0.24710536429033883;-0.030729254193150108;2.060952389667274;1.050315284101127;-0.15220388682955227;-0.40599897147057507;-0.18749999999999997;1.0
Cc1coc2cc3oc(=O)c(CC(=O)N4CCCCC4)c(C)c3cc12;-0.5313132676868793;-0.0692602113496683;-0.16957679805484424;-0.3851146642402806;-0.4458020348823024;1.3040321453695547;-0.6209838283181613;-0.49920768260333204;-0.24710536429033883;-0.030729254193150108;2.060952389667274;1.050315284101127;-0.15220388682955227;-0.40599897147057507;-0.18749999999999997;1.0
Cc1coc2cc3oc(=O)c(CC(=O)N4CCOCC4)c(C)c3cc12;-0.5313132676868793;0.12450038841384366;-0.16957679805484424;-0.3851146642402806;-0.4458020348823024;1.3040321453695547;-0.6209838283181613;-0.49920768260333204;-0.24710536429033883;-0.030729254193150108;2.060952389667274;1.050315284101127;-0.15220388682955227;-0.40599897147057507;-0.18749999999999997;1.0
Cc1coc2cc3oc(=O)c(CC(=O)NC(C(=O)O)C4=CCC=CC4)c(C)c3cc12;0.23187302876118812;0.06812508917362822;-0.16957679805484424;-0.3851146642402806;-0.4458020348823024;1.3040321453695547;-0.6209838283181613;-0.49920768260333204;-0.24710536429033883;-0.030729254193150108;2.060952389667274;1.050315284101127;-0.15220388682955227;-0.40599897147057507;-0.18749999999999997;1.0
Cc1coc2cc3oc(=O)c(CC(=O)NCC(=O)O)c(C)c3cc12;1.0449791999674445;-0.007930812958263558;-0.16957679805484424;-0.3851146642402806;0.6835602399553516;1.3040321453695547;-0.6209838283181613;-0.49920768260333204;-0.24710536429033883;-0.030729254193150108;2.060952389667274;1.050315284101127;-0.15220388682955227;-0.40599897147057507;-0.18749999999999997;0.0
Cc1coc2cc3oc(=O)c(CC(=O)N[C@H](C)C(=O)O)c(C)c3cc12;1.42014154320812;-0.32353080220026337;-0.16957679805484424;-0.3851146642402806;0.6835602399553516;1.3040321453695547;-0.6209838283181613;-0.49920768260333204;-0.24710536429033883;-0.030729254193150108;2.060952389667274;1.050315284101127;-0.15220388682955227;-0.40599897147057507;-0.18749999999999997;0.0
Cc1coc2cc3oc(=O)c(CCC(=O)N4CCSCC4)c(C)c3cc12;-0.5186865138907191;-0.12388150444992023;-0.16957679805484424;-0.3851146642402806;-0.4458020348823024;1.3040321453695547;-0.6209838283181613;-0.49920768260333204;-0.24710536429033883;-0.030729254193150108;2.060952389667274;4.023170293839964;-0.15220388682955227;-0.40599897147057507;-0.18749999999999997;1.0
Cc1coc2cc3oc(=O)c(CCC(=O)NC4CCCC4)c(C)c3cc12;-0.5186865138907191;0.09174755828202041;-0.16957679805484424;-0.3851146642402806;-0.4458020348823024;1.3040321453695547;-0.6209838283181613;-0.49920768260333204;-0.24710536429033883;-0.030729254193150108;2.060952389667274;4.023170293839964;-0.15220388682955227;-0.40599897147057507;-0.18749999999999997;0.0
Cc1coc2cc3oc(=O)c4ccccc4c3c(C)c12;-1.1447399398604234;-0.28665287132102124;-0.16957679805484424;-0.3851146642402806;-1.5751643097199564;1.8733377772030504;-0.6209838283181613;-0.49920768260333204;-0.24710536429033883;-0.030729254193150108;2.060952389667274;1.050315284101127;-0.15220388682955227;-0.40599897147057507;-0.18749999999999997;1.0
Cc1coc2cc3oc(=O)cc(C)c3cc12;-0.3235952624249747;1.1589219970471571;-0.16957679805484424;-0.3851146642402806;-1.5751643097199564;0.7347265135360589;-0.6209838283181613;-0.49920768260333204;-0.24710536429033883;-0.030729254193150108;2.060952389667274;1.050315284101127;-0.15220388682955227;-0.40599897147057507;-0.18749999999999997;1.0
Cc1cs/c(=N/C23CC4CC(CC(C4)C2)C3)o1;-2.360353406229741;-0.3350726569496647;-0.16957679805484424;-0.3851146642402806;-1.5751643097199564;-1.5424960137979244;-0.6209838283181613;-0.49920768260333204;-0.24710536429033883;-0.030729254193150108;-0.48521256726432327;-0.4361122207682917;-0.15220388682955227;-0.40599897147057507;-0.18749999999999997;1.0
Cc1cs/c(=N\C(=O)c2cccc(C(F)(F)F)c2)n1Cc1ccc(C(=O)N2CCCC2)cc1;0.2957874739442137;-0.7180973405355536;-0.16957679805484424;1.6258289027286723;0.6835602399553516;0.7347265135360589;1.6103478937742153;2.090483068911506;-0.24710536429033883;-0.030729254193150108;-0.48521256726432327;-0.4361122207682917;-0.15220388682955227;2.463060426921489;-0.18749999999999997;0.0
Cc1csc(-c2[nH]cnc2-c2ccc3ncsc3c2)n1;-2.20744548485753;0.3109906968922476;-0.16957679805484424;-0.3851146642402806;-1.5751643097199564;-0.9731903819644286;-0.6209838283181613;-0.49920768260333204;-0.24710536429033883;-0.030729254193150108;-0.48521256726432327;-0.4361122207682917;-0.15220388682955227;-0.40599897147057507;-0.18749999999999997;1.0
Cc1csc(-c2cc(S(=O)(=O)N3CCCC3)cn2CC(=O)N2CCCCC2)n1;-0.374215568387447;-2.5185342887321442;-0.16957679805484424;1.6258289027286723;-0.4458020348823024;-1.5424960137979244;-0.6209838283181613;-0.49920768260333204;-0.24710536429033883;-0.030729254193150108;-0.48521256726432327;-0.4361122207682917;6.5701344481423405;-0.40599897147057507;-0.18749999999999997;1.0
Cc1csc(-c2cc(S(=O)(=O)N3CCCCC3)cn2CC(=O)N2CCCC2)n1;-0.374215568387447;-2.081157309218438;-0.16957679805484424;1.6258289027286723;-0.4458020348823024;-1.5424960137979244;-0.6209838283181613;-0.49920768260333204;-0.24710536429033883;-0.030729254193150108;-0.48521256726432327;-0.4361122207682917;6.5701344481423405;-0.40599897147057507;-0.18749999999999997;1.0
Cc1csc(-c2cc(S(=O)(=O)N3CCCCCC3)cn2CC(=O)N2CCCC2)n1;-0.3683121925460484;-1.7357879568649812;-0.16957679805484424;1.6258289027286723;-0.4458020348823024;-1.5424960137979244;-0.6209838283181613;-0.49920768260333204;-0.24710536429033883;-0.030729254193150108;-0.48521256726432327;-0.4361122207682917;6.5701344481423405;-0.40599897147057507;-0.18749999999999997;1.0
Cc1csc(-c2cc(S(=O)(=O)N3CCN(c4ncccn4)CC3)c(C)n2C)n1;0.005322126254391848;0.3504673109307538;-0.16957679805484424;-0.3851146642402806;-1.5751643097199564;-1.5424960137979244;-0.6209838283181613;-0.49920768260333204;-0.24710536429033883;-0.030729254193150108;-0.48521256726432327;-0.4361122207682917;6.5701344481423405;-0.40599897147057507;-0.18749999999999997;1.0
Cc1csc(-c2cc(S(=O)(=O)N3CCOCC3)cn2CC(=O)N2CCCC2)n1;-0.374215568387447;-2.5102938964738537;-0.16957679805484424;1.6258289027286723;-0.4458020348823024;-1.5424960137979244;-0.6209838283181613;-0.49920768260333204;-0.24710536429033883;-0.030729254193150108;-0.48521256726432327;-0.4361122207682917;6.5701344481423405;-0.40599897147057507;-0.18749999999999997;1.0
Cc1csc(-c2cc(S(=O)(=O)N3c4ccccc4CC3C)c(C)s2)n1;0.0303229016833341;0.3820228234363091;-0.16957679805484424;1.6258289027286723;-0.5610625645607878;-0.9731903819644286;-0.6209838283181613;-0.49920768260333204;-0.24710536429033883;-0.030729254193150108;-0.48521256726432327;-0.4361122207682917;6.5701344481423405;-0.40599897147057507;-0.18749999999999997;1.0
Cc1csc(-c2cc(S(=O)(=O)NCC(C)C)cn2CC(=O)N2CCCCC2)n1;0.9886171038412489;-1.2882864767533415;-0.16957679805484424;-0.3851146642402806;-0.4458020348823024;-1.5424960137979244;-0.6209838283181613;-0.49920768260333204;-0.24710536429033883;-0.030729254193150108;-0.48521256726432327;-0.4361122207682917;6.5701344481423405;-0.40599897147057507;-0.18749999999999997;0.0
Cc1csc(-c2cc(S(=O)(=O)NCCC3=CCCCC3)cn2CC(=O)N2CCCC2)n1;-0.35764802973577414;-2.49773778352735;-0.16957679805484424;1.6258289027286723;-0.4458020348823024;-1.5424960137979244;-0.6209838283181613;-0.49920768260333204;-0.24710536429033883;-0.030729254193150108;-0.48521256726432327;-0.4361122207682917;6.5701344481423405;-0.40599897147057507;-0.18749999999999997;1.0
Cc1csc(-c2cc(S(=O)(=O)NCCN3CCOCC3)cn2CC(=O)N2CCCCC2)n1;-0.35281583096237706;-2.390045330675074;-0.16957679805484424;-0.3851146642402806;0.708380942051631;-1.5424960137979244;-0.6209838283181613;-0.49920768260333204;-0.24710536429033883;-0.030729254193150108;-0.48521256726432327;-0.4361122207682917;6.5701344481423405;-0.40599897147057507;-0.18749999999999997;1.0
Cc1csc(-c2cc(S(=O)(=O)NCCc3ccc(Cl)cc3)c(C)n2C)n1;1.0802813171357448;0.4871865307480287;-0.16957679805484424;-0.3851146642402806;-1.5751643097199564;-0.9731903819644286;-0.6209838283181613;-0.49920768260333204;-0.24710536429033883;-0.030729254193150108;-0.48521256726432327;-0.4361122207682917;6.5701344481423405;-0.40599897147057507;-0.18749999999999997;0.0
Cc1csc(-c2cc(S(=O)(=O)NCc3ccc4c(c3)OCO4)c(C)n2C)n1;0.013038414967037453;-0.919373944621711;-0.16957679805484424;1.6258289027286723;-1.5751643097199564;-0.9731903819644286;-0.6209838283181613;-0.49920768260333204;-0.24710536429033883;-0.030729254193150108;-0.48521256726432327;-0.4361122207682917;6.5701344481423405;-0.40599897147057507;-0.18749999999999997;1.0
Cc1csc(-c2cc(S(=O)(=O)NCc3ccccc3Cl)c(C)s2)n1;0.7444289222304911;-1.223870569772118;8.817993498851902;-0.3851146642402806;-1.5751643097199564;-0.9731903819644286;-0.6209838283181613;-0.49920768260333204;-0.24710536429033883;-0.030729254193150108;-0.48521256726432327;-0.4361122207682917;6.5701344481423405;-0.40599897147057507;5.333333333333333;1.0
Cc1csc(-c2cc(S(=O)(=O)NCc3ccco3)cn2CC(=O)N2CCCC2)n1;-0.3683121925460484;-2.276061090893118;-0.16957679805484424;1.6258289027286723;-0.4458020348823024;-1.5424960137979244;-0.6209838283181613;-0.49920768260333204;-0.24710536429033883;-0.030729254193150108;-0.48521256726432327;-0.4361122207682917;6.5701344481423405;-0.40599897147057507;-0.18749999999999997;1.0
Cc1csc(-c2cc(S(=O)(=O)Nc3ccc(C)c(C)c3)c(C)n2C)n1;1.5566954945794906;-0.3132845103899322;-0.16957679805484424;-0.3851146642402806;-0.46286595987428214;-0.4038847501309328;-0.6209838283181613;-0.49920768260333204;-0.24710536429033883;-0.030729254193150108;-0.48521256726432327;-0.4361122207682917;6.5701344481423405;-0.40599897147057507;-0.18749999999999997;1.0
Cc1csc(-c2cc(S(=O)(=O)Nc3ccc(Cl)cc3)c(C)s2)n1;0.7856222522834303;-0.5013071487567794;-0.16957679805484424;-0.3851146642402806;-0.46286595987428214;-1.5424960137979244;-0.6209838283181613;-0.49920768260333204;-0.24710536429033883;-0.030729254193150108;-0.48521256726432327;-0.4361122207682917;6.5701344481423405;-0.40599897147057507;-0.18749999999999997;1.0
Cc1csc(-c2cc(S(=O)(=O)Nc3ccc(F)cc3F)c(C)n2C)n1;1.5566954945794906;-0.32913978290986556;-0.16957679805484424;-0.3851146642402806;-0.46286595987428214;-1.5424960137979244;-0.6209838283181613;-0.49920768260333204;-0.24710536429033883;-0.030729254193150108;-0.48521256726432327;-0.4361122207682917;6.5701344481423405;-0.40599897147057507;-0.18749999999999997;1.0
Cc1csc(-c2cc(S(=O)(=O)Nc3ccccc3)cn2CC(=O)N2CCCC2)n1;-0.3683121925460484;-1.5194348030453373;-0.16957679805484424;1.6258289027286723;0.6664963149633719;-1.5424960137979244;-0.6209838283181613;-0.49920768260333204;-0.24710536429033883;-0.030729254193150108;-0.48521256726432327;-0.4361122207682917;6.5701344481423405;-0.40599897147057507;-0.18749999999999997;0.0
Cc1csc(-c2cc(S(=O)(=O)Nc3ccccc3F)c(C)n2C)n1;1.187222899312634;-0.28733596742100376;-0.16957679805484424;-0.3851146642402806;-0.46286595987428214;-1.5424960137979244;-0.6209838283181613;-0.49920768260333204;-0.24710536429033883;-0.030729254193150108;-0.48521256726432327;-0.4361122207682917;6.5701344481423405;-0.40599897147057507;-0.18749999999999997;1.0
Cc1csc(-c2cc(S(=O)(=O)Nc3ccccc3F)cn2CC(=O)N2CCCC2)n1;-0.008567193428373135;-1.5447726406202076;-0.16957679805484424;1.6258289027286723;0.6664963149633719;-1.5424960137979244;-0.6209838283181613;-0.49920768260333204;-0.24710536429033883;-0.030729254193150108;-0.48521256726432327;-0.4361122207682917;6.5701344481423405;-0.40599897147057507;-0.18749999999999997;0.0
Cc1csc(-c2cc(S(=O)(=O)Nc3cccnc3)c(C)n2C)n1;0.7856222522834303;-0.1315859755724887;-0.16957679805484424;-0.3851146642402806;0.7111195790966943;-1.5424960137979244;-0.6209838283181613;-0.49920768260333204;-0.24710536429033883;-0.030729254193150108;-0.48521256726432327;-0.4361122207682917;6.5701344481423405;-0.40599897147057507;-0.18749999999999997;0.0
Cc1csc(-c2ccc(CNC(=O)/C=C/c3ccco3)cc2)n1;-0.7489436231164645;-0.0019474327870698726;-0.16957679805484424;-0.3851146642402806;-0.4458020348823024;-0.4038847501309328;-0.6209838283181613;-0.49920768260333204;-0.24710536429033883;-0.030729254193150108;-0.48521256726432327;-0.4361122207682917;-0.15220388682955227;-0.40599897147057507;-0.18749999999999997;1.0
Cc1csc(-c2ccc(CNC(=O)c3cc(F)ccc3Cl)cc2)n1;0.15939124580318756;-0.3655181763173718;-0.16957679805484424;-0.3851146642402806;-0.4458020348823024;0.16542088170256303;-0.6209838283181613;-0.49920768260333204;-0.24710536429033883;-0.030729254193150108;-0.48521256726432327;-0.4361122207682917;-0.15220388682955227;-0.40599897147057507;-0.18749999999999997;1.0
Cc1csc(-c2ccc(CNC(=O)c3cccc(C#N)c3)cc2)n1;-0.2834027312789409;0.1029857535155977;-0.16957679805484424;-0.3851146642402806;-0.4458020348823024;0.7347265135360589;-0.6209838283181613;-0.49920768260333204;-0.24710536429033883;-0.030729254193150108;-0.48521256726432327;-0.4361122207682917;-0.15220388682955227;-0.40599897147057507;-0.18749999999999997;1.0
Cc1csc(-c2ccc(N3CCN(C(=O)CNC(=O)c4ccccc4)CC3)nc2)n1;-0.8308325162359331;-0.9206843281838438;-0.16957679805484424;-0.3851146642402806;0.6835602399553516;-0.4038847501309328;-0.6209838283181613;-0.49920768260333204;-0.24710536429033883;-0.030729254193150108;-0.48521256726432327;-0.4361122207682917;-0.15220388682955227;-0.40599897147057507;-0.18749999999999997;0.0
Cc1csc(-c2ccc(N3CCN(C(=O)c4ccc5c(c4)OCO5)CC3)nc2)n1;-1.801869558293911;-0.5306501179137404;-0.16957679805484424;1.6258289027286723;-0.4458020348823024;-0.4038847501309328;-0.6209838283181613;-0.49920768260333204;-0.24710536429033883;-0.030729254193150108;2.060952389667274;1.050315284101127;-0.15220388682955227;-0.40599897147057507;-0.18749999999999997;1.0
Cc1csc(-c2cccc(CNC(=O)C3CCCN(c4ccc(Cl)nn4)C3)c2)n1;-0.8524813040721054;-0.05353511193397184;-0.16957679805484424;-0.3851146642402806;-0.4458020348823024;-0.4038847501309328;-0.6209838283181613;-0.49920768260333204;-0.24710536429033883;-0.030729254193150108;-0.48521256726432327;-0.4361122207682917;-0.15220388682955227;-0.40599897147057507;-0.18749999999999997;1.0
Cc1csc(-c2csc(S(=O)(=O)N(C)Cc3ccccc3)c2)n1;0.3235763631542528;-1.9140799929075494;-0.16957679805484424;-0.3851146642402806;-1.5751643097199564;-0.4038847501309328;-0.6209838283181613;-0.49920768260333204;-0.24710536429033883;-0.030729254193150108;-0.48521256726432327;-0.4361122207682917;6.5701344481423405;-0.40599897147057507;-0.18749999999999997;1.0
Cc1csc(-c2csc(S(=O)(=O)Nc3ccc(F)c(Cl)c3)c2)n1;0.7856222522834303;-0.9668030851234742;8.817993498851902;-0.3851146642402806;-0.46286595987428214;-0.9731903819644286;-0.6209838283181613;-0.49920768260333204;-0.24710536429033883;-0.030729254193150108;-0.48521256726432327;-0.4361122207682917;6.5701344481423405;-0.40599897147057507;5.333333333333333;1.0
Cc1csc(-c2nnc(Nc3ccc(Oc4ncccc4-c4ccnc(N)n4)cc3)c3ccccc23)c1;-1.9130692558075777;-0.2327173069204275;-0.16957679805484424;-0.3851146642402806;-1.5751643097199564;0.7347265135360589;-0.6209838283181613;-0.49920768260333204;-0.24710536429033883;-0.030729254193150108;-0.48521256726432327;-0.4361122207682917;-0.15220388682955227;-0.40599897147057507;-0.18749999999999997;1.0
Cc1csc(-n2nc(C)c(CC(=O)N3CCCC3)c2C)n1;0.21116394791605234;0.600803658534625;-0.16957679805484424;1.6258289027286723;-0.4458020348823024;-0.9731903819644286;-0.6209838283181613;-0.49920768260333204;-0.24710536429033883;-0.030729254193150108;-0.48521256726432327;-0.4361122207682917;-0.15220388682955227;-0.40599897147057507;-0.18749999999999997;1.0
Cc1csc(-n2nc(C)c(CC(=O)Nc3cccc(C)c3C)c2C)n1;0.9950593252092628;-0.34865798146415006;-0.16957679805484424;-0.3851146642402806;-0.4458020348823024;0.16542088170256303;-0.6209838283181613;-0.49920768260333204;-0.24710536429033883;-0.030729254193150108;-0.48521256726432327;-0.4361122207682917;-0.15220388682955227;-0.40599897147057507;-0.18749999999999997;0.0
Cc1csc(-n2nc(C)c(CC(=O)Nc3cccc(Cl)c3C)c2C)n1;0.9950593252092628;-0.4288453951734596;4.3242083503985285;-0.3851146642402806;-0.4458020348823024;-0.4038847501309328;-0.6209838283181613;-0.49920768260333204;-0.24710536429033883;-0.030729254193150108;-0.48521256726432327;-0.4361122207682917;-0.15220388682955227;-0.40599897147057507;5.333333333333333;0.0
Cc1csc(-n2nc(C)c(CCC(=O)Nc3ccc(Cl)cc3)c2O)n1;0.56997710721042;-0.612038334660184;-0.16957679805484424;-0.3851146642402806;-0.4458020348823024;-0.9731903819644286;-0.6209838283181613;-0.49920768260333204;-0.24710536429033883;-0.030729254193150108;2.060952389667274;1.050315284101127;-0.15220388682955227;-0.40599897147057507;-0.18749999999999997;1.0
Cc1csc(-n2nc(C)c(CCC(=O)Nc3cccc(C(F)(F)F)c3)c2O)n1;1.3681547984830877;-0.28337568373575334;-0.16957679805484424;-0.3851146642402806;-0.4458020348823024;-0.4038847501309328;-0.6209838283181613;-0.49920768260333204;-0.24710536429033883;-0.030729254193150108;2.060952389667274;1.050315284101127;-0.15220388682955227;-0.40599897147057507;-0.18749999999999997;0.0
Cc1csc(C2=C(N)N(CCC3CCN(Cc4ccccc4)CC3)CC2=O)n1;-0.8756764338965632;1.3928924097206936;-0.16957679805484424;1.6258289027286723;0.708380942051631;-0.9731903819644286;-0.6209838283181613;-0.49920768260333204;-0.24710536429033883;-0.030729254193150108;-0.48521256726432327;-0.4361122207682917;-0.15220388682955227;-0.40599897147057507;-0.18749999999999997;0.0
Cc1csc(C2=C(N)N(CCN3CCOCC3)CC2=O)n1;-0.2948863116063802;0.8585678238455655;-0.16957679805484424;1.6258289027286723;0.708380942051631;-1.5424960137979244;-0.6209838283181613;-0.49920768260333204;-0.24710536429033883;-0.030729254193150108;-0.48521256726432327;-0.4361122207682917;-0.15220388682955227;-0.40599897147057507;-0.18749999999999997;0.0
Cc1csc(C2=C(N)N(Cc3ccc(Cl)cc3Cl)CC2=O)n1;0.675385485782793;2.148721148391116;-0.16957679805484424;1.6258289027286723;-0.4458020348823024;-0.9731903819644286;-0.6209838283181613;-0.49920768260333204;4.046856703705712;-0.030729254193150108;-0.48521256726432327;-0.4361122207682917;-0.15220388682955227;-0.40599897147057507;-0.18749999999999997;0.0
Cc1csc(CCN2CC(=O)C(c3nc4ccccc4[nH]3)=C2N)n1;-0.9877862280481674;-0.9340721139952819;-0.16957679805484424;1.6258289027286723;-0.4458020348823024;-1.5424960137979244;-0.6209838283181613;-0.49920768260333204;-0.24710536429033883;-0.030729254193150108;-0.48521256726432327;-0.4361122207682917;-0.15220388682955227;-0.40599897147057507;-0.18749999999999997;0.0
Cc1csc(CCNC(=O)CC2(N3Cc4ccccc4C3=O)CCOCC2)n1;-0.7537532630292714;1.018348515163235;-0.16957679805484424;1.6258289027286723;0.6835602399553516;-0.4038847501309328;-0.6209838283181613;-0.49920768260333204;-0.24710536429033883;-0.030729254193150108;2.060952389667274;4.023170293839964;6.5701344481423405;-0.40599897147057507;-0.18749999999999997;0.0
Cc1csc(CCNC(=O)CCN2C(=O)c3ccccc3N3C(=O)c4ccccc4C23)n1;-0.9877862280481818;-0.7333362816163111;-0.16957679805484424;1.6258289027286723;2.9671054917269393;0.16542088170256303;-0.6209838283181613;-0.49920768260333204;-0.24710536429033883;-0.030729254193150108;2.060952389667274;2.536742788970546;6.5701344481423405;-0.40599897147057507;-0.18749999999999997;0.0
Cc1csc(NC(=O)/C(C#N)=C\c2cccn2-c2cccc([N+](=O)[O-])c2)n1;0.5127182348995148;0.612061062441247;-0.16957679805484424;-0.3851146642402806;3.189024287665116;-1.5424960137979244;-0.6209838283181613;-0.49920768260333204;-0.24710536429033883;-0.030729254193150108;-0.48521256726432327;-0.4361122207682917;-0.15220388682955227;-0.40599897147057507;-0.18749999999999997;0.0
Cc1csc(NC(=O)C(C(=O)OC(C)C)=C2SCS2)n1;1.6084859973828285;-1.079937030747861;-0.16957679805484424;-0.3851146642402806;0.8065775467381363;-1.5424960137979244;-0.6209838283181613;-0.49920768260333204;-0.24710536429033883;-0.030729254193150108;-0.48521256726432327;-0.4361122207682917;6.5701344481423405;-0.40599897147057507;-0.18749999999999997;0.0
Cc1csc(NC(=O)C(C)NS(=O)(=O)c2cc(-c3noc(C4CC4)n3)ccc2C)n1;0.34566798823732675;1.2654151322269587;-0.16957679805484424;-0.3851146642402806;-0.4458020348823024;-0.4038847501309328;-0.6209838283181613;-0.49920768260333204;-0.24710536429033883;-0.030729254193150108;-0.48521256726432327;-0.4361122207682917;6.5701344481423405;-0.40599897147057507;-0.18749999999999997;0.0
Cc1csc(NC(=O)C2C3C=CC(C3)C2C(=O)O)n1;0.2547620128532062;-1.372617775795734;-0.16957679805484424;-0.3851146642402806;0.6835602399553516;-1.5424960137979244;-0.6209838283181613;-0.49920768260333204;-0.24710536429033883;-0.030729254193150108;-0.48521256726432327;-0.4361122207682917;-0.15220388682955227;-0.40599897147057507;-0.18749999999999997;0.0
Cc1csc(NC(=O)C2CC(=O)N(CCc3ccc(F)cc3)C2)n1;0.15939124580318756;-0.6645949670327801;-0.16957679805484424;1.6258289027286723;0.6835602399553516;-0.9731903819644286;-0.6209838283181613;-0.49920768260333204;-0.24710536429033883;-0.030729254193150108;-0.48521256726432327;-0.4361122207682917;-0.15220388682955227;-0.40599897147057507;-0.18749999999999997;0.0
Cc1csc(NC(=O)C2CC(=O)N(c3ccc(C)c(C)c3)C2)n1;0.6371940442710681;0.7812108637988604;-0.16957679805484424;1.6258289027286723;0.6835602399553516;-0.4038847501309328;-0.6209838283181613;-0.49920768260333204;-0.24710536429033883;-0.030729254193150108;-0.48521256726432327;-0.4361122207682917;-0.15220388682955227;-0.40599897147057507;-0.18749999999999997;0.0
Cc1csc(NC(=O)C2CC(=O)N(c3ccc(Cl)cc3)C2)n1;0.19233751078410677;0.1616260929861652;-0.16957679805484424;1.6258289027286723;0.6835602399553516;-1.5424960137979244;-0.6209838283181613;-0.49920768260333204;-0.24710536429033883;-0.030729254193150108;-0.48521256726432327;-0.4361122207682917;-0.15220388682955227;-0.40599897147057507;-0.18749999999999997;0.0
Cc1csc(NC(=O)C2CC(=O)N(c3ccc(F)cc3)C2)n1;0.19233751078410677;0.6781469925212829;-0.16957679805484424;1.6258289027286723;0.6835602399553516;-1.5424960137979244;-0.6209838283181613;-0.49920768260333204;-0.24710536429033883;-0.030729254193150108;-0.48521256726432327;-0.4361122207682917;-0.15220388682955227;-0.40599897147057507;-0.18749999999999997;0.0
Cc1csc(NC(=O)C2CCCN(S(=O)(=O)c3c[nH]c(C(=O)N4CCCC4)c3)C2)n1;-0.008567193428380367;-0.27648521119837205;-0.16957679805484424;1.6258289027286723;0.6835602399553516;-1.5424960137979244;-0.6209838283181613;-0.49920768260333204;-0.24710536429033883;-0.030729254193150108;2.060952389667274;5.509597798709383;-0.15220388682955227;-0.40599897147057507;-0.18749999999999997;0.0
Cc1csc(NC(=O)C2CCCN(S(=O)(=O)c3cc(-c4noc(C5CC5)n4)sc3C)C2)n1;-0.5490079707277007;-1.5345337919572846;-0.16957679805484424;-0.3851146642402806;-0.4458020348823024;-1.5424960137979244;-0.6209838283181613;-0.49920768260333204;-0.24710536429033883;-0.030729254193150108;2.060952389667274;2.536742788970546;6.5701344481423405;-0.40599897147057507;-0.18749999999999997;0.0
Cc1csc(NC(=O)C2CCCN(S(=O)(=O)c3cccc4nsnc34)C2)n1;-0.3805562313282031;-0.7162652770529442;-0.16957679805484424;-0.3851146642402806;-0.4458020348823024;-1.5424960137979244;-0.6209838283181613;-0.49920768260333204;-0.24710536429033883;-0.030729254193150108;2.060952389667274;2.536742788970546;-0.15220388682955227;-0.40599897147057507;-0.18749999999999997;0.0
Cc1csc(NC(=O)C2CCCN(c3ncnc4c3nc3n4CCCCC3)C2)n1;-1.801869558293911;-0.444568646285027;-0.16957679805484424;-0.3851146642402806;-0.4458020348823024;-1.5424960137979244;-0.6209838283181613;-0.49920768260333204;-0.24710536429033883;-0.030729254193150108;-0.48521256726432327;-0.4361122207682917;-0.15220388682955227;-0.40599897147057507;-0.18749999999999997;1.0
Cc1csc(NC(=O)C2CCN(C(=O)c3ccccc3)CC2)n1;-0.2868977339872869;-0.3132415151900633;-0.16957679805484424;-0.3851146642402806;0.6835602399553516;-0.9731903819644286;-0.6209838283181613;-0.49920768260333204;-0.24710536429033883;-0.030729254193150108;-0.48521256726432327;-0.4361122207682917;-0.15220388682955227;-0.40599897147057507;-0.18749999999999997;0.0
Cc1csc(NC(=O)C2CCN(C(=O)c3ccco3)CC2)n1;-0.29071046421457947;-0.1390302722070564;-0.16957679805484424;-0.3851146642402806;0.6835602399553516;-1.5424960137979244;-0.6209838283181613;-0.49920768260333204;-0.24710536429033883;-0.030729254193150108;-0.48521256726432327;-0.4361122207682917;-0.15220388682955227;-0.40599897147057507;-0.18749999999999997;1.0
Cc1csc(NC(=O)C2CCN(S(=O)(=O)c3c(C)nn(CC(=O)N4CCCC4)c3C)CC2)n1;0.617819457276676;-0.9726860361293196;-0.16957679805484424;1.6258289027286723;1.7863677498736987;-1.5424960137979244;-0.6209838283181613;-0.49920768260333204;-0.24710536429033883;-0.030729254193150108;-0.48521256726432327;-0.4361122207682917;6.5701344481423405;-0.40599897147057507;-0.18749999999999997;0.0
Cc1csc(NC(=O)C2CCN(S(=O)(=O)c3cc(C(=O)N4CCOCC4)cs3)CC2)n1;-0.014839789414144032;-0.7897563021438155;-0.16957679805484424;-0.3851146642402806;0.6835602399553516;-0.9731903819644286;-0.6209838283181613;-0.49920768260333204;-0.24710536429033883;-0.030729254193150108;2.060952389667274;2.536742788970546;6.5701344481423405;-0.40599897147057507;-0.18749999999999997;0.0
Cc1csc(NC(=O)C2CCN(c3c(C)n(-c4ccccc4)c(=O)n(C)c3=O)CC2)n1;0.21784429657576446;-0.09086337311263286;-0.16957679805484424;-0.3851146642402806;2.835138108524294;-1.5424960137979244;-0.6209838283181613;-0.49920768260333204;-0.24710536429033883;-0.030729254193150108;-0.48521256726432327;-0.4361122207682917;-0.15220388682955227;-0.40599897147057507;-0.18749999999999997;1.0
Cc1csc(NC(=O)C2CCN(c3ccc(-c4cccs4)nn3)CC2)n1;-1.336152317734658;-1.4370952297619544;-0.16957679805484424;-0.3851146642402806;-0.4458020348823024;-1.5424960137979244;-0.6209838283181613;-0.49920768260333204;-0.24710536429033883;-0.030729254193150108;-0.48521256726432327;-0.4361122207682917;-0.15220388682955227;-0.40599897147057507;-0.18749999999999997;0.0
Cc1csc(NC(=O)C2CCN(c3ncnc4c3nc3n4CCCCC3)CC2)n1;-1.801869558293911;-1.047460684475934;-0.16957679805484424;-0.3851146642402806;-0.4458020348823024;-1.5424960137979244;-0.6209838283181613;-0.49920768260333204;-0.24710536429033883;-0.030729254193150108;-0.48521256726432327;-0.4361122207682917;-0.15220388682955227;-0.40599897147057507;-0.18749999999999997;1.0
Cc1csc(NC(=O)CC2(Cn3cnnn3)CCCCC2)n1;-0.6185834944730655;-0.5902804163687901;-0.16957679805484424;-0.3851146642402806;-0.4458020348823024;-1.5424960137979244;-0.6209838283181613;-0.49920768260333204;-0.24710536429033883;-0.030729254193150108;-0.48521256726432327;-0.4361122207682917;-0.15220388682955227;-0.40599897147057507;-0.18749999999999997;0.0
Cc1csc(NC(=O)CC2NC(=O)N(Cc3ccccc3Cl)C2=O)n1;0.56997710721042;0.0620644750048874;8.817993498851902;1.6258289027286723;1.8377432168892844;-0.9731903819644286;-0.6209838283181613;-0.49920768260333204;4.046856703705712;-0.030729254193150108;2.060952389667274;1.050315284101127;-0.15220388682955227;-0.40599897147057507;5.333333333333333;0.0
Cc1csc(NC(=O)CCC(=O)N2CCC(c3noc4ccc(F)cc34)CC2)n1;-0.48603111614206007;1.388208634766957;-0.16957679805484424;-0.3851146642402806;0.6835602399553516;-0.9731903819644286;-0.6209838283181613;-0.49920768260333204;-0.24710536429033883;-0.030729254193150108;-0.48521256726432327;-0.4361122207682917;-0.15220388682955227;-0.40599897147057507;-0.18749999999999997;0.0
Cc1csc(NC(=O)CCC(=O)N2CCN(c3ccc(F)cc3)CC2)n1;0.13151363697316953;0.9722275082287088;-0.16957679805484424;-0.3851146642402806;0.6835602399553516;-1.5424960137979244;-0.6209838283181613;-0.49920768260333204;-0.24710536429033883;-0.030729254193150108;-0.48521256726432327;-0.4361122207682917;-0.15220388682955227;-0.40599897147057507;-0.18749999999999997;1.0
Cc1csc(NC(=O)CCCC(=O)N2CCN(c3ccc(F)cc3)CC2)n1;0.11912358860427424;0.32519885679386756;-0.16957679805484424;-0.3851146642402806;0.6835602399553516;-1.5424960137979244;-0.6209838283181613;-0.49920768260333204;-0.24710536429033883;-0.030729254193150108;2.060952389667274;1.050315284101127;-0.15220388682955227;-0.40599897147057507;-0.18749999999999997;0.0
Cc1csc(NC(=O)CCNC(=O)C2COc3ccccc3O2)n1;-0.2834027312789409;0.2987843059423505;-0.16957679805484424;-0.3851146642402806;0.6835602399553516;-1.5424960137979244;-0.6209838283181613;-0.49920768260333204;-0.24710536429033883;-0.030729254193150108;2.060952389667274;1.050315284101127;-0.15220388682955227;-0.40599897147057507;-0.18749999999999997;0.0
Cc1csc(NC(=O)CCNS(=O)(=O)c2c(C)[nH]c(C)c2C(=O)N2CCCC2)n1;1.3139764375358407;2.1736536333756247;-0.16957679805484424;1.6258289027286723;0.6835602399553516;-0.9731903819644286;-0.6209838283181613;-0.49920768260333204;-0.24710536429033883;-0.030729254193150108;2.060952389667274;2.536742788970546;-0.15220388682955227;-0.40599897147057507;-0.18749999999999997;0.0
Cc1csc(NC(=O)CN(C)S(=O)(=O)c2ccc3c(c2)c(=O)n(C)c(=O)n3C)n1;2.046876813395931;2.352800743222484;-0.16957679805484424;-0.3851146642402806;2.835138108524294;-0.9731903819644286;-0.6209838283181613;-0.49920768260333204;-0.24710536429033883;-0.030729254193150108;2.060952389667274;2.536742788970546;-0.15220388682955227;-0.40599897147057507;-0.18749999999999997;0.0
Cc1csc(NC(=O)CN2C(=O)C(C)(C)c3cc(S(=O)(=O)N4CCCC4)ccc32)n1;0.8136981293791724;-0.0515690400000316;-0.16957679805484424;3.636772469697625;0.6835602399553516;-0.9731903819644286;-0.6209838283181613;-0.49920768260333204;-0.24710536429033883;-0.030729254193150108;-0.48521256726432327;-0.4361122207682917;6.5701344481423405;-0.40599897147057507;-0.18749999999999997;0.0
Cc1csc(NC(=O)CNC(=O)N2CCN(Cc3ccccc3)CC2)n1;-0.27721926494878907;1.2995772406245636;-0.16957679805484424;-0.3851146642402806;0.708380942051631;-0.9731903819644286;-0.6209838283181613;-0.49920768260333204;-0.24710536429033883;-0.030729254193150108;-0.48521256726432327;-0.4361122207682917;-0.15220388682955227;-0.40599897147057507;-0.18749999999999997;1.0
Cc1csc(NC(=O)COc2ccc3nc4n(c(=O)c3c2)CCCCC4)n1;-0.9005897214858158;1.1860053137210433;-0.16957679805484424;-0.3851146642402806;3.011728755860261;-0.9731903819644286;-0.6209838283181613;-0.49920768260333204;-0.24710536429033883;-0.030729254193150108;-0.48521256726432327;-0.4361122207682917;-0.15220388682955227;-0.40599897147057507;-0.18749999999999997;0.0
Cc1csc(NC(=O)COc2ccccc2-c2nc(C(C)C)no2)n1;0.1448948892115773;1.2505781592547764;-0.16957679805484424;-0.3851146642402806;0.8065775467381363;-0.9731903819644286;-0.6209838283181613;-0.49920768260333204;-0.24710536429033883;-0.030729254193150108;-0.48521256726432327;-0.4361122207682917;-0.15220388682955227;-0.40599897147057507;-0.18749999999999997;1.0
Cc1csc(NC(=O)CSc2c3c(nc4cc(Cl)ccc24)CCCC3)n1;-0.9274194158126922;1.329975756764146;-0.16957679805484424;-0.3851146642402806;0.728183504088674;-0.4038847501309328;-0.6209838283181613;-0.49920768260333204;-0.24710536429033883;-0.030729254193150108;-0.48521256726432327;-0.4361122207682917;-0.15220388682955227;-0.40599897147057507;-0.18749999999999997;1.0
Cc1csc(NC(=O)CSc2cc(C)[nH]c(=O)n2)n1;1.1445095877195968;0.3954489578666004;-0.16957679805484424;-0.3851146642402806;-0.4458020348823024;-1.5424960137979244;-0.6209838283181613;-0.49920768260333204;-0.24710536429033883;-0.030729254193150108;-0.48521256726432327;-0.4361122207682917;-0.15220388682955227;-0.40599897147057507;-0.18749999999999997;0.0
Cc1csc(NC(=O)CSc2ccc(-c3ccc(-n4ccnc4)cc3)nn2)n1;-1.2552141285383949;-1.2361332278857895;-0.16957679805484424;-0.3851146642402806;-0.4458020348823024;-0.9731903819644286;-0.6209838283181613;-0.49920768260333204;-0.24710536429033883;-0.030729254193150108;-0.48521256726432327;-0.4361122207682917;-0.15220388682955227;-0.40599897147057507;-0.18749999999999997;1.0
Cc1csc(NC(=O)CSc2ccc(-c3ccc4c(c3)OCO4)nn2)n1;-1.336152317734658;-0.8028790139534885;-0.16957679805484424;1.6258289027286723;-0.4458020348823024;-0.9731903819644286;-0.6209838283181613;-0.49920768260333204;-0.24710536429033883;-0.030729254193150108;-0.48521256726432327;-0.4361122207682917;-0.15220388682955227;-0.40599897147057507;-0.18749999999999997;0.0
Cc1csc(NC(=O)CSc2ccc3nnc(-c4ccccn4)n3n2)n1;-1.336152317734658;-0.903303888656327;-0.16957679805484424;-0.3851146642402806;0.728183504088674;-1.5424960137979244;-0.6209838283181613;-0.49920768260333204;-0.24710536429033883;-0.030729254193150108;-0.48521256726432327;-0.4361122207682917;-0.15220388682955227;-0.40599897147057507;-0.18749999999999997;0.0
Cc1csc(NC(=O)CSc2nc(=O)[nH]c3c2CCCC3)n1;-0.29071046421457947;1.1060378786656373;-0.16957679805484424;-0.3851146642402806;-0.4458020348823024;-0.9731903819644286;-0.6209838283181613;-0.49920768260333204;-0.24710536429033883;-0.030729254193150108;-0.48521256726432327;-0.4361122207682917;-0.15220388682955227;-0.40599897147057507;-0.18749999999999997;0.0
Cc1csc(NC(=O)CSc2nc(=O)n(CCN3CCOCC3)c3c2CCCC3)n1;-0.8308325162359259;0.6157090052396605;-0.16957679805484424;-0.3851146642402806;1.7841698763361016;-0.9731903819644286;-0.6209838283181613;-0.49920768260333204;-0.24710536429033883;-0.030729254193150108;-0.48521256726432327;-0.4361122207682917;-0.15220388682955227;-0.40599897147057507;-0.18749999999999997;0.0
Cc1csc(NC(=O)CSc2nc(C3CCCC3)nc3c2c(=O)n(C)c(=O)n3C)n1;0.2318730287612026;0.43485240567748895;-0.16957679805484424;-0.3851146642402806;2.835138108524294;-0.9731903819644286;-0.6209838283181613;-0.49920768260333204;-0.24710536429033883;-0.030729254193150108;-0.48521256726432327;-0.4361122207682917;6.5701344481423405;-0.40599897147057507;-0.18749999999999997;1.0
Cc1csc(NC(=O)CSc2nc3c(=O)n(C)c(=O)n(C)c3n2C)n1;1.4201415432081055;1.142901633819701;-0.16957679805484424;-0.3851146642402806;2.835138108524294;-1.5424960137979244;-0.6209838283181613;-0.49920768260333204;-0.24710536429033883;-0.030729254193150108;-0.48521256726432327;-0.4361122207682917;6.5701344481423405;-0.40599897147057507;-0.18749999999999997;0.0
Cc1csc(NC(=O)CSc2nc3c(cnn3CCO)c(=O)[nH]2)n1;0.15939124580318756;-0.19199931801489428;-0.16957679805484424;-0.3851146642402806;0.6835602399553516;-0.9731903819644286;-0.6209838283181613;-0.49920768260333204;-0.24710536429033883;-0.030729254193150108;-0.48521256726432327;-0.4361122207682917;-0.15220388682955227;-0.40599897147057507;-0.18749999999999997;0.0
Cc1csc(NC(=O)CSc2nccn2C)n1;0.6779212973338195;0.4311227785695174;-0.16957679805484424;-0.3851146642402806;-0.4458020348823024;-1.5424960137979244;-0.6209838283181613;-0.49920768260333204;-0.24710536429033883;-0.030729254193150108;-0.48521256726432327;-0.4361122207682917;-0.15220388682955227;-0.40599897147057507;-0.18749999999999997;0.0
Cc1csc(NC(=O)CSc2nccn2Cc2ccc3c(c2)OCO3)n1;-1.336152317734658;0.01390351795211162;-0.16957679805484424;1.6258289027286723;-0.4458020348823024;-0.9731903819644286;-0.6209838283181613;-0.49920768260333204;-0.24710536429033883;-0.030729254193150108;-0.48521256726432327;-0.4361122207682917;-0.15220388682955227;-0.40599897147057507;-0.18749999999999997;1.0
Cc1csc(NC(=O)CSc2nnc(NC(=O)NC3CCCCC3)s2)n1;-0.27721926494878907;-0.2433587544949701;-0.16957679805484424;-0.3851146642402806;0.8065775467381363;-1.5424960137979244;-0.6209838283181613;-0.49920768260333204;-0.24710536429033883;-0.030729254193150108;-0.48521256726432327;-0.4361122207682917;6.5701344481423405;-0.40599897147057507;-0.18749999999999997;0.0
Cc1csc(NC(=O)CSc2nnc3ccc(-c4cccnc4)nn23)n1;-1.3361523177346508;-0.627462884310795;-0.16957679805484424;-0.3851146642402806;0.728183504088674;-0.9731903819644286;-0.6209838283181613;-0.49920768260333204;-0.24710536429033883;-0.030729254193150108;-0.48521256726432327;-0.4361122207682917;-0.15220388682955227;-0.40599897147057507;-0.18749999999999997;0.0
Cc1csc(NC(=O)CSc2nnc3ccc(-c4cccs4)nn23)n1;-1.3814777036845647;-1.1667202713010525;-0.16957679805484424;-0.3851146642402806;-0.4458020348823024;-1.5424960137979244;-0.6209838283181613;-0.49920768260333204;-0.24710536429033883;-0.030729254193150108;-0.48521256726432327;-0.4361122207682917;-0.15220388682955227;-0.40599897147057507;-0.18749999999999997;0.0
Cc1csc(NC(=O)CSc2nnc3ccc4ccccc4n23)n1;-1.4305802051302958;0.23616904327283572;-0.16957679805484424;-0.3851146642402806;0.5907898780774372;-0.9731903819644286;-0.6209838283181613;-0.49920768260333204;-0.24710536429033883;-0.030729254193150108;-0.48521256726432327;-0.4361122207682917;-0.15220388682955227;-0.40599897147057507;-0.18749999999999997;0.0
Cc1csc(NC(=O)Cc2ccc(Br)cc2)n1;0.6779212973338195;-0.11661852690798254;-0.16957679805484424;-0.3851146642402806;-0.4458020348823024;-0.9731903819644286;-0.6209838283181613;-0.49920768260333204;-0.24710536429033883;-0.030729254193150108;-0.48521256726432327;-0.4361122207682917;-0.15220388682955227;-0.40599897147057507;-0.18749999999999997;1.0
Cc1csc(NC(=O)Cc2noc3ccccc23)n1;-0.8638754029332277;0.8090435628439594;-0.16957679805484424;-0.3851146642402806;-0.4458020348823024;-0.9731903819644286;-0.6209838283181613;-0.49920768260333204;-0.24710536429033883;-0.030729254193150108;-0.48521256726432327;-0.4361122207682917;-0.15220388682955227;-0.40599897147057507;-0.18749999999999997;0.0
Cc1csc(NC(=O)Cc2sc(C)nc2-c2cccs2)n1;-0.2948863116063802;2.7886085507344003;-0.16957679805484424;-0.3851146642402806;-0.4458020348823024;-1.5424960137979244;-0.6209838283181613;-0.49920768260333204;-0.24710536429033883;-0.030729254193150108;-0.48521256726432327;-0.4361122207682917;6.5701344481423405;-0.40599897147057507;-0.18749999999999997;1.0
Cc1csc(NC(=O)Cn2cnc(NC(=O)c3ccccc3)n2)n1;-0.2834027312789409;0.31917419560316707;-0.16957679805484424;-0.3851146642402806;1.9359398215757906;-0.9731903819644286;-0.6209838283181613;-0.49920768260333204;-0.24710536429033883;-0.030729254193150108;-0.48521256726432327;-0.4361122207682917;-0.15220388682955227;-0.40599897147057507;-0.18749999999999997;0.0
Cc1csc(NC(=O)Cn2cnc(S(=O)(=O)N3CCc4ccccc43)c2)n1;-0.3805562313282031;1.0884603581914831;-0.16957679805484424;1.6258289027286723;0.5682997102768662;-0.9731903819644286;-0.6209838283181613;-0.49920768260333204;-0.24710536429033883;-0.030729254193150108;-0.48521256726432327;-0.4361122207682917;6.5701344481423405;-0.40599897147057507;-0.18749999999999997;0.0
Cc1csc(NC(=O)Cn2cnc3c2c(=O)n(C)c(=O)n3C)n1;1.0992399334002312;0.8860101063172124;-0.16957679805484424;-0.3851146642402806;2.835138108524294;-1.5424960137979244;-0.6209838283181613;-0.49920768260333204;-0.24710536429033883;-0.030729254193150108;2.060952389667274;1.050315284101127;-0.15220388682955227;-0.40599897147057507;-0.18749999999999997;0.0
Cc1csc(NC(=O)NCCCSc2ncccn2)n1;0.014427679887164722;0.5704802120530102;-0.16957679805484424;-0.3851146642402806;-0.3227847280995177;-1.5424960137979244;-0.6209838283181613;-0.49920768260333204;-0.24710536429033883;-0.030729254193150108;-0.48521256726432327;-0.4361122207682917;6.5701344481423405;-0.40599897147057507;-0.18749999999999997;1.0
Cc1csc(NC(=O)Nc2cccs2)n1;0.08690946284517252;-0.4549040164809619;-0.16957679805484424;-0.3851146642402806;0.9295948535209211;-1.5424960137979244;-0.6209838283181613;-0.49920768260333204;-0.24710536429033883;-0.030729254193150108;-0.48521256726432327;-0.4361122207682917;-0.15220388682955227;-0.40599897147057507;-0.18749999999999997;0.0
Cc1csc(NC(=O)Nc2cn(CC(C)C)c(=O)c3ccccc23)n1;0.56997710721042;0.502679391649645;-0.16957679805484424;-0.3851146642402806;0.8065775467381363;-0.4038847501309328;-0.6209838283181613;-0.49920768260333204;-0.24710536429033883;-0.030729254193150108;-0.48521256726432327;-0.4361122207682917;-0.15220388682955227;-0.40599897147057507;-0.18749999999999997;0.0
Cc1csc(NC(=O)[C@H]2CC[C@H](Cn3c(=O)[nH]c4ccccc4c3=O)CC2)n1;-0.49613873925473884;-1.1699521757061238;-0.16957679805484424;-0.3851146642402806;1.7593491742398217;-0.9731903819644286;-0.6209838283181613;-0.49920768260333204;-0.24710536429033883;-0.030729254193150108;-0.48521256726432327;-0.4361122207682917;-0.15220388682955227;-0.40599897147057507;-0.18749999999999997;0.0
Cc1csc(NC(=O)c2c(-c3ccccc3)noc2C)n1;-0.2948863116063802;-0.34244115594265667;-0.16957679805484424;-0.3851146642402806;0.8065775467381363;-0.4038847501309328;-0.6209838283181613;-0.49920768260333204;-0.24710536429033883;-0.030729254193150108;-0.48521256726432327;-0.4361122207682917;6.5701344481423405;-0.40599897147057507;-0.18749999999999997;1.0
Cc1csc(NC(=O)c2cc(-c3ccc(C)c(S(=O)(=O)N4CCOCC4)c3)on2)n1;-0.008567193428380367;1.2177169649171296;-0.16957679805484424;-0.3851146642402806;0.8065775467381363;-0.4038847501309328;-0.6209838283181613;-0.49920768260333204;-0.24710536429033883;-0.030729254193150108;2.060952389667274;2.536742788970546;6.5701344481423405;-0.40599897147057507;-0.18749999999999997;0.0
Cc1csc(NC(=O)c2cc(C3CC3)nc3c2cnn3C(C)C)n1;-0.544992250966039;0.459031902311756;-0.16957679805484424;-0.3851146642402806;0.8065775467381363;-0.4038847501309328;-0.6209838283181613;-0.49920768260333204;-0.24710536429033883;-0.030729254193150108;-0.48521256726432327;-0.4361122207682917;-0.15220388682955227;-0.40599897147057507;-0.18749999999999997;0.0
Cc1csc(NC(=O)c2ccc(Br)cc2)n1;0.732979982728865;0.21838020453612336;-0.16957679805484424;-0.3851146642402806;0.8065775467381363;-0.9731903819644286;-0.6209838283181613;-0.49920768260333204;-0.24710536429033883;32.54228019054596;-0.48521256726432327;-0.4361122207682917;-0.15220388682955227;-0.40599897147057507;-0.18749999999999997;0.0
Cc1csc(NC(=O)c2ccc3c(c2)C(=O)N(CCC(C)C)C3=O)n1;0.9950593252092628;-1.068720527229189;-0.16957679805484424;1.6258289027286723;4.219485073347378;0.16542088170256303;-0.6209838283181613;-0.49920768260333204;-0.24710536429033883;-0.030729254193150108;2.060952389667274;1.050315284101127;-0.15220388682955227;-0.40599897147057507;-0.18749999999999997;0.0
Cc1csc(NC(=O)c2cnc(N3CCOCC3)c3ccccc23)n1;-1.3814777036845647;-0.05943935905981644;-0.16957679805484424;-0.3851146642402806;0.8065775467381363;0.16542088170256303;-0.6209838283181613;-0.49920768260333204;-0.24710536429033883;-0.030729254193150108;-0.48521256726432327;-0.4361122207682917;-0.15220388682955227;-0.40599897147057507;-0.18749999999999997;1.0
Cc1csc(NC(=O)c2n[nH]cc2[N+](=O)[O-])n1;1.3030422061556484;-0.6598014886674388;-0.16957679805484424;-0.3851146642402806;4.3900284022699685;-1.5424960137979244;-0.6209838283181613;-0.49920768260333204;-0.24710536429033883;-0.030729254193150108;-0.48521256726432327;-0.4361122207682917;-0.15220388682955227;-0.40599897147057507;-0.18749999999999997;0.0
Cc1csc(Sc2nc3c(c(=O)[nH]c(=O)n3C)n2CCCc2ccccc2)n1;-0.4961387392547461;-2.1115650670550803;-0.16957679805484424;-0.3851146642402806;1.8039724383731446;-0.9731903819644286;-0.6209838283181613;-0.49920768260333204;-0.24710536429033883;-0.030729254193150108;-0.48521256726432327;-0.4361122207682917;6.5701344481423405;-0.40599897147057507;-0.18749999999999997;0.0
Cc1csc(Sc2nc3c(c(=O)[nH]c(=O)n3C)n2Cc2ccccc2Cl)n1;-0.11340042889535644;-1.9917815015847393;-0.16957679805484424;-0.3851146642402806;1.8039724383731446;-0.9731903819644286;-0.6209838283181613;-0.49920768260333204;4.046856703705712;-0.030729254193150108;-0.48521256726432327;-0.4361122207682917;6.5701344481423405;-0.40599897147057507;-0.18749999999999997;0.0
Cc1csc2c(N[C@@H](C)CN3CCN(S(=O)(=O)c4ccc(Cl)c(Cl)c4)CC3)ncnc12;0.32796845090750776;-3.3492103083727636;8.817993498851902;-0.3851146642402806;-0.4209813327860232;-0.9731903819644286;-0.6209838283181613;-0.49920768260333204;4.046856703705712;-0.030729254193150108;-0.48521256726432327;-0.4361122207682917;-0.15220388682955227;-0.40599897147057507;5.333333333333333;0.0
Cc1csc2nc(CCNS(=O)(=O)c3ccc(F)cc3)cn12;0.34751245552430693;1.1507121640736944;-0.16957679805484424;-0.3851146642402806;-0.5385723967602168;-1.5424960137979244;1.6103478937742153;0.364022567901614;-0.24710536429033883;-0.030729254193150108;-0.48521256726432327;-0.4361122207682917;-0.15220388682955227;2.463060426921489;-0.18749999999999997;0.0
Cc1csc2nc(CN(C)Cc3ccccc3)cc(=O)n12;-0.2948863116063802;0.5982814875079991;-0.16957679805484424;-0.3851146642402806;1.7449728550113701;-0.9731903819644286;-0.6209838283181613;-0.49920768260333204;-0.24710536429033883;-0.030729254193150108;-0.48521256726432327;-0.4361122207682917;-0.15220388682955227;-0.40599897147057507;-0.18749999999999997;0.0
Cc1csc2nc(CNS(=O)(=O)c3ccccc3)cn12;-0.12878730452312845;-0.18081455341398725;-0.16957679805484424;-0.3851146642402806;-0.5385723967602168;-1.5424960137979244;-0.6209838283181613;-0.49920768260333204;-0.24710536429033883;-0.030729254193150108;-0.48521256726432327;-0.4361122207682917;-0.15220388682955227;-0.40599897147057507;-0.18749999999999997;1.0
Cc1csc2nc(COC(=O)CC(C)C)cc(=O)n12;1.7038282956128101;0.2014118712956479;-0.16957679805484424;-0.3851146642402806;1.720152152915091;-1.5424960137979244;-0.6209838283181613;-0.49920768260333204;-0.24710536429033883;-0.030729254193150108;-0.48521256726432327;-0.4361122207682917;-0.15220388682955227;-0.40599897147057507;-0.18749999999999997;0.0
Cc1csc2nc(COC(=O)CCc3ccccc3)cc(=O)n12;-0.2868977339872869;0.6698525555975757;-0.16957679805484424;-0.3851146642402806;1.720152152915091;-0.9731903819644286;-0.6209838283181613;-0.49920768260333204;-0.24710536429033883;-0.030729254193150108;-0.48521256726432327;-0.4361122207682917;-0.15220388682955227;-0.40599897147057507;-0.18749999999999997;0.0
Cc1csc2nc(COC(=O)CNC(=O)c3ccc(Cl)cc3)cc(=O)n12;0.5402465388951426;0.18771250602537595;4.3242083503985285;-0.3851146642402806;2.8495144277527458;-0.9731903819644286;-0.6209838283181613;-0.49920768260333204;4.046856703705712;-0.030729254193150108;-0.48521256726432327;-0.4361122207682917;-0.15220388682955227;-0.40599897147057507;5.333333333333333;0.0
Cc1csc2nc(COC(=O)CNC(=O)c3ccc(F)cc3)cc(=O)n12;0.5402465388951426;0.42636566592958036;-0.16957679805484424;-0.3851146642402806;2.8495144277527458;-0.9731903819644286;1.6103478937742153;0.364022567901614;-0.24710536429033883;-0.030729254193150108;-0.48521256726432327;-0.4361122207682917;-0.15220388682955227;2.463060426921489;-0.18749999999999997;0.0
Cc1csc2nc(COC(=O)CNC(=O)c3ccccc3F)cc(=O)n12;0.5402465388951426;0.3907676255376579;-0.16957679805484424;-0.3851146642402806;2.8495144277527458;-0.9731903819644286;-0.6209838283181613;-0.49920768260333204;-0.24710536429033883;-0.030729254193150108;-0.48521256726432327;-0.4361122207682917;-0.15220388682955227;-0.40599897147057507;-0.18749999999999997;0.0
Cc1csc2nc(COC(=O)COc3ccc(F)cc3)cc(=O)n12;0.15939124580318756;0.5118371001029289;-0.16957679805484424;-0.3851146642402806;0.5907898780774372;-1.5424960137979244;-0.6209838283181613;-0.49920768260333204;-0.24710536429033883;-0.030729254193150108;-0.48521256726432327;-0.4361122207682917;-0.15220388682955227;-0.40599897147057507;-0.18749999999999997;1.0
Cc1csc2nc(COC(=O)c3ccc(NC(=O)C(C)C)cc3)cc(=O)n12;0.9063128811947336;1.60631417417765;-0.16957679805484424;-0.3851146642402806;1.720152152915091;-0.9731903819644286;-0.6209838283181613;-0.49920768260333204;-0.24710536429033883;-0.030729254193150108;-0.48521256726432327;-0.4361122207682917;-0.15220388682955227;-0.40599897147057507;-0.18749999999999997;0.0
Cc1csc2nc(COC(=O)c3ccc(NC(=O)COc4ccccc4F)cc3)cc(=O)n12;-0.12969447254837;0.7480236043261396;-0.16957679805484424;-0.3851146642402806;1.720152152915091;-0.9731903819644286;1.6103478937742153;0.364022567901614;-0.24710536429033883;-0.030729254193150108;-0.48521256726432327;-0.4361122207682917;-0.15220388682955227;2.463060426921489;-0.18749999999999997;0.0
Cc1csc2nc(COC(=O)c3ccccc3NC(=O)COc3ccccc3F)cc(=O)n12;-0.12969447254837;1.3048181081328165;-0.16957679805484424;-0.3851146642402806;1.720152152915091;-0.9731903819644286;1.6103478937742153;0.364022567901614;-0.24710536429033883;-0.030729254193150108;2.060952389667274;2.536742788970546;-0.15220388682955227;2.463060426921489;-0.18749999999999997;0.0
Cc1csc2nc(COC(=O)c3ccccc3NC(=O)c3ccc(F)cc3)cc(=O)n12;-0.12496394374588009;0.9351026328270569;-0.16957679805484424;-0.3851146642402806;1.720152152915091;-0.4038847501309328;1.6103478937742153;0.364022567901614;-0.24710536429033883;-0.030729254193150108;2.060952389667274;2.536742788970546;-0.15220388682955227;2.463060426921489;-0.18749999999999997;0.0
Cc1csc2nc(COc3cccc(NC(=O)CC(C)C)c3)cc(=O)n12;0.5402465388951426;0.8245430781831161;-0.16957679805484424;-0.3851146642402806;1.720152152915091;-1.5424960137979244;-0.6209838283181613;-0.49920768260333204;-0.24710536429033883;-0.030729254193150108;2.060952389667274;1.050315284101127;-0.15220388682955227;-0.40599897147057507;-0.18749999999999997;0.0
Cc1csc2nc(CSCC(=O)Nc3ccc(F)cc3)cc(=O)n12;0.15939124580318756;-0.6766595360487583;-0.16957679805484424;-0.3851146642402806;1.720152152915091;-1.5424960137979244;-0.6209838283181613;-0.49920768260333204;-0.24710536429033883;-0.030729254193150108;-0.48521256726432327;-0.4361122207682917;-0.15220388682955227;-0.40599897147057507;-0.18749999999999997;0.0
Cc1csc2nc(CSCc3ccco3)cc(=O)n12;-0.8638754029332277;-0.4885631087162011;-0.16957679805484424;-0.3851146642402806;0.5907898780774372;-1.5424960137979244;-0.6209838283181613;-0.49920768260333204;-0.24710536429033883;-0.030729254193150108;-0.48521256726432327;-0.4361122207682917;-0.15220388682955227;-0.40599897147057507;-0.18749999999999997;0.0
Cc1csc2nc(CSc3nc4ccc(NC(=O)c5cccs5)cc4s3)cc(=O)n12;-1.3943393136512956;0.7843866599423824;-0.16957679805484424;-0.3851146642402806;1.720152152915091;-1.5424960137979244;-0.6209838283181613;-0.49920768260333204;-0.24710536429033883;-0.030729254193150108;-0.48521256726432327;-0.4361122207682917;6.5701344481423405;-0.40599897147057507;-0.18749999999999997;0.0
Cc1csc2nc(CSc3nc4ccccc4[nH]3)cc(=O)n12;-1.5421767993251518;0.12216488172881161;-0.16957679805484424;-0.3851146642402806;0.5907898780774372;-1.5424960137979244;-0.6209838283181613;-0.49920768260333204;-0.24710536429033883;-0.030729254193150108;-0.48521256726432327;-0.4361122207682917;-0.15220388682955227;-0.40599897147057507;-0.18749999999999997;1.0
Cc1csc2nc(CSc3nnc(-c4ccco4)n3C)cc(=O)n12;-0.9877862280481602;-0.38152820676839794;-0.16957679805484424;-0.3851146642402806;0.5907898780774372;-1.5424960137979244;-0.6209838283181613;-0.49920768260333204;-0.24710536429033883;-0.030729254193150108;-0.48521256726432327;-0.4361122207682917;-0.15220388682955227;-0.40599897147057507;-0.18749999999999997;1.0
Cc1csc2nc(CSc3nnc(NC(=O)C(C)C)s3)cc(=O)n12;0.602185222885316;-1.5411550075800513;-0.16957679805484424;-0.3851146642402806;1.720152152915091;-1.5424960137979244;-0.6209838283181613;-0.49920768260333204;-0.24710536429033883;-0.030729254193150108;-0.48521256726432327;-0.4361122207682917;6.5701344481423405;-0.40599897147057507;-0.18749999999999997;0.0
Cc1csc2nc(CSc3nnc(NC(=O)CCc4ccccc4)s3)cc(=O)n12;-0.8524813040720837;-0.25880156548196154;-0.16957679805484424;-0.3851146642402806;1.720152152915091;-0.9731903819644286;-0.6209838283181613;-0.49920768260333204;-0.24710536429033883;-0.030729254193150108;-0.48521256726432327;-0.4361122207682917;6.5701344481423405;-0.40599897147057507;-0.18749999999999997;0.0
Cc1csc2nc(CSc3nnc(NC(=O)COc4ccccc4)s3)cc(=O)n12;-0.8524813040720837;0.23815628020367247;-0.16957679805484424;-0.3851146642402806;2.97253173453553;-1.5424960137979244;-0.6209838283181613;-0.49920768260333204;-0.24710536429033883;-0.030729254193150108;-0.48521256726432327;-0.4361122207682917;6.5701344481423405;-0.40599897147057507;-0.18749999999999997;0.0
Cc1csc2nc(CSc3nnc(NC(=O)c4ccccc4)s3)cc(=O)n12;-0.9005897214858014;-0.3032398198104331;-0.16957679805484424;-0.3851146642402806;2.97253173453553;-0.9731903819644286;-0.6209838283181613;-0.49920768260333204;-0.24710536429033883;-0.030729254193150108;-0.48521256726432327;-0.4361122207682917;6.5701344481423405;-0.40599897147057507;-0.18749999999999997;0.0
Cc1csc2ncc(C(=O)N(C)Cc3ccccc3)c(=O)n12;0.19233751078410677;-1.9496434507894562;-0.16957679805484424;-0.3851146642402806;1.720152152915091;-0.4038847501309328;-0.6209838283181613;-0.49920768260333204;-0.24710536429033883;-0.030729254193150108;-0.48521256726432327;-0.4361122207682917;6.5701344481423405;-0.40599897147057507;-0.18749999999999997;0.0
Cc1csc2ncc(C(=O)N(Cc3ccccc3)Cc3ccccc3)c(=O)n12;-0.875676433896556;-1.4373485095099363;-0.16957679805484424;-0.3851146642402806;1.720152152915091;0.16542088170256303;-0.6209838283181613;-0.49920768260333204;-0.24710536429033883;-0.030729254193150108;-0.48521256726432327;-0.4361122207682917;6.5701344481423405;-0.40599897147057507;-0.18749999999999997;0.0
Cc1csc2ncc(C(=O)N3CCN(C(c4ccccc4)c4ccccc4)CC3)c(=O)n12;-1.3198817108597782;-0.8789846375132919;-0.16957679805484424;-0.3851146642402806;2.874335129849025;0.16542088170256303;-0.6209838283181613;-0.49920768260333204;-0.24710536429033883;-0.030729254193150108;-0.48521256726432327;-0.4361122207682917;6.5701344481423405;-0.40599897147057507;-0.18749999999999997;0.0
Cc1csc2ncc(C(=O)N3CCN(C/C=C/c4ccccc4)CC3)c(=O)n12;-0.875676433896556;-3.0044009622435675;-0.16957679805484424;-0.3851146642402806;2.874335129849025;-0.4038847501309328;-0.6209838283181613;-0.49920768260333204;-0.24710536429033883;-0.030729254193150108;-0.48521256726432327;-0.4361122207682917;6.5701344481423405;-0.40599897147057507;-0.18749999999999997;0.0
Cc1csc2ncc(C(=O)N3CCN(Cc4ccc5c(c4)OCO5)CC3)c(=O)n12;-1.4354193703638587;-2.4283129951451827;-0.16957679805484424;1.6258289027286723;2.874335129849025;-0.4038847501309328;-0.6209838283181613;-0.49920768260333204;-0.24710536429033883;-0.030729254193150108;-0.48521256726432327;-0.4361122207682917;6.5701344481423405;-0.40599897147057507;-0.18749999999999997;0.0
Cc1csc2ncc(C(=O)N3CCN(c4ccc(Cl)cc4)CC3)c(=O)n12;-0.5186865138907191;-2.9445495313206913;-0.16957679805484424;-0.3851146642402806;1.720152152915091;-0.9731903819644286;-0.6209838283181613;-0.49920768260333204;-0.24710536429033883;-0.030729254193150108;-0.48521256726432327;-0.4361122207682917;6.5701344481423405;-0.40599897147057507;-0.18749999999999997;0.0
Cc1csc2ncc(C(=O)N3CCN(c4ccc(F)cc4)CC3)c(=O)n12;-0.5186865138907191;-1.6389430647460046;-0.16957679805484424;-0.3851146642402806;1.720152152915091;-0.9731903819644286;-0.6209838283181613;-0.49920768260333204;-0.24710536429033883;-0.030729254193150108;-0.48521256726432327;-0.4361122207682917;6.5701344481423405;-0.40599897147057507;-0.18749999999999997;0.0
Cc1csc2ncc(C(=O)N3CCN(c4cccc(C(F)(F)F)c4)CC3)c(=O)n12;0.364588183314035;-0.31294007997226436;-0.16957679805484424;-0.3851146642402806;1.720152152915091;-0.4038847501309328;-0.6209838283181613;-0.49920768260333204;-0.24710536429033883;-0.030729254193150108;-0.48521256726432327;-0.4361122207682917;6.5701344481423405;-0.40599897147057507;-0.18749999999999997;0.0
Cc1csc2ncc(C(=O)N3CCN(c4cccc(Cl)c4)CC3)c(=O)n12;-0.5186865138907191;-1.6445308827356098;-0.16957679805484424;-0.3851146642402806;1.720152152915091;-0.9731903819644286;-0.6209838283181613;-0.49920768260333204;-0.24710536429033883;-0.030729254193150108;-0.48521256726432327;-0.4361122207682917;6.5701344481423405;-0.40599897147057507;-0.18749999999999997;0.0
Cc1csc2ncc(C(=O)N3CCN(c4ccccc4F)CC3)c(=O)n12;-0.5186865138907191;-1.7152579477752288;-0.16957679805484424;-0.3851146642402806;1.720152152915091;-0.9731903819644286;1.6103478937742153;0.364022567901614;-0.24710536429033883;-0.030729254193150108;-0.48521256726432327;-0.4361122207682917;6.5701344481423405;-0.40599897147057507;-0.18749999999999997;0.0
Cc1csc2ncc(C(=O)NC(C)(C)C)c(=O)n12;2.5898144177714313;0.0027488858487798;-0.16957679805484424;-0.3851146642402806;1.720152152915091;-0.9731903819644286;-0.6209838283181613;-0.49920768260333204;-0.24710536429033883;-0.030729254193150108;-0.48521256726432327;-0.4361122207682917;6.5701344481423405;-0.40599897147057507;-0.18749999999999997;0.0
Cc1csc2ncc(C(=O)NC(C)Cc3ccco3)c(=O)n12;0.19233751078410677;-0.087243371776975;-0.16957679805484424;-0.3851146642402806;1.720152152915091;-0.9731903819644286;-0.6209838283181613;-0.49920768260333204;-0.24710536429033883;-0.030729254193150108;2.060952389667274;1.050315284101127;6.5701344481423405;-0.40599897147057507;-0.18749999999999997;1.0
Cc1csc2ncc(C(=O)NC3CCCCC3)c(=O)n12;-0.2994797437373544;0.33427190608020696;-0.16957679805484424;-0.3851146642402806;1.720152152915091;-0.9731903819644286;-0.6209838283181613;-0.49920768260333204;-0.24710536429033883;-0.030729254193150108;-0.48521256726432327;-0.4361122207682917;6.5701344481423405;-0.40599897147057507;-0.18749999999999997;0.0
Cc1csc2ncc(C(=O)NC3CCCCCC3)c(=O)n12;-0.2948863116063802;-0.1156639863593573;-0.16957679805484424;-0.3851146642402806;1.720152152915091;-0.9731903819644286;-0.6209838283181613;-0.49920768260333204;-0.24710536429033883;-0.030729254193150108;-0.48521256726432327;-0.4361122207682917;6.5701344481423405;-0.40599897147057507;-0.18749999999999997;1.0
Cc1csc2ncc(C(=O)NC3CCCc4ccccc43)c(=O)n12;-0.9877862280481602;0.11210589893029275;-0.16957679805484424;-0.3851146642402806;1.720152152915091;0.16542088170256303;-0.6209838283181613;-0.49920768260333204;-0.24710536429033883;-0.030729254193150108;-0.48521256726432327;-0.4361122207682917;6.5701344481423405;-0.40599897147057507;-0.18749999999999997;0.0
Cc1csc2ncc(C(=O)NCC3CCCO3)c(=O)n12;-0.2994797437373544;-1.081474854127614;-0.16957679805484424;1.6258289027286723;1.720152152915091;-0.9731903819644286;-0.6209838283181613;-0.49920768260333204;-0.24710536429033883;-0.030729254193150108;-0.48521256726432327;-0.4361122207682917;6.5701344481423405;-0.40599897147057507;-0.18749999999999997;0.0
Cc1csc2ncc(C(=O)NCCC(C)C)c(=O)n12;1.7038282956128101;-1.543282087375846;-0.16957679805484424;-0.3851146642402806;1.720152152915091;-0.9731903819644286;-0.6209838283181613;-0.49920768260333204;-0.24710536429033883;-0.030729254193150108;-0.48521256726432327;-0.4361122207682917;6.5701344481423405;-0.40599897147057507;-0.18749999999999997;0.0
Cc1csc2ncc(C(=O)NCCCOC(C)C)c(=O)n12;1.5222239180318908;0.03285238177619636;-0.16957679805484424;-0.3851146642402806;1.720152152915091;-0.9731903819644286;-0.6209838283181613;-0.49920768260333204;-0.24710536429033883;-0.030729254193150108;2.060952389667274;1.050315284101127;6.5701344481423405;-0.40599897147057507;-0.18749999999999997;1.0
Cc1csc2ncc(C(=O)NCc3ccc4c(c3)OCO4)c(=O)n12;-0.9877862280481602;-0.17046402788313664;-0.16957679805484424;1.6258289027286723;1.720152152915091;-0.4038847501309328;-0.6209838283181613;-0.49920768260333204;-0.24710536429033883;-0.030729254193150108;-0.48521256726432327;-0.4361122207682917;6.5701344481423405;-0.40599897147057507;-0.18749999999999997;0.0
Cc1csc2ncc(C(=O)Nc3ccc(C(F)(F)F)cc3)c(=O)n12;1.187222899312634;1.1429297566553254;-0.16957679805484424;-0.3851146642402806;1.720152152915091;-0.4038847501309328;1.6103478937742153;2.090483068911506;-0.24710536429033883;-0.030729254193150108;-0.48521256726432327;-0.4361122207682917;6.5701344481423405;-0.40599897147057507;-0.18749999999999997;0.0
Cc1csc2ncc(C(=O)Nc3ccc(Cl)c(C(F)(F)F)c3)c(=O)n12;1.5566954945794906;0.3372603823313665;-0.16957679805484424;-0.3851146642402806;1.720152152915091;-0.4038847501309328;-0.6209838283181613;-0.49920768260333204;-0.24710536429033883;-0.030729254193150108;-0.48521256726432327;-0.4361122207682917;6.5701344481423405;-0.40599897147057507;-0.18749999999999997;0.0
Cc1csc2ncc(C(=O)Nc3ccc(Cl)cc3)c(=O)n12;0.21116394791605234;1.3043895901739204;-0.16957679805484424;-0.3851146642402806;1.720152152915091;-0.9731903819644286;-0.6209838283181613;-0.49920768260333204;-0.24710536429033883;-0.030729254193150108;-0.48521256726432327;-0.4361122207682917;6.5701344481423405;-0.40599897147057507;-0.18749999999999997;1.0
Cc1csc2ncc(C(=O)Nc3ccccc3)c(=O)n12;-0.2994797437373544;0.8960697531673549;-0.16957679805484424;-0.3851146642402806;1.720152152915091;-0.9731903819644286;-0.6209838283181613;-0.49920768260333204;-0.24710536429033883;-0.030729254193150108;-0.48521256726432327;-0.4361122207682917;6.5701344481423405;-0.40599897147057507;-0.18749999999999997;1.0
Cc1csc2ncc(C(N)=O)c(=O)n12;1.6257693222576204;0.850540729826942;-0.16957679805484424;-0.3851146642402806;1.720152152915091;-0.9731903819644286;-0.6209838283181613;-0.49920768260333204;-0.24710536429033883;-0.030729254193150108;-0.48521256726432327;-0.4361122207682917;6.5701344481423405;-0.40599897147057507;-0.18749999999999997;0.0
Cc1n(Cc2ccccc2)c2c([n+]1Cc1ccc(F)cc1)C(=O)c1ccccc1C2=O;-1.013101342856606;0.2842385244768311;-0.16957679805484424;-0.3851146642402806;0.6835602399553516;0.7347265135360589;1.6103478937742153;0.364022567901614;-0.24710536429033883;-0.030729254193150108;-0.48521256726432327;-0.4361122207682917;-0.15220388682955227;-0.40599897147057507;-0.18749999999999997;0.0
Cc1n[n+]2c(C(=O)Nc3cccc(C(F)(F)F)c3)c(C)[n-]n2c1[N+](=O)[O-];1.8977471209796766;0.4873959339097664;-0.16957679805484424;-0.3851146642402806;-0.4458020348823024;-0.9731903819644286;-0.6209838283181613;-0.49920768260333204;-0.24710536429033883;-0.030729254193150108;-0.48521256726432327;-0.4361122207682917;-0.15220388682955227;-0.40599897147057507;-0.18749999999999997;0.0
Cc1n[nH]c(-c2c(C)sc(C)c2S(=O)(=O)N2CCN(c3ccccc3F)CC2)c1C;0.699903169903041;2.590222472589545;-0.16957679805484424;-0.3851146642402806;-0.3741601951151035;-0.4038847501309328;1.6103478937742153;0.364022567901614;-0.24710536429033883;-0.030729254193150108;-0.48521256726432327;-0.4361122207682917;-0.15220388682955227;-0.40599897147057507;-0.18749999999999997;0.0
Cc1n[nH]c(-c2c(C)sc(C)c2S(=O)(=O)NCCc2ccc(Cl)cc2)c1C;1.4263463713523536;3.3957328108573965;-0.16957679805484424;-0.3851146642402806;-0.3741601951151035;0.16542088170256303;-0.6209838283181613;-0.49920768260333204;-0.24710536429033883;-0.030729254193150108;-0.48521256726432327;-0.4361122207682917;-0.15220388682955227;-0.40599897147057507;-0.18749999999999997;0.0
Cc1n[nH]c(-c2cc(C(=O)N3CCC(c4ccc(C#N)cc4)CC3)c(C)cc2C2CCC2)n1;-0.9640053626220872;0.19663459439443265;-0.16957679805484424;-0.3851146642402806;0.7552020797225507;1.8733377772030504;-0.6209838283181613;-0.49920768260333204;-0.24710536429033883;-0.030729254193150108;-0.48521256726432327;-0.4361122207682917;-0.15220388682955227;-0.40599897147057507;-0.18749999999999997;0.0
Cc1n[nH]c(-c2cc(S(=O)(=O)NC3CCCCCC3)c(C)s2)c1C;0.7444289222305055;-1.2464334689496177;-0.16957679805484424;-0.3851146642402806;-0.3741601951151035;-0.9731903819644286;-0.6209838283181613;-0.49920768260333204;-0.24710536429033883;-0.030729254193150108;-0.48521256726432327;-0.4361122207682917;-0.15220388682955227;-0.40599897147057507;-0.18749999999999997;0.0
Cc1n[nH]c(-c2cc(S(=O)(=O)NCc3ccc(Cl)cc3)c(C)s2)c1C;1.131613276580648;-0.8589211254862636;-0.16957679805484424;-0.3851146642402806;-0.3741601951151035;-0.4038847501309328;-0.6209838283181613;-0.49920768260333204;4.046856703705712;-0.030729254193150108;-0.48521256726432327;-0.4361122207682917;-0.15220388682955227;-0.40599897147057507;-0.18749999999999997;0.0
Cc1n[nH]c(-c2cc(S(=O)(=O)Nc3ccc(Cl)cc3)c(C)s2)c1C;1.187222899312634;0.1316580333621234;-0.16957679805484424;-0.3851146642402806;0.7381381547305711;-0.9731903819644286;-0.6209838283181613;-0.49920768260333204;-0.24710536429033883;-0.030729254193150108;-0.48521256726432327;-0.4361122207682917;-0.15220388682955227;-0.40599897147057507;-0.18749999999999997;0.0
Cc1n[nH]c(-c2cc(S(=O)(=O)Nc3ccc(F)c(Cl)c3)c(C)s2)c1C;1.5566954945794906;0.5836207976553568;8.817993498851902;-0.3851146642402806;0.7381381547305711;-0.9731903819644286;-0.6209838283181613;-0.49920768260333204;-0.24710536429033883;-0.030729254193150108;-0.48521256726432327;-0.4361122207682917;-0.15220388682955227;-0.40599897147057507;5.333333333333333;0.0
Cc1n[nH]c(-c2ccc(Cl)cc2)c1CC(=O)N1CCN(S(C)(=O)=O)CC1;1.0802813171357377;0.5687492255620313;-0.16957679805484424;-0.3851146642402806;0.7552020797225507;-0.4038847501309328;-0.6209838283181613;-0.49920768260333204;4.046856703705712;-0.030729254193150108;-0.48521256726432327;-0.4361122207682917;6.5701344481423405;-0.40599897147057507;-0.18749999999999997;0.0
Cc1n[nH]c(-c2ccc(Cl)cc2)c1CC(=O)NCCCN1CCOCC1;-0.27721926494878907;-0.274753608441693;-0.16957679805484424;-0.3851146642402806;1.9093850566564836;-0.4038847501309328;-0.6209838283181613;-0.49920768260333204;4.046856703705712;-0.030729254193150108;-0.48521256726432327;-0.4361122207682917;-0.15220388682955227;-0.40599897147057507;-0.18749999999999997;1.0
Cc1n[nH]c(-c2ccc(S(=O)(=O)N3CCC(C)CC3)o2)c1C;0.8305604305229932;-0.3382148193082817;-0.16957679805484424;-0.3851146642402806;-0.3741601951151035;-0.9731903819644286;-0.6209838283181613;-0.49920768260333204;-0.24710536429033883;-0.030729254193150108;-0.48521256726432327;-0.4361122207682917;-0.15220388682955227;-0.40599897147057507;-0.18749999999999997;0.0
Cc1n[nH]c(-c2ccc(S(=O)(=O)N3CCN(C4CCCCC4)CC3)o2)c1C;-0.3805562313282031;-0.2567306888240766;-0.16957679805484424;-0.3851146642402806;0.7800227818188298;-0.9731903819644286;-0.6209838283181613;-0.49920768260333204;-0.24710536429033883;-0.030729254193150108;-0.48521256726432327;-0.4361122207682917;-0.15220388682955227;-0.40599897147057507;-0.18749999999999997;0.0
Cc1n[nH]c(-c2ccc(S(=O)(=O)N3CCN(C4CCCCC4)CC3)s2)c1C;-0.3805562313282031;0.10573587618722799;-0.16957679805484424;-0.3851146642402806;0.7800227818188298;-0.9731903819644286;-0.6209838283181613;-0.49920768260333204;-0.24710536429033883;-0.030729254193150108;-0.48521256726432327;-0.4361122207682917;-0.15220388682955227;-0.40599897147057507;-0.18749999999999997;0.0
Cc1n[nH]c(-c2ccc(S(=O)(=O)N3CCN(c4ccccc4)CC3)o2)c1C;-0.3805562313282031;-0.07575316636053493;-0.16957679805484424;-0.3851146642402806;-0.3741601951151035;-0.9731903819644286;-0.6209838283181613;-0.49920768260333204;-0.24710536429033883;-0.030729254193150108;-0.48521256726432327;-0.4361122207682917;-0.15220388682955227;-0.40599897147057507;-0.18749999999999997;0.0
Cc1n[nH]c(-c2ccc(S(=O)(=O)N3CCOCC3)o2)c1C;0.37372817573912503;-0.292756690561629;-0.16957679805484424;-0.3851146642402806;-0.3741601951151035;-0.9731903819644286;-0.6209838283181613;-0.49920768260333204;-0.24710536429033883;-0.030729254193150108;2.060952389667274;1.050315284101127;-0.15220388682955227;-0.40599897147057507;-0.18749999999999997;0.0
Cc1n[nH]c(-c2ccc(S(=O)(=O)NC(C)C)o2)c1C;2.4428232553104667;-0.29275111269552545;-0.16957679805484424;-0.3851146642402806;-0.3741601951151035;-0.9731903819644286;-0.6209838283181613;-0.49920768260333204;-0.24710536429033883;-0.030729254193150108;-0.48521256726432327;-0.4361122207682917;-0.15220388682955227;-0.40599897147057507;-0.18749999999999997;0.0
Cc1n[nH]c(-c2ccc(S(=O)(=O)NC3CCC(C)CC3)o2)c1C;0.7856222522834375;-0.44833890399552867;-0.16957679805484424;-0.3851146642402806;-0.3741601951151035;-0.9731903819644286;-0.6209838283181613;-0.49920768260333204;-0.24710536429033883;-0.030729254193150108;-0.48521256726432327;-0.4361122207682917;-0.15220388682955227;-0.40599897147057507;-0.18749999999999997;0.0
Cc1n[nH]c(-c2ccc(S(=O)(=O)NCCc3ccc(S(N)(=O)=O)cc3)o2)c1C;1.490077969350387;0.9382888002169281;-0.16957679805484424;-0.3851146642402806;-0.3741601951151035;-0.4038847501309328;-0.6209838283181613;-0.49920768260333204;-0.24710536429033883;-0.030729254193150108;-0.48521256726432327;-0.4361122207682917;-0.15220388682955227;-0.40599897147057507;-0.18749999999999997;0.0
Cc1n[nH]c(-c2ccc(S(=O)(=O)Nc3cccc(Cl)c3)s2)c1C;0.7856222522834375;-0.2643581756962675;8.817993498851902;-0.3851146642402806;0.7381381547305711;-0.9731903819644286;-0.6209838283181613;-0.49920768260333204;-0.24710536429033883;-0.030729254193150108;-0.48521256726432327;-0.4361122207682917;-0.15220388682955227;-0.40599897147057507;5.333333333333333;0.0
Cc1n[nH]c(-c2ccc(S(=O)(=O)Nc3ccccc3)o2)c1C;0.34751245552430693;-0.20860310221502903;-0.16957679805484424;-0.3851146642402806;0.7381381547305711;-0.9731903819644286;-0.6209838283181613;-0.49920768260333204;-0.24710536429033883;-0.030729254193150108;-0.48521256726432327;-0.4361122207682917;-0.15220388682955227;-0.40599897147057507;-0.18749999999999997;0.0
Cc1n[nH]c(=O)c2cc(S(=O)(=O)NCc3ccco3)cn12;0.37372817573912503;-0.2894295947842917;-0.16957679805484424;-0.3851146642402806;0.5907898780774372;-1.5424960137979244;-0.6209838283181613;-0.49920768260333204;-0.24710536429033883;-0.030729254193150108;2.060952389667274;2.536742788970546;-0.15220388682955227;-0.40599897147057507;-0.18749999999999997;0.0
Cc1n[nH]c(=O)c2cccn12;0.19233751078409955;0.06743189128518064;-0.16957679805484424;-0.3851146642402806;0.5907898780774372;-1.5424960137979244;-0.6209838283181613;-0.49920768260333204;-0.24710536429033883;-0.030729254193150108;-0.48521256726432327;-0.4361122207682917;-0.15220388682955227;-0.40599897147057507;-0.18749999999999997;0.0
Cc1n[nH]c(C)c1-c1cnn(C2(CC#N)CN(c3cc(F)c(C(=O)N[C@@H](C)C(F)(F)F)cc3F)C2)c1;1.529833450482435;-1.376190088876684;-0.16957679805484424;-0.3851146642402806;1.858009589640898;0.16542088170256303;1.6103478937742153;0.364022567901614;-0.24710536429033883;-0.030729254193150108;-0.48521256726432327;-0.4361122207682917;-0.15220388682955227;-0.40599897147057507;-0.18749999999999997;0.0
Cc1n[nH]c(C)c1C(=O)CC1(O)C(=O)N(C(C)C)c2ccccc21;1.630016876394748;0.380189287294814;-0.16957679805484424;1.6258289027286723;1.8845643545602042;-0.4038847501309328;-0.6209838283181613;-0.49920768260333204;-0.24710536429033883;-0.030729254193150108;-0.48521256726432327;-0.4361122207682917;-0.15220388682955227;-0.40599897147057507;-0.18749999999999997;0.0
Cc1n[nH]c(C)c1CC(=O)NCc1ccccc1F;1.1445095877195968;0.7979092602153766;-0.16957679805484424;-0.3851146642402806;0.7552020797225507;-0.4038847501309328;-0.6209838283181613;-0.49920768260333204;-0.24710536429033883;-0.030729254193150108;-0.48521256726432327;-0.4361122207682917;-0.15220388682955227;2.463060426921489;-0.18749999999999997;0.0
Cc1n[nH]c(C)c1CCC(=O)N/N=C\c1ccccc1C(F)(F)F;1.8916063960818605;0.31995861723245733;-0.16957679805484424;-0.3851146642402806;0.7552020797225507;0.16542088170256303;1.6103478937742153;2.090483068911506;-0.24710536429033883;-0.030729254193150108;-0.48521256726432327;-0.4361122207682917;-0.15220388682955227;-0.40599897147057507;-0.18749999999999997;0.0
Cc1n[nH]c(C)c1CCC(=O)N1CC(F)(F)C[C@H]1COc1cccnc1;0.6715484152137646;-1.8688204686702805;-0.16957679805484424;1.6258289027286723;1.9291876186935266;-0.9731903819644286;-0.6209838283181613;-0.49920768260333204;-0.24710536429033883;-0.030729254193150108;-0.48521256726432327;-0.4361122207682917;-0.15220388682955227;-0.40599897147057507;-0.18749999999999997;0.0
Cc1n[nH]c(C)c1CCC(=O)N1CC2(CN(Cc3ccccc3)CC2C(=O)NC(C)C)C1;0.31137513466082284;0.6093100202825524;-0.16957679805484424;1.6258289027286723;3.0387473314941382;-0.4038847501309328;-0.6209838283181613;-0.49920768260333204;-0.24710536429033883;-0.030729254193150108;-0.48521256726432327;-0.4361122207682917;-0.15220388682955227;-0.40599897147057507;-0.18749999999999997;0.0
Cc1n[nH]c(C)c1CCC(=O)N1CCC(C2CCN(S(C)(=O)=O)CC2)C1;1.0802813171357377;-1.973780818502684;-0.16957679805484424;1.6258289027286723;0.7552020797225507;-0.9731903819644286;-0.6209838283181613;-0.49920768260333204;-0.24710536429033883;-0.030729254193150108;-0.48521256726432327;-0.4361122207682917;-0.15220388682955227;-0.40599897147057507;-0.18749999999999997;0.0
Cc1n[nH]c(C)c1CCC(=O)N1CCC2(CC1)N(Cc1ccccc1)C(=O)CS2(=O)=O;0.43809260523927995;-2.2001849418220893;-0.16957679805484424;1.6258289027286723;1.8845643545602042;-0.4038847501309328;-0.6209838283181613;-0.49920768260333204;-0.24710536429033883;-0.030729254193150108;-0.48521256726432327;-0.4361122207682917;6.5701344481423405;-0.40599897147057507;-0.18749999999999997;0.0
Cc1n[nH]c(C)c1CCC(=O)NCc1nc2ccccc2n1C;0.17514815514189058;-0.3231232060871214;-0.16957679805484424;-0.3851146642402806;0.7552020797225507;-0.9731903819644286;-0.6209838283181613;-0.49920768260333204;-0.24710536429033883;-0.030729254193150108;-0.48521256726432327;-0.4361122207682917;-0.15220388682955227;-0.40599897147057507;-0.18749999999999997;0.0
Cc1n[nH]c(C)c1CCC(=O)N[C@@H]1CN(S(C)(=O)=O)C[C@H]1CN(C)C;2.6579858694767897;-0.7283844498708961;-0.16957679805484424;1.6258289027286723;0.7552020797225507;-0.9731903819644286;-0.6209838283181613;-0.49920768260333204;-0.24710536429033883;-0.030729254193150108;-0.48521256726432327;-0.4361122207682917;6.5701344481423405;-0.40599897147057507;-0.18749999999999997;0.0
Cc1n[nH]c(C)c1CCC(=O)Nc1ccc(Cn2cncn2)cc1;-0.2834027312789409;0.37933697376216635;-0.16957679805484424;-0.3851146642402806;0.7552020797225507;-0.4038847501309328;-0.6209838283181613;-0.49920768260333204;-0.24710536429033883;-0.030729254193150108;-0.48521256726432327;-0.4361122207682917;-0.15220388682955227;-0.40599897147057507;-0.18749999999999997;0.0
Cc1n[nH]c(C)c1CCC(=O)Nc1ccc2c(c1)C(=O)N1CCC[C@H]1C(=O)N2;-0.11660104461291448;0.5978797565254651;-0.16957679805484424;1.6258289027286723;3.013926629397858;-0.4038847501309328;-0.6209838283181613;-0.49920768260333204;-0.24710536429033883;-0.030729254193150108;-0.48521256726432327;-0.4361122207682917;-0.15220388682955227;-0.40599897147057507;-0.18749999999999997;0.0
Cc1n[nH]c(C)c1CCC(=O)Nc1ccc2ncn(C(C)C)c(=O)c2c1;0.9489794408171084;0.2985687804574284;-0.16957679805484424;-0.3851146642402806;2.9603532888446753;-0.4038847501309328;-0.6209838283181613;-0.49920768260333204;-0.24710536429033883;-0.030729254193150108;-0.48521256726432327;-0.4361122207682917;-0.15220388682955227;-0.40599897147057507;-0.18749999999999997;0.0
Cc1n[nH]c(C)c1CCC(=O)O;3.3393341476701544;0.38219524896907936;-0.16957679805484424;-0.3851146642402806;0.7552020797225507;-0.9731903819644286;-0.6209838283181613;-0.49920768260333204;-0.24710536429033883;-0.030729254193150108;-0.48521256726432327;-0.4361122207682917;-0.15220388682955227;-0.40599897147057507;-0.18749999999999997;0.0
Cc1n[nH]c(C)c1CCCOc1cc(C(=O)O)ccc1F;1.5222239180318908;0.0794507261210192;-0.16957679805484424;-0.3851146642402806;-0.3741601951151035;-0.4038847501309328;-0.6209838283181613;-0.49920768260333204;-0.24710536429033883;-0.030729254193150108;-0.48521256726432327;-0.4361122207682917;-0.15220388682955227;2.463060426921489;-0.18749999999999997;0.0
Cc1n[nH]c(C)c1CCc1nc2c3ccccc3nc(SCc3cccc(F)c3)n2n1;-1.355909583178258;0.6556855865672223;-0.16957679805484424;-0.3851146642402806;-0.3741601951151035;0.16542088170256303;-0.6209838283181613;-0.49920768260333204;-0.24710536429033883;-0.030729254193150108;-0.48521256726432327;-0.4361122207682917;-0.15220388682955227;-0.40599897147057507;-0.18749999999999997;1.0
Cc1n[nH]c(C)c1CN1CC[C@H]2CN(S(C)(=O)=O)C[C@@]2(CO)C1;1.3960963494249772;-0.9963143176583583;-0.16957679805484424;1.6258289027286723;0.7800227818188298;-0.9731903819644286;-0.6209838283181613;-0.49920768260333204;-0.24710536429033883;-0.030729254193150108;2.060952389667274;2.536742788970546;-0.15220388682955227;-0.40599897147057507;-0.18749999999999997;0.0
Cc1n[nH]c(C)c1CN1C[C@@H](COCC2CC2)[C@H](c2ccncc2)C1;-1.3814777036845647;0.271126450986603;-0.16957679805484424;1.6258289027286723;1.954008320789806;-0.4038847501309328;-0.6209838283181613;-0.49920768260333204;-0.24710536429033883;-0.030729254193150108;-0.48521256726432327;-0.4361122207682917;-0.15220388682955227;-0.40599897147057507;-0.18749999999999997;0.0
Cc1n[nH]c(C)c1CNC(=O)C1CCCn2c1nn(Cc1ccc(F)cc1Cl)c2=O;0.2318730287612026;-1.3708219326347777;4.3242083503985285;-0.3851146642402806;1.8309910140070214;-0.4038847501309328;1.6103478937742153;0.364022567901614;4.046856703705712;-0.030729254193150108;2.060952389667274;1.050315284101127;-0.15220388682955227;-0.40599897147057507;5.333333333333333;0.0
Cc1n[nH]c(C)c1CNC(=O)C1CCN(c2cnn(Cc3ccccc3)c(=O)c2)C1;-0.4765973345702188;-0.9613546851027542;-0.16957679805484424;1.6258289027286723;1.8845643545602042;-0.4038847501309328;-0.6209838283181613;-0.49920768260333204;-0.24710536429033883;-0.030729254193150108;-0.48521256726432327;-0.4361122207682917;-0.15220388682955227;-0.40599897147057507;-0.18749999999999997;0.0
Cc1n[nH]c(C)c1CNC(=O)CCC1CCCN(S(=O)(=O)c2ccccc2F)C1;0.9475262496058027;0.6773752320496911;-0.16957679805484424;-0.3851146642402806;0.7552020797225507;-0.9731903819644286;-0.6209838283181613;-0.49920768260333204;-0.24710536429033883;-0.030729254193150108;-0.48521256726432327;-0.4361122207682917;-0.15220388682955227;-0.40599897147057507;-0.18749999999999997;0.0
Cc1n[nH]c(C)c1CNC(=O)CCCN1C(=O)c2ccccc2N2C(=O)c3ccccc3C12;-0.6419733792896177;-0.5484014631151413;-0.16957679805484424;1.6258289027286723;4.168109606331791;0.7347265135360589;-0.6209838283181613;-0.49920768260333204;-0.24710536429033883;-0.030729254193150108;2.060952389667274;1.050315284101127;-0.15220388682955227;-0.40599897147057507;-0.18749999999999997;0.0
Cc1n[nH]c(C)c1CNC(=O)c1ccc(CC2CCN(S(C)(=O)=O)CC2)cc1;0.9886171038412561;-0.8345620148833288;-0.16957679805484424;-0.3851146642402806;0.7552020797225507;0.16542088170256303;-0.6209838283181613;-0.49920768260333204;-0.24710536429033883;-0.030729254193150108;-0.48521256726432327;-0.4361122207682917;-0.15220388682955227;-0.40599897147057507;-0.18749999999999997;0.0
Cc1n[nH]c(C)c1CNC(=O)c1cn2c(n1)C(=O)N(C)CC2;0.675385485782793;0.14487739903801222;-0.16957679805484424;-0.3851146642402806;1.8845643545602042;-0.9731903819644286;-0.6209838283181613;-0.49920768260333204;-0.24710536429033883;-0.030729254193150108;2.060952389667274;1.050315284101127;-0.15220388682955227;-0.40599897147057507;-0.18749999999999997;1.0
Cc1n[nH]c(C)c1CNC(=O)c1nc(-c2ccccc2)n2c1CCCCC2;-0.9005897214858158;-0.040258481014060536;-0.16957679805484424;-0.3851146642402806;0.7552020797225507;-0.4038847501309328;-0.6209838283181613;-0.49920768260333204;-0.24710536429033883;-0.030729254193150108;-0.48521256726432327;-0.4361122207682917;-0.15220388682955227;-0.40599897147057507;-0.18749999999999997;1.0
Cc1n[nH]c(C)c1N1C(=O)c2cccc3c(Br)ccc(c23)C1=O;-0.09781482192290869;0.29306421629613016;-0.16957679805484424;-0.3851146642402806;1.8845643545602042;0.7347265135360589;-0.6209838283181613;-0.49920768260333204;-0.24710536429033883;32.54228019054596;-0.48521256726432327;-0.4361122207682917;-0.15220388682955227;-0.40599897147057507;-0.18749999999999997;0.0
Cc1n[nH]c(C)c1S(=O)(=O)N(CC(=O)Nc1ccc(C(C)C)cc1)c1ccc(C(C)C)cc1;1.7741623306828411;-1.7487161432617155;-0.16957679805484424;-0.3851146642402806;1.7693038248817188;-0.4038847501309328;-0.6209838283181613;-0.49920768260333204;-0.24710536429033883;-0.030729254193150108;-0.48521256726432327;-0.4361122207682917;-0.15220388682955227;-0.40599897147057507;-0.18749999999999997;0.0
Cc1n[nH]c(C)c1S(=O)(=O)N(CC(=O)Nc1cccc(Cl)c1C)c1ccc(C(C)C)cc1;1.8359492056725317;-1.2674927860630407;4.3242083503985285;-0.3851146642402806;1.7693038248817188;-0.4038847501309328;-0.6209838283181613;-0.49920768260333204;-0.24710536429033883;-0.030729254193150108;-0.48521256726432327;-0.4361122207682917;-0.15220388682955227;-0.40599897147057507;5.333333333333333;0.0
Cc1n[nH]c(C)c1S(=O)(=O)N(CC(=O)Nc1cccc(F)c1)c1ccc(C(C)C)cc1;1.5589140903398928;-1.5768510264067512;-0.16957679805484424;-0.3851146642402806;1.7693038248817188;-0.9731903819644286;-0.6209838283181613;-0.49920768260333204;-0.24710536429033883;-0.030729254193150108;-0.48521256726432327;-0.4361122207682917;-0.15220388682955227;2.463060426921489;-0.18749999999999997;0.0
Cc1n[nH]c(C)c1S(=O)(=O)N1CCCC(C(=O)Nc2ccc(Cl)cc2)C1;1.0802813171357377;0.17469064950100568;-0.16957679805484424;-0.3851146642402806;0.7552020797225507;-1.5424960137979244;-0.6209838283181613;-0.49920768260333204;-0.24710536429033883;-0.030729254193150108;2.060952389667274;2.536742788970546;-0.15220388682955227;-0.40599897147057507;-0.18749999999999997;0.0
Cc1n[nH]c(C)c1S(=O)(=O)N1CCCC(c2nnc(C(=O)Nc3ccccc3)s2)C1;-0.008567193428380367;0.41504665884193576;-0.16957679805484424;-0.3851146642402806;0.7552020797225507;-1.5424960137979244;-0.6209838283181613;-0.49920768260333204;-0.24710536429033883;-0.030729254193150108;-0.48521256726432327;-0.4361122207682917;6.5701344481423405;-0.40599897147057507;-0.18749999999999997;0.0
Cc1n[nH]c(C)c1S(=O)(=O)N1CCN(c2nc3ncccc3o2)CC1;-0.39475931631550865;2.178136136520453;-0.16957679805484424;-0.3851146642402806;-0.3741601951151035;-1.5424960137979244;-0.6209838283181613;-0.49920768260333204;-0.24710536429033883;-0.030729254193150108;-0.48521256726432327;-0.4361122207682917;6.5701344481423405;-0.40599897147057507;-0.18749999999999997;0.0
Cc1n[nH]c(C)c1S(=O)(=O)NCCc1cn(CC(C)C)c2ncccc12;1.0802813171357304;1.2811977357565698;-0.16957679805484424;-0.3851146642402806;-0.3741601951151035;-0.4038847501309328;-0.6209838283181613;-0.49920768260333204;-0.24710536429033883;-0.030729254193150108;-0.48521256726432327;-0.4361122207682917;-0.15220388682955227;-0.40599897147057507;-0.18749999999999997;0.0
Cc1n[nH]c(C)c1S(=O)(=O)Nc1ccn(Cc2ccc(Cl)cc2)n1;0.7444289222304911;0.16555040155715414;-0.16957679805484424;-0.3851146642402806;1.8409456646489186;-0.9731903819644286;-0.6209838283181613;-0.49920768260333204;4.046856703705712;-0.030729254193150108;-0.48521256726432327;-0.4361122207682917;-0.15220388682955227;-0.40599897147057507;-0.18749999999999997;0.0
Cc1n[nH]c(C)c1S(=O)(=O)Nc1ccn(Cc2cccc(Cl)c2)n1;0.7444289222304911;-0.3211128616850458;-0.16957679805484424;-0.3851146642402806;1.8409456646489186;-0.9731903819644286;-0.6209838283181613;-0.49920768260333204;4.046856703705712;-0.030729254193150108;-0.48521256726432327;-0.4361122207682917;-0.15220388682955227;-0.40599897147057507;-0.18749999999999997;0.0
Cc1n[nH]c(C)c1S(=O)(=O)Nc1ccn(Cc2cccc(F)c2)n1;0.7444289222304911;-0.06622749570087101;-0.16957679805484424;-0.3851146642402806;1.8409456646489186;-0.9731903819644286;1.6103478937742153;0.364022567901614;-0.24710536429033883;-0.030729254193150108;-0.48521256726432327;-0.4361122207682917;-0.15220388682955227;-0.40599897147057507;-0.18749999999999997;0.0
Cc1n[nH]c(C)c1S(=O)(=O)Nc1nn(Cc2ccccc2F)cc1Cl;1.131613276580648;-2.0701293004208514;-0.16957679805484424;-0.3851146642402806;1.8409456646489186;-0.9731903819644286;-0.6209838283181613;-0.49920768260333204;-0.24710536429033883;-0.030729254193150108;-0.48521256726432327;-0.4361122207682917;-0.15220388682955227;-0.40599897147057507;-0.18749999999999997;0.0
Cc1n[nH]c(C)c1[N+](=O)[O-];4.047804511001554;0.06743189128518064;-0.16957679805484424;-0.3851146642402806;2.008286545811876;-1.5424960137979244;-0.6209838283181613;-0.49920768260333204;-0.24710536429033883;-0.030729254193150108;-0.48521256726432327;-0.4361122207682917;-0.15220388682955227;-0.40599897147057507;-0.18749999999999997;0.0
Cc1n[nH]c(C2CCN(C(=O)C3CC3)CCN2Cc2cccnc2)n1;-1.3814777036845647;0.34056965440718645;-0.16957679805484424;-0.3851146642402806;3.0833705956274597;-0.9731903819644286;-0.6209838283181613;-0.49920768260333204;-0.24710536429033883;-0.030729254193150108;-0.48521256726432327;-0.4361122207682917;-0.15220388682955227;-0.40599897147057507;-0.18749999999999997;0.0
Cc1n[nH]c(C2CCN(C(=O)C3CCOCC3)CCN2C(=O)c2cncn2C)n1;-0.48603111614206007;1.4952020545381375;-0.16957679805484424;-0.3851146642402806;1.8845643545602042;-1.5424960137979244;-0.6209838283181613;-0.49920768260333204;-0.24710536429033883;-0.030729254193150108;-0.48521256726432327;-0.4361122207682917;-0.15220388682955227;-0.40599897147057507;-0.18749999999999997;0.0
Cc1n[nH]c(C2CCN(C(=O)C3CCOCC3)CCN2CC(C)C)n1;0.14489488921158455;0.8630352629989168;-0.16957679805484424;-0.3851146642402806;1.9093850566564836;-1.5424960137979244;-0.6209838283181613;-0.49920768260333204;-0.24710536429033883;-0.030729254193150108;-0.48521256726432327;-0.4361122207682917;-0.15220388682955227;-0.40599897147057507;-0.18749999999999997;1.0
Cc1n[nH]c(C2CCN(C(=O)CCO)CCN2CCc2ccccc2)n1;-0.27721926494878907;0.018668514349984976;-0.16957679805484424;-0.3851146642402806;1.9093850566564836;-0.9731903819644286;-0.6209838283181613;-0.49920768260333204;-0.24710536429033883;-0.030729254193150108;-0.48521256726432327;-0.4361122207682917;-0.15220388682955227;-0.40599897147057507;-0.18749999999999997;1.0
Cc1n[nH]c(C2CCN(C(=O)COc3ccccc3)CCN2CC2CCOCC2)n1;-1.185067697901633;0.999031366999548;-0.16957679805484424;-0.3851146642402806;1.9093850566564836;-1.5424960137979244;-0.6209838283181613;-0.49920768260333204;-0.24710536429033883;-0.030729254193150108;-0.48521256726432327;-0.4361122207682917;-0.15220388682955227;-0.40599897147057507;-0.18749999999999997;1.0
Cc1n[nH]c(C2CCN(C(=O)c3ccccc3)CCN2Cc2cccnc2)n1;-1.2552141285383949;1.0904990862632546;-0.16957679805484424;-0.3851146642402806;3.0833705956274597;-0.4038847501309328;-0.6209838283181613;-0.49920768260333204;-0.24710536429033883;-0.030729254193150108;-0.48521256726432327;-0.4361122207682917;-0.15220388682955227;-0.40599897147057507;-0.18749999999999997;1.0
Cc1n[nH]c(C2CCN(C(=O)c3cn[nH]c3)CCN2Cc2ccccc2)n1;-1.2941843677810418;0.8620903418152732;-0.16957679805484424;-0.3851146642402806;3.110389171261336;-0.4038847501309328;-0.6209838283181613;-0.49920768260333204;-0.24710536429033883;-0.030729254193150108;-0.48521256726432327;-0.4361122207682917;-0.15220388682955227;-0.40599897147057507;-0.18749999999999997;1.0
Cc1n[nH]c(C2CCN(CC3CCCCC3)CCN2C(=O)C(C)C)n1;0.14489488921158455;0.49300468645551704;-0.16957679805484424;-0.3851146642402806;0.7552020797225507;-1.5424960137979244;-0.6209838283181613;-0.49920768260333204;-0.24710536429033883;-0.030729254193150108;-0.48521256726432327;-0.4361122207682917;-0.15220388682955227;-0.40599897147057507;-0.18749999999999997;1.0
Cc1n[nH]c(C2CCN(CC3CCCCC3)CCN2C(=O)c2cccc(C(=O)O)c2)n1;-0.4677721840675319;0.30349762715840994;-0.16957679805484424;-0.3851146642402806;0.7552020797225507;-0.4038847501309328;-0.6209838283181613;-0.49920768260333204;-0.24710536429033883;-0.030729254193150108;2.060952389667274;2.536742788970546;-0.15220388682955227;-0.40599897147057507;-0.18749999999999997;0.0
Cc1n[nH]c(C2CCN(CCOc3ccccc3)CCN2C(=O)c2cccc(C(=O)O)c2)n1;-0.4517264558808323;-0.48275111242662;-0.16957679805484424;-0.3851146642402806;1.9093850566564836;-0.4038847501309328;-0.6209838283181613;-0.49920768260333204;-0.24710536429033883;-0.030729254193150108;2.060952389667274;2.536742788970546;-0.15220388682955227;-0.40599897147057507;-0.18749999999999997;0.0
Cc1n[nH]c(C2CCN(CCOc3ccccc3)CCN2C(=O)c2cccnc2)n1;-1.185067697901633;-0.010267648295810174;-0.16957679805484424;-0.3851146642402806;3.0833705956274597;-0.9731903819644286;-0.6209838283181613;-0.49920768260333204;-0.24710536429033883;-0.030729254193150108;-0.48521256726432327;-0.4361122207682917;-0.15220388682955227;-0.40599897147057507;-0.18749999999999997;1.0
Cc1n[nH]c(C2CN(C(=O)C3CCCCC3)CCCN2C(=O)c2ccncc2)n1;-0.8524813040721054;0.23392707563558277;-0.16957679805484424;-0.3851146642402806;3.0585498935311803;-0.9731903819644286;-0.6209838283181613;-0.49920768260333204;-0.24710536429033883;-0.030729254193150108;-0.48521256726432327;-0.4361122207682917;-0.15220388682955227;-0.40599897147057507;-0.18749999999999997;0.0
Cc1n[nH]c(C2CN(C(=O)CC3CCCC3)CCCN2Cc2ccccc2)n1;-1.2552141285383949;0.08509741276505133;-0.16957679805484424;-0.3851146642402806;1.9093850566564836;-0.9731903819644286;-0.6209838283181613;-0.49920768260333204;-0.24710536429033883;-0.030729254193150108;-0.48521256726432327;-0.4361122207682917;-0.15220388682955227;-0.40599897147057507;-0.18749999999999997;1.0
Cc1n[nH]c(C2CN(C(=O)CCS(=O)(=O)c3ccccc3)CCCN2C(=O)C(C)C)n1;1.2161058500182553;-0.4916515549639344;-0.16957679805484424;-0.3851146642402806;1.8845643545602042;-1.5424960137979244;-0.6209838283181613;-0.49920768260333204;-0.24710536429033883;-0.030729254193150108;-0.48521256726432327;-0.4361122207682917;-0.15220388682955227;-0.40599897147057507;-0.18749999999999997;0.0
Cc1n[nH]c(C2CN(C(=O)COc3ccccc3)CCCN2C(=O)c2ccccc2)n1;-0.8105804243891837;-0.641208123760522;-0.16957679805484424;-0.3851146642402806;1.8845643545602042;-0.9731903819644286;-0.6209838283181613;-0.49920768260333204;-0.24710536429033883;-0.030729254193150108;-0.48521256726432327;-0.4361122207682917;-0.15220388682955227;-0.40599897147057507;-0.18749999999999997;0.0
Cc1n[nH]c(C2CN(C(=O)Cc3ccsc3)CCCN2C(=O)c2ccncc2)n1;-0.8524813040721054;-0.06337274550653733;-0.16957679805484424;-0.3851146642402806;3.0585498935311803;-0.4038847501309328;-0.6209838283181613;-0.49920768260333204;-0.24710536429033883;-0.030729254193150108;-0.48521256726432327;-0.4361122207682917;-0.15220388682955227;-0.40599897147057507;-0.18749999999999997;1.0
Cc1n[nH]c(C2CN(C(=O)NC3CCCCC3)CCCN2C(=O)C(C)C)n1;0.5127182348995221;-0.9914073476522071;-0.16957679805484424;-0.3851146642402806;0.7552020797225507;-1.5424960137979244;-0.6209838283181613;-0.49920768260333204;-0.24710536429033883;-0.030729254193150108;-0.48521256726432327;-0.4361122207682917;-0.15220388682955227;-0.40599897147057507;-0.18749999999999997;0.0
Cc1n[nH]c(C2CN(C(=O)NCc3ccccc3)CCCN2C(=O)C(C)C)n1;0.48715623833214716;-0.7347763931486814;-0.16957679805484424;-0.3851146642402806;0.7552020797225507;-0.9731903819644286;-0.6209838283181613;-0.49920768260333204;-0.24710536429033883;-0.030729254193150108;-0.48521256726432327;-0.4361122207682917;-0.15220388682955227;-0.40599897147057507;-0.18749999999999997;0.0
Cc1n[nH]c(C2CN(C(=O)NCc3ccccc3)CCCN2Cc2ccccc2)n1;-1.185067697901633;-0.501120005280891;-0.16957679805484424;-0.3851146642402806;0.7800227818188298;-0.4038847501309328;-0.6209838283181613;-0.49920768260333204;-0.24710536429033883;-0.030729254193150108;-0.48521256726432327;-0.4361122207682917;-0.15220388682955227;-0.40599897147057507;-0.18749999999999997;0.0
Cc1n[nH]c(C2CN(C(=O)NCc3ccco3)CCCN2C(=O)C(C)C)n1;0.5127182348995221;-1.061362624263343;-0.16957679805484424;-0.3851146642402806;0.7552020797225507;-1.5424960137979244;-0.6209838283181613;-0.49920768260333204;-0.24710536429033883;-0.030729254193150108;-0.48521256726432327;-0.4361122207682917;-0.15220388682955227;-0.40599897147057507;-0.18749999999999997;0.0
Cc1n[nH]c(C2CN(C(=O)Nc3ccccc3Br)CCCN2C(=O)C(C)C)n1;0.8666939329739716;-0.8434168555958865;-0.16957679805484424;-0.3851146642402806;0.7552020797225507;-1.5424960137979244;-0.6209838283181613;-0.49920768260333204;-0.24710536429033883;-0.030729254193150108;-0.48521256726432327;-0.4361122207682917;-0.15220388682955227;-0.40599897147057507;-0.18749999999999997;0.0
Cc1n[nH]c(C2CN(C(=O)c3c(C)noc3C)CCCN2C(=O)c2ccncc2)n1;-0.12236215290451896;0.20396953188656444;-0.16957679805484424;-0.3851146642402806;3.0585498935311803;-0.4038847501309328;-0.6209838283181613;-0.49920768260333204;-0.24710536429033883;-0.030729254193150108;-0.48521256726432327;-0.4361122207682917;-0.15220388682955227;-0.40599897147057507;-0.18749999999999997;0.0
Cc1n[nH]c(C2CN(C(=O)c3cc(C)n(C)n3)CCCN2C(=O)c2ccncc2)n1;-0.12236215290451896;0.47823773064624825;-0.16957679805484424;-0.3851146642402806;4.161357403449529;-0.9731903819644286;-0.6209838283181613;-0.49920768260333204;-0.24710536429033883;-0.030729254193150108;-0.48521256726432327;-0.4361122207682917;-0.15220388682955227;-0.40599897147057507;-0.18749999999999997;1.0
Cc1n[nH]c(C2CN(C(=O)c3ccc(C)c(C)c3)CCCN2C(=O)c2ccncc2)n1;-0.12496394374588732;-0.2351770753913282;-0.16957679805484424;-0.3851146642402806;3.0585498935311803;0.7347265135360589;-0.6209838283181613;-0.49920768260333204;-0.24710536429033883;-0.030729254193150108;-0.48521256726432327;-0.4361122207682917;-0.15220388682955227;-0.40599897147057507;-0.18749999999999997;1.0
Cc1n[nH]c(C2CN(C(=O)c3ccco3)CCCN2C(=O)C(C)C)n1;0.5699771072104345;-0.41596452835049635;-0.16957679805484424;-0.3851146642402806;1.8845643545602042;-1.5424960137979244;-0.6209838283181613;-0.49920768260333204;-0.24710536429033883;-0.030729254193150108;-0.48521256726432327;-0.4361122207682917;-0.15220388682955227;-0.40599897147057507;-0.18749999999999997;0.0
Cc1n[nH]c(C2CN(C(=O)c3ccsc3)CCCN2C(=O)c2ccccc2)n1;-0.8756764338965705;-0.17686826357649016;-0.16957679805484424;-0.3851146642402806;1.8845643545602042;-0.4038847501309328;-0.6209838283181613;-0.49920768260333204;-0.24710536429033883;-0.030729254193150108;-0.48521256726432327;-0.4361122207682917;-0.15220388682955227;-0.40599897147057507;-0.18749999999999997;1.0
Cc1n[nH]c(C2CN(C(=O)c3ncccc3C)CCCN2C(=O)c2ccccc2)n1;-0.4765973345702188;-0.11840448477316003;-0.16957679805484424;-0.3851146642402806;3.0585498935311803;-0.4038847501309328;-0.6209838283181613;-0.49920768260333204;-0.24710536429033883;-0.030729254193150108;-0.48521256726432327;-0.4361122207682917;-0.15220388682955227;-0.40599897147057507;-0.18749999999999997;1.0
Cc1n[nH]c(C2CN(Cc3ccc4c(c3)OCCO4)CCCN2C(=O)c2ccncc2)n1;-1.6519771936713818;-0.10608468813952039;-0.16957679805484424;-0.3851146642402806;3.0833705956274597;-0.4038847501309328;-0.6209838283181613;-0.49920768260333204;-0.24710536429033883;-0.030729254193150108;-0.48521256726432327;-0.4361122207682917;-0.15220388682955227;-0.40599897147057507;-0.18749999999999997;1.0
Cc1n[nH]c(C2CN(Cc3ccccc3)CC23CN(C(=O)c2c(C)noc2C)C3)n1;-0.9263091725094499;-0.06901282477588881;-0.16957679805484424;1.6258289027286723;1.9093850566564836;-0.4038847501309328;-0.6209838283181613;-0.49920768260333204;-0.24710536429033883;-0.030729254193150108;-0.48521256726432327;-0.4361122207682917;-0.15220388682955227;-0.40599897147057507;-0.18749999999999997;0.0
Cc1n[nH]c(C2CN(Cc3ccccc3)CC23CN(C(=O)c2ccncc2)C3)n1;-1.6841506346978923;0.6556073893943876;-0.16957679805484424;1.6258289027286723;3.0833705956274597;-0.4038847501309328;-0.6209838283181613;-0.49920768260333204;-0.24710536429033883;-0.030729254193150108;-0.48521256726432327;-0.4361122207682917;-0.15220388682955227;-0.40599897147057507;-0.18749999999999997;0.0
Cc1n[nH]c(C2CN(Cc3ccccc3)CC23CN(C(=O)c2cnccn2)C3)n1;-1.6841506346978923;1.2741140593479436;-0.16957679805484424;1.6258289027286723;3.0833705956274597;-0.9731903819644286;-0.6209838283181613;-0.49920768260333204;-0.24710536429033883;-0.030729254193150108;-0.48521256726432327;-0.4361122207682917;-0.15220388682955227;-0.40599897147057507;-0.18749999999999997;0.0
Cc1n[nH]c(C2CN(Cc3ccccc3)CC23CN(S(=O)(=O)c2c(C)noc2C)C3)n1;-0.45004479387144597;0.6142442229967082;-0.16957679805484424;1.6258289027286723;0.7800227818188298;-0.9731903819644286;-0.6209838283181613;-0.49920768260333204;-0.24710536429033883;-0.030729254193150108;-0.48521256726432327;-0.4361122207682917;-0.15220388682955227;-0.40599897147057507;-0.18749999999999997;0.0
Cc1n[nH]c(C2CN(Cc3ccccc3)CC23CN(S(=O)(=O)c2ccc(F)cc2)C3)n1;-0.792853034193105;1.8183094761264431;-0.16957679805484424;1.6258289027286723;0.7800227818188298;-0.9731903819644286;1.6103478937742153;0.364022567901614;-0.24710536429033883;-0.030729254193150108;-0.48521256726432327;-0.4361122207682917;-0.15220388682955227;2.463060426921489;-0.18749999999999997;0.0
Cc1n[nH]c(C2CN(Cc3ccccc3C(F)(F)F)CCCN2C(=O)c2ccncc2)n1;-0.02072034815078074;-0.09135600355136429;-0.16957679805484424;-0.3851146642402806;3.0833705956274597;0.16542088170256303;-0.6209838283181613;-0.49920768260333204;-0.24710536429033883;-0.030729254193150108;-0.48521256726432327;-0.4361122207682917;-0.15220388682955227;-0.40599897147057507;-0.18749999999999997;1.0
Cc1n[nH]c(C2CN(Cc3scnc3C)CCCN2C(=O)c2ccncc2)n1;-0.8756764338965705;0.04905536635108085;-0.16957679805484424;-0.3851146642402806;3.0833705956274597;-0.9731903819644286;-0.6209838283181613;-0.49920768260333204;-0.24710536429033883;-0.030729254193150108;-0.48521256726432327;-0.4361122207682917;-0.15220388682955227;-0.40599897147057507;-0.18749999999999997;0.0
Cc1n[nH]c(C2CN(S(=O)(=O)c3ccc(F)cc3)CCCN2C(=O)c2ccccc2)n1;-0.014839789414136799;-0.5621944351840026;-0.16957679805484424;-0.3851146642402806;0.7552020797225507;-0.9731903819644286;1.6103478937742153;0.364022567901614;-0.24710536429033883;-0.030729254193150108;-0.48521256726432327;-0.4361122207682917;6.5701344481423405;2.463060426921489;-0.18749999999999997;0.0
Cc1n[nH]c(C2CN(S(=O)(=O)c3ccccc3)CCCN2Cc2ccccc2)n1;-0.7347623804760937;-0.5479982210132642;-0.16957679805484424;-0.3851146642402806;0.7800227818188298;-0.9731903819644286;-0.6209838283181613;-0.49920768260333204;-0.24710536429033883;-0.030729254193150108;-0.48521256726432327;-0.4361122207682917;-0.15220388682955227;-0.40599897147057507;-0.18749999999999997;0.0
Cc1n[nH]c(C2CN(S(=O)(=O)c3ccccc3F)CCCN2C(=O)c2ccncc2)n1;-0.014839789414136799;-0.28732970495051907;-0.16957679805484424;-0.3851146642402806;1.9291876186935266;-0.9731903819644286;-0.6209838283181613;-0.49920768260333204;-0.24710536429033883;-0.030729254193150108;-0.48521256726432327;-0.4361122207682917;6.5701344481423405;-0.40599897147057507;-0.18749999999999997;1.0
Cc1n[nH]c(C2CN(S(C)(=O)=O)CCCN2Cc2ccccc2)n1;0.3016349451483626;-0.5373122372853442;-0.16957679805484424;-0.3851146642402806;0.7800227818188298;-0.9731903819644286;-0.6209838283181613;-0.49920768260333204;-0.24710536429033883;-0.030729254193150108;-0.48521256726432327;-0.4361122207682917;-0.15220388682955227;-0.40599897147057507;-0.18749999999999997;0.0
Cc1n[nH]c(NC(=O)COCc2ccccc2)c1-c1ccc(F)cc1;-0.2801873287872654;1.3716092997074514;-0.16957679805484424;-0.3851146642402806;0.7552020797225507;0.16542088170256303;-0.6209838283181613;-0.49920768260333204;-0.24710536429033883;-0.030729254193150108;-0.48521256726432327;-0.4361122207682917;-0.15220388682955227;-0.40599897147057507;-0.18749999999999997;1.0
Cc1n[nH]c(NC(=O)COc2ccc(F)c(F)c2)c1-c1ccc(Br)cc1;0.5402465388951354;-0.01654931673294474;-0.16957679805484424;-0.3851146642402806;0.7552020797225507;-0.4038847501309328;-0.6209838283181613;-0.49920768260333204;-0.24710536429033883;-0.030729254193150108;-0.48521256726432327;-0.4361122207682917;-0.15220388682955227;-0.40599897147057507;-0.18749999999999997;0.0
Cc1n[nH]c(NC=C2C(=O)CC(C)(C)CC2=O)c1-c1ccc(Cl)cc1;1.131613276580648;-0.9436951078421675;-0.16957679805484424;-0.3851146642402806;1.8845643545602042;-0.4038847501309328;-0.6209838283181613;-0.49920768260333204;-0.24710536429033883;-0.030729254193150108;-0.48521256726432327;-0.4361122207682917;-0.15220388682955227;-0.40599897147057507;-0.18749999999999997;0.0
Cc1n[nH]c(NCC(=O)N2CCN3CCCC3C2)c1[N+](=O)[O-];0.19233751078410677;0.42850612481371464;-0.16957679805484424;1.6258289027286723;4.2918317975834634;-1.5424960137979244;-0.6209838283181613;-0.49920768260333204;-0.24710536429033883;-0.030729254193150108;-0.48521256726432327;-0.4361122207682917;-0.15220388682955227;-0.40599897147057507;-0.18749999999999997;0.0
Cc1n[nH]c(Nc2ccccc2)c1[N+](=O)[O-];0.732979982728865;0.012207425393487497;-0.16957679805484424;-0.3851146642402806;2.008286545811876;-1.5424960137979244;-0.6209838283181613;-0.49920768260333204;-0.24710536429033883;-0.030729254193150108;-0.48521256726432327;-0.4361122207682917;-0.15220388682955227;-0.40599897147057507;-0.18749999999999997;0.0
Cc1n[nH]c(O)c1C(c1ccc(N(C)C)cc1)c1c(C)n[nH]c1O;1.0449791999674445;2.1454702710513707;-0.16957679805484424;-0.3851146642402806;-1.5751643097199564;0.16542088170256303;-0.6209838283181613;-0.49920768260333204;-0.24710536429033883;-0.030729254193150108;2.060952389667274;1.050315284101127;-0.15220388682955227;-0.40599897147057507;-0.18749999999999997;0.0
Cc1n[nH]c(O)c1C(c1cccc(Br)c1)c1c(C)noc1O;0.675385485782793;-0.7448559788341806;-0.16957679805484424;-0.3851146642402806;-1.5751643097199564;0.16542088170256303;-0.6209838283181613;-0.49920768260333204;-0.24710536429033883;-0.030729254193150108;2.060952389667274;2.536742788970546;-0.15220388682955227;-0.40599897147057507;-0.18749999999999997;1.0
Cc1n[nH]c(S(=O)(=O)Nc2ccc(Cl)cc2)c1C(=O)NC1CCCCCCC1;0.6090794091994246;-0.6771052160949568;-0.16957679805484424;-0.3851146642402806;1.867500429568225;-0.9731903819644286;-0.6209838283181613;-0.49920768260333204;-0.24710536429033883;-0.030729254193150108;-0.48521256726432327;-0.4361122207682917;-0.15220388682955227;-0.40599897147057507;-0.18749999999999997;0.0
Cc1n[nH]c(S(=O)(=O)Nc2ccc(Cl)cc2)c1C(=O)NCc1ccc(C(C)C)cc1;1.263409967318418;-0.3401211837580125;-0.16957679805484424;-0.3851146642402806;1.867500429568225;0.16542088170256303;-0.6209838283181613;-0.49920768260333204;-0.24710536429033883;-0.030729254193150108;-0.48521256726432327;-0.4361122207682917;-0.15220388682955227;-0.40599897147057507;-0.18749999999999997;0.0
Cc1n[nH]c(S(=O)(=O)Nc2ccc(F)cc2)c1C(=O)Nc1ccc(C(N)=O)cc1;1.313976437535848;-0.722708738747668;-0.16957679805484424;-0.3851146642402806;2.9968627044058787;-0.4038847501309328;-0.6209838283181613;-0.49920768260333204;-0.24710536429033883;-0.030729254193150108;-0.48521256726432327;-0.4361122207682917;-0.15220388682955227;-0.40599897147057507;-0.18749999999999997;0.0
Cc1n[nH]c(SCC(=O)N2CCC(C)CC2)c1[N+](=O)[O-];1.6084859973828285;-0.40238545248234725;-0.16957679805484424;-0.3851146642402806;3.1376488206495297;-1.5424960137979244;-0.6209838283181613;-0.49920768260333204;-0.24710536429033883;-0.030729254193150108;-0.48521256726432327;-0.4361122207682917;-0.15220388682955227;-0.40599897147057507;-0.18749999999999997;0.0
Cc1n[nH]c(SCC(=O)NCC(C)C)c1[N+](=O)[O-];3.3393341476701544;-0.15837017564444006;-0.16957679805484424;-0.3851146642402806;3.1376488206495297;-1.5424960137979244;-0.6209838283181613;-0.49920768260333204;-0.24710536429033883;-0.030729254193150108;-0.48521256726432327;-0.4361122207682917;-0.15220388682955227;-0.40599897147057507;-0.18749999999999997;0.0
Cc1n[nH]c(SCC(=O)NCc2ccc(F)cc2)c1[N+](=O)[O-];1.4438038458946791;0.28094711726621346;-0.16957679805484424;-0.3851146642402806;3.1376488206495297;-0.9731903819644286;1.6103478937742153;0.364022567901614;-0.24710536429033883;-0.030729254193150108;-0.48521256726432327;-0.4361122207682917;-0.15220388682955227;-0.40599897147057507;-0.18749999999999997;0.0
Cc1n[nH]c(SCC(=O)NCc2ccccc2)c1[N+](=O)[O-];1.0161736585094583;0.2879668389097773;-0.16957679805484424;-0.3851146642402806;3.1376488206495297;-0.9731903819644286;-0.6209838283181613;-0.49920768260333204;-0.24710536429033883;-0.030729254193150108;-0.48521256726432327;-0.4361122207682917;-0.15220388682955227;-0.40599897147057507;-0.18749999999999997;0.0
Cc1n[nH]c(SCC(=O)Nc2cccc(Cl)c2)c1[N+](=O)[O-];1.5222239180318908;0.2627175109159717;4.3242083503985285;-0.3851146642402806;3.1376488206495297;-1.5424960137979244;-0.6209838283181613;-0.49920768260333204;-0.24710536429033883;-0.030729254193150108;-0.48521256726432327;-0.4361122207682917;-0.15220388682955227;-0.40599897147057507;5.333333333333333;0.0
Cc1n[nH]c([C@@H]2CC(F)(F)CN2C(=O)COc2ccccc2)n1;0.3235763631542528;-0.15720792764768063;-0.16957679805484424;1.6258289027286723;0.7552020797225507;-1.5424960137979244;1.6103478937742153;1.22725281840656;-0.24710536429033883;-0.030729254193150108;-0.48521256726432327;-0.4361122207682917;-0.15220388682955227;2.463060426921489;-0.18749999999999997;0.0
Cc1n[nH]c([C@@H]2CC(F)(F)CN2C(=O)Cc2ccccc2F)n1;0.7856222522834303;0.4639149724371762;-0.16957679805484424;1.6258289027286723;0.7552020797225507;-0.9731903819644286;1.6103478937742153;1.22725281840656;-0.24710536429033883;-0.030729254193150108;-0.48521256726432327;-0.4361122207682917;-0.15220388682955227;-0.40599897147057507;-0.18749999999999997;0.0
Cc1n[nH]c([C@@H]2CC(F)(F)CN2C(=O)c2ccc(Cc3c(C)noc3C)o2)n1;0.384859820896209;0.9166302918537482;-0.16957679805484424;1.6258289027286723;0.7552020797225507;-0.9731903819644286;1.6103478937742153;1.22725281840656;-0.24710536429033883;-0.030729254193150108;-0.48521256726432327;-0.4361122207682917;-0.15220388682955227;2.463060426921489;-0.18749999999999997;0.0
Cc1n[nH]c([C@@H]2CC(F)(F)CN2C(=O)c2cccc3[nH]ccc23)n1;-0.4027485516208639;0.8954519767743998;-0.16957679805484424;1.6258289027286723;0.7552020797225507;-0.4038847501309328;1.6103478937742153;1.22725281840656;-0.24710536429033883;-0.030729254193150108;-0.48521256726432327;-0.4361122207682917;-0.15220388682955227;-0.40599897147057507;-0.18749999999999997;0.0
Cc1n[nH]c([C@@H]2CC(F)(F)CN2Cc2ccc3c(c2)OCCO3)n1;-0.8455425287029924;1.394013408635231;-0.16957679805484424;1.6258289027286723;0.7800227818188298;-0.9731903819644286;1.6103478937742153;1.22725281840656;-0.24710536429033883;-0.030729254193150108;-0.48521256726432327;-0.4361122207682917;-0.15220388682955227;-0.40599897147057507;-0.18749999999999997;0.0
Cc1n[nH]c([C@@H]2CN(C(=O)C(C)(C)C)C[C@H]2C(N)=O)n1;2.841883981594154;-0.0763225793614348;-0.16957679805484424;1.6258289027286723;1.8845643545602042;-1.5424960137979244;-0.6209838283181613;-0.49920768260333204;-0.24710536429033883;-0.030729254193150108;2.060952389667274;1.050315284101127;-0.15220388682955227;-0.40599897147057507;-0.18749999999999997;0.0
Cc1n[nH]c([C@@H]2CN(C(=O)C3(C)CCCCC3)C[C@H]2NC(=O)c2ccccc2)n1;-0.36831219254605563;0.6410751095253561;-0.16957679805484424;1.6258289027286723;1.8845643545602042;-0.9731903819644286;-0.6209838283181613;-0.49920768260333204;-0.24710536429033883;-0.030729254193150108;-0.48521256726432327;-0.4361122207682917;-0.15220388682955227;-0.40599897147057507;-0.18749999999999997;0.0
Cc1n[nH]c([C@@H]2CN(C(=O)C3CC=CC3)C[C@H]2NC(=O)C2CCOCC2)n1;-0.9005897214858158;0.47933350997951285;-0.16957679805484424;1.6258289027286723;1.8845643545602042;-1.5424960137979244;-0.6209838283181613;-0.49920768260333204;-0.24710536429033883;-0.030729254193150108;-0.48521256726432327;-0.4361122207682917;-0.15220388682955227;-0.40599897147057507;-0.18749999999999997;0.0
Cc1n[nH]c([C@@H]2CN(C(=O)CC3CCCC3)C[C@H]2NC(=O)c2ccccc2)n1;-0.8756764338965705;0.605352359514624;-0.16957679805484424;1.6258289027286723;1.8845643545602042;-0.9731903819644286;-0.6209838283181613;-0.49920768260333204;-0.24710536429033883;-0.030729254193150108;-0.48521256726432327;-0.4361122207682917;-0.15220388682955227;-0.40599897147057507;-0.18749999999999997;0.0
Cc1n[nH]c([C@@H]2CN(C(=O)CCc3nc4ccccc4s3)C[C@H]2C(N)=O)n1;-0.5069950751905825;0.7529552065706138;-0.16957679805484424;1.6258289027286723;1.8845643545602042;-1.5424960137979244;-0.6209838283181613;-0.49920768260333204;-0.24710536429033883;-0.030729254193150108;2.060952389667274;1.050315284101127;-0.15220388682955227;-0.40599897147057507;-0.18749999999999997;0.0
Cc1n[nH]c([C@@H]2CN(C(=O)Cc3ccsc3)C[C@H]2CF)n1;-0.2948863116063802;0.5957382252826412;-0.16957679805484424;1.6258289027286723;1.7893726232728129;-0.9731903819644286;1.6103478937742153;0.364022567901614;-0.24710536429033883;-0.030729254193150108;-0.48521256726432327;-0.4361122207682917;-0.15220388682955227;2.463060426921489;-0.18749999999999997;0.0
Cc1n[nH]c([C@@H]2CN(C(=O)Cc3ccsc3)C[C@H]2NC(=O)C2CCOCC2)n1;-0.8756764338965705;0.4929443967726565;-0.16957679805484424;1.6258289027286723;1.8845643545602042;-0.9731903819644286;-0.6209838283181613;-0.49920768260333204;-0.24710536429033883;-0.030729254193150108;-0.48521256726432327;-0.4361122207682917;-0.15220388682955227;-0.40599897147057507;-0.18749999999999997;0.0
Cc1n[nH]c([C@@H]2CN(C(=O)NCc3ccc(OC(F)(F)F)cc3)C[C@H]2CF)n1;0.9886171038412561;1.1384431771245025;-0.16957679805484424;1.6258289027286723;0.6600103484351587;-0.9731903819644286;1.6103478937742153;1.22725281840656;-0.24710536429033883;-0.030729254193150108;-0.48521256726432327;-0.4361122207682917;-0.15220388682955227;2.463060426921489;-0.18749999999999997;0.0
Cc1n[nH]c([C@@H]2CN(C(=O)Nc3ccc(F)c(Cl)c3)C[C@H]2NC(=O)c2ccccc2)n1;-0.12496394374588732;-0.4454731793305549;4.3242083503985285;1.6258289027286723;0.7552020797225507;-0.9731903819644286;-0.6209838283181613;-0.49920768260333204;4.046856703705712;-0.030729254193150108;-0.48521256726432327;-0.4361122207682917;-0.15220388682955227;-0.40599897147057507;5.333333333333333;0.0
Cc1n[nH]c([C@@H]2CN(C(=O)Nc3ccccc3Br)C[C@H]2CF)n1;0.17514815514189058;0.4094867695234711;-0.16957679805484424;1.6258289027286723;0.6600103484351587;-1.5424960137979244;1.6103478937742153;1.22725281840656;-0.24710536429033883;-0.030729254193150108;-0.48521256726432327;-0.4361122207682917;-0.15220388682955227;2.463060426921489;-0.18749999999999997;0.0
Cc1n[nH]c([C@@H]2CN(C(=O)c3cc(Cl)ccc3F)C[C@H]2NC(=O)c2ccccc2)n1;-0.12236215290451896;0.3929622250102373;-0.16957679805484424;1.6258289027286723;1.8845643545602042;-0.4038847501309328;-0.6209838283181613;-0.49920768260333204;-0.24710536429033883;-0.030729254193150108;-0.48521256726432327;-0.4361122207682917;-0.15220388682955227;-0.40599897147057507;-0.18749999999999997;0.0
Cc1n[nH]c([C@@H]2CN(C(=O)c3ccc(C)c(C)c3)C[C@H]2NC(=O)c2ccccc2)n1;-0.12236215290451896;0.03642649716104021;-0.16957679805484424;1.6258289027286723;1.8845643545602042;0.7347265135360589;-0.6209838283181613;-0.49920768260333204;-0.24710536429033883;-0.030729254193150108;-0.48521256726432327;-0.4361122207682917;-0.15220388682955227;-0.40599897147057507;-0.18749999999999997;0.0
Cc1n[nH]c([C@@H]2CN(C(=O)c3ccc(C)s3)C[C@H]2NC(=O)c2ccccc2)n1;-0.4961387392547461;0.8743293103552702;-0.16957679805484424;1.6258289027286723;1.8845643545602042;-0.9731903819644286;-0.6209838283181613;-0.49920768260333204;-0.24710536429033883;-0.030729254193150108;-0.48521256726432327;-0.4361122207682917;-0.15220388682955227;-0.40599897147057507;-0.18749999999999997;0.0
Cc1n[nH]c([C@@H]2CN(C(=O)c3ccc(Cl)s3)C[C@H]2C(N)=O)n1;0.675385485782793;-0.46465170361572994;-0.16957679805484424;1.6258289027286723;1.8845643545602042;-1.5424960137979244;-0.6209838283181613;-0.49920768260333204;-0.24710536429033883;-0.030729254193150108;2.060952389667274;1.050315284101127;-0.15220388682955227;-0.40599897147057507;-0.18749999999999997;0.0
Cc1n[nH]c([C@@H]2CN(C(=O)c3ccc(F)c(F)c3)C[C@H]2CF)n1;0.6371940442710681;0.8105876278089076;-0.16957679805484424;1.6258289027286723;1.7893726232728129;-0.9731903819644286;1.6103478937742153;1.22725281840656;-0.24710536429033883;-0.030729254193150108;-0.48521256726432327;-0.4361122207682917;-0.15220388682955227;2.463060426921489;-0.18749999999999997;0.0
Cc1n[nH]c([C@@H]2CN(C(=O)c3cccnc3)C[C@H]2NC(=O)c2ccccc2)n1;-0.8756764338965705;0.4992696277455514;-0.16957679805484424;1.6258289027286723;3.0585498935311803;-0.4038847501309328;-0.6209838283181613;-0.49920768260333204;-0.24710536429033883;-0.030729254193150108;-0.48521256726432327;-0.4361122207682917;-0.15220388682955227;-0.40599897147057507;-0.18749999999999997;0.0
Cc1n[nH]c([C@@H]2CN(C(=O)c3ccco3)C[C@H]2NC(=O)c2ccccc2)n1;-0.9005897214858158;0.43969868249616184;-0.16957679805484424;1.6258289027286723;1.8845643545602042;-0.9731903819644286;-0.6209838283181613;-0.49920768260333204;-0.24710536429033883;-0.030729254193150108;-0.48521256726432327;-0.4361122207682917;-0.15220388682955227;-0.40599897147057507;-0.18749999999999997;0.0
Cc1n[nH]c([C@@H]2CN(C3CCCC3)C[C@H]2NC(=O)C2CCCC2)n1;-1.4305802051302958;0.29326603512640503;-0.16957679805484424;1.6258289027286723;1.9093850566564836;-1.5424960137979244;-0.6209838283181613;-0.49920768260333204;-0.24710536429033883;-0.030729254193150108;-0.48521256726432327;-0.4361122207682917;-0.15220388682955227;-0.40599897147057507;-0.18749999999999997;0.0
Cc1n[nH]c([C@@H]2CN(C3CCCC3)C[C@H]2NC(=O)C2CCOCC2)n1;-1.3814777036845647;0.27409318772026503;-0.16957679805484424;1.6258289027286723;1.9093850566564836;-1.5424960137979244;-0.6209838283181613;-0.49920768260333204;-0.24710536429033883;-0.030729254193150108;-0.48521256726432327;-0.4361122207682917;-0.15220388682955227;-0.40599897147057507;-0.18749999999999997;0.0
Cc1n[nH]c([C@@H]2CN(CC3CCCCC3)C[C@H]2NC(=O)C2CCOCC2)n1;-1.2941843677810418;0.2597007615931304;-0.16957679805484424;1.6258289027286723;0.7552020797225507;-1.5424960137979244;-0.6209838283181613;-0.49920768260333204;-0.24710536429033883;-0.030729254193150108;-0.48521256726432327;-0.4361122207682917;-0.15220388682955227;-0.40599897147057507;-0.18749999999999997;0.0
Cc1n[nH]c([C@@H]2CN(CCC(C)C)C[C@H]2NC(=O)C2CCOCC2)n1;0.1448948892115773;0.11802395338903604;-0.16957679805484424;1.6258289027286723;0.7552020797225507;-1.5424960137979244;-0.6209838283181613;-0.49920768260333204;-0.24710536429033883;-0.030729254193150108;-0.48521256726432327;-0.4361122207682917;-0.15220388682955227;-0.40599897147057507;-0.18749999999999997;0.0
Cc1n[nH]c([C@@H]2CN(CCCc3ccccc3)C[C@H]2NC(=O)C2CCOCC2)n1;-1.2189314920021435;-0.031152784640641463;-0.16957679805484424;1.6258289027286723;0.7552020797225507;-0.9731903819644286;-0.6209838283181613;-0.49920768260333204;-0.24710536429033883;-0.030729254193150108;-0.48521256726432327;-0.4361122207682917;-0.15220388682955227;-0.40599897147057507;-0.18749999999999997;0.0
Cc1n[nH]c([C@@H]2CN(CCCc3ccccc3)C[C@H]2NC(=O)c2ccccc2)n1;-1.2189314920021435;-0.22505440195161433;-0.16957679805484424;1.6258289027286723;0.7552020797225507;-0.4038847501309328;-0.6209838283181613;-0.49920768260333204;-0.24710536429033883;-0.030729254193150108;-0.48521256726432327;-0.4361122207682917;-0.15220388682955227;-0.40599897147057507;-0.18749999999999997;0.0
Cc1n[nH]c([C@@H]2CN(Cc3c[nH]nc3-c3ccccc3)C[C@H]2NC(=O)C2CCCC2)n1;-1.6987178234999096;0.40575887519432285;-0.16957679805484424;1.6258289027286723;3.110389171261336;-0.4038847501309328;-0.6209838283181613;-0.49920768260333204;-0.24710536429033883;-0.030729254193150108;-0.48521256726432327;-0.4361122207682917;-0.15220388682955227;-0.40599897147057507;-0.18749999999999997;0.0
Cc1n[nH]c([C@@H]2CN(Cc3ccc(C)s3)C[C@H]2NC(=O)c2ccccc2)n1;-0.9005897214858158;0.5404471368603713;-0.16957679805484424;1.6258289027286723;1.9093850566564836;-0.9731903819644286;-0.6209838283181613;-0.49920768260333204;-0.24710536429033883;-0.030729254193150108;-0.48521256726432327;-0.4361122207682917;-0.15220388682955227;-0.40599897147057507;-0.18749999999999997;0.0
Cc1n[nH]c([C@@H]2CN(Cc3ccc(Cl)cc3)C[C@H]2NC(=O)c2ccccc2)n1;-0.8756764338965705;-0.1311748798410748;-0.16957679805484424;1.6258289027286723;1.9093850566564836;-0.4038847501309328;-0.6209838283181613;-0.49920768260333204;4.046856703705712;-0.030729254193150108;-0.48521256726432327;-0.4361122207682917;-0.15220388682955227;-0.40599897147057507;-0.18749999999999997;0.0
Cc1n[nH]c([C@@H]2CN(Cc3ccc(F)c(F)c3)C[C@H]2NC(=O)C2CCOCC2)n1;-0.4860311161420673;0.4532188884719248;-0.16957679805484424;1.6258289027286723;1.9093850566564836;-0.9731903819644286;1.6103478937742153;0.364022567901614;-0.24710536429033883;-0.030729254193150108;-0.48521256726432327;-0.4361122207682917;-0.15220388682955227;-0.40599897147057507;-0.18749999999999997;0.0
Cc1n[nH]c([C@@H]2CN(Cc3ccc(OC(C)C)cc3)C[C@H]2CF)n1;0.15939124580318756;0.12492711816564424;-0.16957679805484424;1.6258289027286723;1.8141933253690923;-0.9731903819644286;1.6103478937742153;0.364022567901614;-0.24710536429033883;-0.030729254193150108;-0.48521256726432327;-0.4361122207682917;-0.15220388682955227;-0.40599897147057507;-0.18749999999999997;0.0
Cc1n[nH]c([C@@H]2CN(Cc3ccc4[nH]ccc4c3)C[C@H]2NC(=O)C2CCCC2)n1;-1.801869558293911;-0.003059902555635117;-0.16957679805484424;1.6258289027286723;1.9093850566564836;-0.4038847501309328;-0.6209838283181613;-0.49920768260333204;-0.24710536429033883;-0.030729254193150108;-0.48521256726432327;-0.4361122207682917;-0.15220388682955227;-0.40599897147057507;-0.18749999999999997;0.0
Cc1n[nH]c([C@@H]2CN(Cc3cccc4[nH]ccc34)C[C@H]2NC(=O)C2CCCC2)n1;-1.801869558293911;0.6508882960445804;-0.16957679805484424;1.6258289027286723;1.9093850566564836;-0.4038847501309328;-0.6209838283181613;-0.49920768260333204;-0.24710536429033883;-0.030729254193150108;-0.48521256726432327;-0.4361122207682917;-0.15220388682955227;-0.40599897147057507;-0.18749999999999997;0.0
Cc1n[nH]c([C@@H]2CN(Cc3ccccc3)C[C@H]2NC(=O)C2CCCC2)n1;-1.336152317734658;0.45287767806380924;-0.16957679805484424;1.6258289027286723;1.9093850566564836;-0.9731903819644286;-0.6209838283181613;-0.49920768260333204;-0.24710536429033883;-0.030729254193150108;-0.48521256726432327;-0.4361122207682917;-0.15220388682955227;-0.40599897147057507;-0.18749999999999997;0.0
Cc1n[nH]c([C@@H]2CN(Cc3ccccc3C(F)(F)F)C[C@H]2NC(=O)C2CCOCC2)n1;-0.014839789414136799;0.5802550901462495;-0.16957679805484424;1.6258289027286723;1.9093850566564836;-0.4038847501309328;-0.6209838283181613;-0.49920768260333204;-0.24710536429033883;-0.030729254193150108;-0.48521256726432327;-0.4361122207682917;-0.15220388682955227;-0.40599897147057507;-0.18749999999999997;0.0
Cc1n[nH]c([C@@H]2CN(Cc3cccn3C)C[C@H]2NC(=O)C2CCCC2)n1;-0.9274194158126922;0.4378991657558145;-0.16957679805484424;1.6258289027286723;1.9093850566564836;-1.5424960137979244;-0.6209838283181613;-0.49920768260333204;-0.24710536429033883;-0.030729254193150108;-0.48521256726432327;-0.4361122207682917;-0.15220388682955227;-0.40599897147057507;-0.18749999999999997;0.0
Cc1n[nH]c([C@@H]2CN(Cc3ccco3)C[C@H]2NC(=O)c2ccccc2)n1;-1.336152317734658;0.12017000094027129;-0.16957679805484424;1.6258289027286723;1.9093850566564836;-0.9731903819644286;-0.6209838283181613;-0.49920768260333204;-0.24710536429033883;-0.030729254193150108;-0.48521256726432327;-0.4361122207682917;-0.15220388682955227;-0.40599897147057507;-0.18749999999999997;0.0
Cc1n[nH]c([C@@H]2CN(Cc3cccs3)C[C@H]2CF)n1;-0.8638754029332277;0.5253116316031645;-0.16957679805484424;1.6258289027286723;1.8141933253690923;-1.5424960137979244;1.6103478937742153;0.364022567901614;-0.24710536429033883;-0.030729254193150108;-0.48521256726432327;-0.4361122207682917;-0.15220388682955227;-0.40599897147057507;-0.18749999999999997;0.0
Cc1n[nH]c([C@@H]2CN(Cc3ccncc3)C[C@H]2NC(=O)c2ccccc2)n1;-1.2941843677810418;0.201204623150253;-0.16957679805484424;1.6258289027286723;3.0833705956274597;-0.4038847501309328;-0.6209838283181613;-0.49920768260333204;-0.24710536429033883;-0.030729254193150108;-0.48521256726432327;-0.4361122207682917;-0.15220388682955227;-0.40599897147057507;-0.18749999999999997;0.0
Cc1n[nH]c([C@@H]2CN(Cc3cn(C)c4ccccc34)C[C@H]2NC(=O)C2CCOCC2)n1;-1.355909583178265;0.4045279522070006;-0.16957679805484424;1.6258289027286723;1.9093850566564836;-0.4038847501309328;-0.6209838283181613;-0.49920768260333204;-0.24710536429033883;-0.030729254193150108;-0.48521256726432327;-0.4361122207682917;-0.15220388682955227;-0.40599897147057507;-0.18749999999999997;0.0
Cc1n[nH]c([C@@H]2CN(Cc3sccc3C)C[C@H]2NC(=O)C2CCOCC2)n1;-0.9005897214858158;0.833483206457224;-0.16957679805484424;1.6258289027286723;1.9093850566564836;-0.9731903819644286;-0.6209838283181613;-0.49920768260333204;-0.24710536429033883;-0.030729254193150108;-0.48521256726432327;-0.4361122207682917;-0.15220388682955227;-0.40599897147057507;-0.18749999999999997;0.0
Cc1n[nH]c([C@@H]2CN(S(=O)(=O)C(C)C)C[C@H]2C(N)=O)n1;2.841883981594154;-0.36360038716659054;-0.16957679805484424;1.6258289027286723;0.7552020797225507;-1.5424960137979244;-0.6209838283181613;-0.49920768260333204;-0.24710536429033883;-0.030729254193150108;2.060952389667274;2.536742788970546;-0.15220388682955227;-0.40599897147057507;-0.18749999999999997;0.0
Cc1n[nH]c([C@@H]2CN(S(=O)(=O)C3CC3)C[C@H]2NC(=O)c2ccccc2)n1;-0.3873846375721043;-0.30572194085285104;-0.16957679805484424;1.6258289027286723;0.7552020797225507;-0.9731903819644286;-0.6209838283181613;-0.49920768260333204;-0.24710536429033883;-0.030729254193150108;-0.48521256726432327;-0.4361122207682917;6.5701344481423405;-0.40599897147057507;-0.18749999999999997;0.0
Cc1n[nH]c([C@@H]2CN(S(=O)(=O)c3ccc(C(C)C)cc3)C[C@H]2CF)n1;1.131613276580648;0.8121931138784475;-0.16957679805484424;1.6258289027286723;0.6600103484351587;-0.9731903819644286;1.6103478937742153;0.364022567901614;-0.24710536429033883;-0.030729254193150108;-0.48521256726432327;-0.4361122207682917;-0.15220388682955227;2.463060426921489;-0.18749999999999997;0.0
Cc1n[nH]c([C@@H]2C[C@H](NC(=O)C3CCOCC3)CN2C(=O)COCc2ccccc2)n1;-0.8105804243891909;1.2751231659902795;-0.16957679805484424;1.6258289027286723;1.8845643545602042;-0.9731903819644286;-0.6209838283181613;-0.49920768260333204;-0.24710536429033883;-0.030729254193150108;-0.48521256726432327;-0.4361122207682917;-0.15220388682955227;-0.40599897147057507;-0.18749999999999997;0.0
Cc1n[nH]c([C@@H]2C[C@H](NC(=O)C3CCOCC3)CN2C(=O)Cc2ccccc2F)n1;-0.4765973345702188;0.8766254051123931;-0.16957679805484424;1.6258289027286723;1.8845643545602042;-0.9731903819644286;-0.6209838283181613;-0.49920768260333204;-0.24710536429033883;-0.030729254193150108;-0.48521256726432327;-0.4361122207682917;-0.15220388682955227;-0.40599897147057507;-0.18749999999999997;0.0
Cc1n[nH]c([C@@H]2C[C@H](NC(=O)C3CCOCC3)CN2C(=O)c2cccc3[nH]ccc23)n1;-1.355909583178265;1.3453670673687261;-0.16957679805484424;1.6258289027286723;1.8845643545602042;-0.4038847501309328;-0.6209838283181613;-0.49920768260333204;-0.24710536429033883;-0.030729254193150108;-0.48521256726432327;-0.4361122207682917;-0.15220388682955227;-0.40599897147057507;-0.18749999999999997;0.0
Cc1n[nH]c([C@@H]2C[C@H](NC(=O)C3CCOCC3)CN2C(=O)c2ccoc2)n1;-0.9005897214858158;1.4884450834488132;-0.16957679805484424;1.6258289027286723;1.8845643545602042;-0.9731903819644286;-0.6209838283181613;-0.49920768260333204;-0.24710536429033883;-0.030729254193150108;-0.48521256726432327;-0.4361122207682917;-0.15220388682955227;-0.40599897147057507;-0.18749999999999997;0.0
Cc1n[nH]c([C@@H]2C[C@H](NC(=O)C3CCOCC3)CN2Cc2c(C)nn(C)c2C)n1;-0.11958092821201476;1.8794301658721233;-0.16957679805484424;1.6258289027286723;3.0121925665748304;-0.9731903819644286;-0.6209838283181613;-0.49920768260333204;-0.24710536429033883;-0.030729254193150108;-0.48521256726432327;-0.4361122207682917;-0.15220388682955227;-0.40599897147057507;-0.18749999999999997;0.0
Cc1n[nH]c([C@@H]2C[C@H](NC(=O)C3CCOCC3)CN2Cc2ccccc2Cl)n1;-0.8756764338965632;1.8551110190848572;-0.16957679805484424;1.6258289027286723;1.9093850566564836;-0.9731903819644286;-0.6209838283181613;-0.49920768260333204;-0.24710536429033883;-0.030729254193150108;-0.48521256726432327;-0.4361122207682917;-0.15220388682955227;-0.40599897147057507;-0.18749999999999997;0.0
Cc1n[nH]c([C@@H]2C[C@H](NC(=O)CC(C)C)CN2C(=O)CC2CCCCC2)n1;0.5127182348995003;0.8665395118824082;-0.16957679805484424;1.6258289027286723;1.8845643545602042;-1.5424960137979244;-0.6209838283181613;-0.49920768260333204;-0.24710536429033883;-0.030729254193150108;-0.48521256726432327;-0.4361122207682917;-0.15220388682955227;-0.40599897147057507;-0.18749999999999997;0.0
Cc1n[nH]c([C@@H]2C[C@H](NC(=O)CC(C)C)CN2C(=O)CCCc2ccccc2)n1;0.4633571380797457;1.7603054022514601;-0.16957679805484424;1.6258289027286723;1.8845643545602042;-0.9731903819644286;-0.6209838283181613;-0.49920768260333204;-0.24710536429033883;-0.030729254193150108;-0.48521256726432327;-0.4361122207682917;-0.15220388682955227;-0.40599897147057507;-0.18749999999999997;0.0
Cc1n[nH]c([C@@H]2C[C@H](NC(=O)CC(C)C)CN2C(=O)CCn2ccnc2)n1;0.5127182348995003;0.5560192775271893;-0.16957679805484424;1.6258289027286723;1.8845643545602042;-1.5424960137979244;-0.6209838283181613;-0.49920768260333204;-0.24710536429033883;-0.030729254193150108;-0.48521256726432327;-0.4361122207682917;-0.15220388682955227;-0.40599897147057507;-0.18749999999999997;0.0
Cc1n[nH]c([C@@H]2C[C@H](NC(=O)CC(C)C)CN2C(=O)Cc2ccsc2)n1;0.5402465388951354;1.0123852623781404;-0.16957679805484424;1.6258289027286723;1.8845643545602042;-0.9731903819644286;-0.6209838283181613;-0.49920768260333204;-0.24710536429033883;-0.030729254193150108;-0.48521256726432327;-0.4361122207682917;-0.15220388682955227;-0.40599897147057507;-0.18749999999999997;0.0
Cc1n[nH]c([C@@H]2C[C@H](NC(=O)CC(C)C)CN2C(=O)c2cc(-c3ccccc3)n(C)c2C)n1;0.5143694941165402;2.2135435700093344;-0.16957679805484424;1.6258289027286723;1.8845643545602042;-0.4038847501309328;-0.6209838283181613;-0.49920768260333204;-0.24710536429033883;-0.030729254193150108;-0.48521256726432327;-0.4361122207682917;-0.15220388682955227;-0.40599897147057507;-0.18749999999999997;0.0
Cc1n[nH]c([C@@H]2C[C@H](NC(=O)CC(C)C)CN2C(=O)c2cc(C)on2)n1;0.9489794408171012;1.079499016596071;-0.16957679805484424;1.6258289027286723;1.8845643545602042;-1.5424960137979244;-0.6209838283181613;-0.49920768260333204;-0.24710536429033883;-0.030729254193150108;-0.48521256726432327;-0.4361122207682917;-0.15220388682955227;-0.40599897147057507;-0.18749999999999997;0.0
Cc1n[nH]c([C@@H]2C[C@H](NC(=O)CC(C)C)CN2C(=O)c2ccc(Cn3ccnc3)o2)n1;-0.12496394374589455;1.8782304634705034;-0.16957679805484424;1.6258289027286723;1.8845643545602042;-1.5424960137979244;-0.6209838283181613;-0.49920768260333204;-0.24710536429033883;-0.030729254193150108;-0.48521256726432327;-0.4361122207682917;-0.15220388682955227;-0.40599897147057507;-0.18749999999999997;0.0
Cc1n[nH]c([C@@H]2C[C@H](NC(=O)CC(C)C)CN2C(=O)c2ccoc2C)n1;0.9489794408171084;2.329808954510679;-0.16957679805484424;1.6258289027286723;1.8845643545602042;-0.9731903819644286;-0.6209838283181613;-0.49920768260333204;-0.24710536429033883;-0.030729254193150108;-0.48521256726432327;-0.4361122207682917;-0.15220388682955227;-0.40599897147057507;-0.18749999999999997;0.0
Cc1n[nH]c([C@@H]2C[C@H](NC(=O)CC(C)C)CN2C(=O)c2cnccn2)n1;0.5402465388951354;1.4945786918742854;-0.16957679805484424;1.6258289027286723;3.0585498935311803;-1.5424960137979244;-0.6209838283181613;-0.49920768260333204;-0.24710536429033883;-0.030729254193150108;-0.48521256726432327;-0.4361122207682917;-0.15220388682955227;-0.40599897147057507;-0.18749999999999997;0.0
Cc1n[nH]c([C@@H]2C[C@H](NC(=O)CC(C)C)CN2C(=O)c2ncccc2F)n1;0.9063128811947336;1.7054298870243352;-0.16957679805484424;1.6258289027286723;1.8845643545602042;-1.5424960137979244;-0.6209838283181613;-0.49920768260333204;-0.24710536429033883;-0.030729254193150108;-0.48521256726432327;-0.4361122207682917;-0.15220388682955227;-0.40599897147057507;-0.18749999999999997;0.0
Cc1n[nH]c([C@@H]2C[C@H](NC(=O)CC(C)C)CN2C(=O)c2nn(C)c3ccccc23)n1;0.2318730287611809;0.9184428020385283;-0.16957679805484424;1.6258289027286723;2.987371864478552;-0.9731903819644286;-0.6209838283181613;-0.49920768260333204;-0.24710536429033883;-0.030729254193150108;-0.48521256726432327;-0.4361122207682917;-0.15220388682955227;-0.40599897147057507;-0.18749999999999997;0.0
Cc1n[nH]c([C@@H]2C[C@H](NC(=O)c3ccccc3)CN2C(=O)C2(c3ccccc3)CC2)n1;-1.2457854288465073;0.8904778381710036;-0.16957679805484424;1.6258289027286723;1.8845643545602042;-0.4038847501309328;-0.6209838283181613;-0.49920768260333204;-0.24710536429033883;-0.030729254193150108;-0.48521256726432327;-0.4361122207682917;-0.15220388682955227;-0.40599897147057507;-0.18749999999999997;0.0
Cc1n[nH]c([C@@H]2C[C@H](NC(=O)c3ccccc3)CN2C(=O)CN(C)C)n1;0.5402465388951426;1.5003220861028295;-0.16957679805484424;1.6258289027286723;1.8845643545602042;-0.9731903819644286;-0.6209838283181613;-0.49920768260333204;-0.24710536429033883;-0.030729254193150108;-0.48521256726432327;-0.4361122207682917;-0.15220388682955227;-0.40599897147057507;-0.18749999999999997;0.0
Cc1n[nH]c([C@@H]2C[C@H](NC(=O)c3ccccc3)CN2C(=O)COc2ccccc2)n1;-0.8308325162359331;-0.07621934164322848;-0.16957679805484424;1.6258289027286723;1.8845643545602042;-0.9731903819644286;-0.6209838283181613;-0.49920768260333204;-0.24710536429033883;-0.030729254193150108;-0.48521256726432327;-0.4361122207682917;-0.15220388682955227;-0.40599897147057507;-0.18749999999999997;0.0
Cc1n[nH]c([C@@H]2C[C@H](NC(=O)c3ccccc3)CN2C(=O)Cc2ccsc2)n1;-0.8756764338965705;0.14096620516705782;-0.16957679805484424;1.6258289027286723;1.8845643545602042;-0.4038847501309328;-0.6209838283181613;-0.49920768260333204;-0.24710536429033883;-0.030729254193150108;-0.48521256726432327;-0.4361122207682917;-0.15220388682955227;-0.40599897147057507;-0.18749999999999997;0.0
Cc1n[nH]c([C@@H]2C[C@H](NC(=O)c3ccccc3)CN2C(=O)c2cccnc2)n1;-0.8756764338965705;0.9787093188759528;-0.16957679805484424;1.6258289027286723;3.0585498935311803;-0.4038847501309328;-0.6209838283181613;-0.49920768260333204;-0.24710536429033883;-0.030729254193150108;-0.48521256726432327;-0.4361122207682917;-0.15220388682955227;-0.40599897147057507;-0.18749999999999997;0.0
Cc1n[nH]c([C@@H]2C[C@H](NC(=O)c3ccccc3)CN2C(=O)c2ccco2)n1;-0.9005897214858158;1.2773758944137739;-0.16957679805484424;1.6258289027286723;1.8845643545602042;-0.9731903819644286;-0.6209838283181613;-0.49920768260333204;-0.24710536429033883;-0.030729254193150108;-0.48521256726432327;-0.4361122207682917;-0.15220388682955227;-0.40599897147057507;-0.18749999999999997;0.0
Cc1n[nH]c([C@@H]2C[C@H](NC(=O)c3ccccc3)CN2C(=O)c2cnccc2C)n1;-0.48603111614206007;1.6302373757929254;-0.16957679805484424;1.6258289027286723;3.0585498935311803;0.16542088170256303;-0.6209838283181613;-0.49920768260333204;-0.24710536429033883;-0.030729254193150108;-0.48521256726432327;-0.4361122207682917;-0.15220388682955227;-0.40599897147057507;-0.18749999999999997;0.0
Cc1n[nH]c([C@@H]2C[C@H](NC(=O)c3ccccc3)CN2C(=O)c2ncccc2F)n1;-0.48603111614206007;1.08852252746906;-0.16957679805484424;1.6258289027286723;1.8845643545602042;-0.9731903819644286;-0.6209838283181613;-0.49920768260333204;-0.24710536429033883;-0.030729254193150108;-0.48521256726432327;-0.4361122207682917;-0.15220388682955227;-0.40599897147057507;-0.18749999999999997;0.0
Cc1n[nH]c([C@@H]2C[C@H](NC(=O)c3ccccc3)CN2CC2CC2)n1;-1.4305802051302958;0.7474012180885776;-0.16957679805484424;1.6258289027286723;1.9093850566564836;-0.9731903819644286;-0.6209838283181613;-0.49920768260333204;-0.24710536429033883;-0.030729254193150108;-0.48521256726432327;-0.4361122207682917;-0.15220388682955227;-0.40599897147057507;-0.18749999999999997;0.0
Cc1n[nH]c([C@@H]2C[C@H](NC(=O)c3ccccc3)CN2CCCc2ccccc2)n1;-1.2189314920021435;0.21122459759485168;-0.16957679805484424;1.6258289027286723;1.9093850566564836;-0.4038847501309328;-0.6209838283181613;-0.49920768260333204;-0.24710536429033883;-0.030729254193150108;-0.48521256726432327;-0.4361122207682917;-0.15220388682955227;-0.40599897147057507;-0.18749999999999997;0.0
Cc1n[nH]c([C@@H]2C[C@H](NC(=O)c3ccccc3)CN2Cc2ccc3c(c2)CCO3)n1;-1.74857449531701;0.427456625910817;-0.16957679805484424;3.636772469697625;1.9093850566564836;0.16542088170256303;-0.6209838283181613;-0.49920768260333204;-0.24710536429033883;-0.030729254193150108;-0.48521256726432327;-0.4361122207682917;-0.15220388682955227;-0.40599897147057507;-0.18749999999999997;0.0
Cc1n[nH]c([C@@H]2C[C@H](NC(=O)c3ccccc3)CN2Cc2ccccc2C(F)(F)F)n1;-0.014839789414122334;1.9600559591436544;-0.16957679805484424;1.6258289027286723;1.9093850566564836;0.16542088170256303;-0.6209838283181613;-0.49920768260333204;-0.24710536429033883;-0.030729254193150108;-0.48521256726432327;-0.4361122207682917;-0.15220388682955227;-0.40599897147057507;-0.18749999999999997;0.0
Cc1n[nH]c([C@@H]2C[C@H](NC(=O)c3ccccc3)CN2Cc2cnn(C)c2)n1;-0.9005897214858086;0.5842548403649948;-0.16957679805484424;1.6258289027286723;3.0121925665748304;-0.4038847501309328;-0.6209838283181613;-0.49920768260333204;-0.24710536429033883;-0.030729254193150108;-0.48521256726432327;-0.4361122207682917;-0.15220388682955227;-0.40599897147057507;-0.18749999999999997;0.0
Cc1n[nH]c([C@@H]2C[C@H](NC(=O)c3ccccc3)CN2S(=O)(=O)c2ccccc2F)n1;-0.008567193428373135;1.3804402365433255;-0.16957679805484424;1.6258289027286723;0.7552020797225507;-0.9731903819644286;-0.6209838283181613;-0.49920768260333204;-0.24710536429033883;-0.030729254193150108;-0.48521256726432327;-0.4361122207682917;6.5701344481423405;-0.40599897147057507;-0.18749999999999997;0.0
Cc1n[nH]c([C@@]23CCN(C(=O)C4CCCCC4)C[C@@H]2CN(C(=O)C2CC2)C3)n1;-1.3575105459743186;1.4042614739943802;-0.16957679805484424;1.6258289027286723;1.8845643545602042;-1.5424960137979244;-0.6209838283181613;-0.49920768260333204;-0.24710536429033883;-0.030729254193150108;-0.48521256726432327;-0.4361122207682917;-0.15220388682955227;-0.40599897147057507;-0.18749999999999997;0.0
Cc1n[nH]c([C@@]23CCN(C(=O)Cc4ccc(Cl)cc4)C[C@@H]2CN(C(=O)C2CC2)C3)n1;-0.9263091725094499;2.455508920975334;-0.16957679805484424;1.6258289027286723;1.8845643545602042;-0.9731903819644286;-0.6209838283181613;-0.49920768260333204;-0.24710536429033883;-0.030729254193150108;-0.48521256726432327;-0.4361122207682917;-0.15220388682955227;-0.40599897147057507;-0.18749999999999997;0.0
Cc1n[nH]c([C@@]23CCN(C4CCCCC4)C[C@@H]2CN(C(=O)C2CC2)C3)n1;-1.8550505922799245;1.3088903473096258;-0.16957679805484424;1.6258289027286723;1.9093850566564836;-1.5424960137979244;-0.6209838283181613;-0.49920768260333204;-0.24710536429033883;-0.030729254193150108;-0.48521256726432327;-0.4361122207682917;-0.15220388682955227;-0.40599897147057507;-0.18749999999999997;0.0
Cc1n[nH]c([C@@]23CCN(Cc4ccc(Cl)cc4)C[C@@H]2CN(C(=O)C2CC2)C3)n1;-1.3575105459743186;1.4964133915978817;-0.16957679805484424;1.6258289027286723;1.9093850566564836;-0.9731903819644286;-0.6209838283181613;-0.49920768260333204;4.046856703705712;-0.030729254193150108;-0.48521256726432327;-0.4361122207682917;-0.15220388682955227;-0.40599897147057507;-0.18749999999999997;0.0
Cc1n[nH]c([C@@]23CCN(Cc4ccccn4)C[C@@H]2CN(C(=O)C2CC2)C3)n1;-1.7938641877135193;1.6545529396000922;-0.16957679805484424;1.6258289027286723;3.0833705956274597;-1.5424960137979244;-0.6209838283181613;-0.49920768260333204;-0.24710536429033883;-0.030729254193150108;-0.48521256726432327;-0.4361122207682917;-0.15220388682955227;-0.40599897147057507;-0.18749999999999997;0.0
Cc1n[nH]c([C@@]23CCN(Cc4cccnc4)C[C@@H]2CN(C(=O)C(C)C)C3)n1;-0.3805562313281886;1.6399466027417702;-0.16957679805484424;1.6258289027286723;3.0833705956274597;-0.9731903819644286;-0.6209838283181613;-0.49920768260333204;-0.24710536429033883;-0.030729254193150108;-0.48521256726432327;-0.4361122207682917;-0.15220388682955227;-0.40599897147057507;-0.18749999999999997;0.0
Cc1n[nH]c([C@@]23CCN(S(=O)(=O)c4cccs4)C[C@@H]2CN(C(=O)C2CC2)C3)n1;-0.8560496804651878;2.3312371600881177;-0.16957679805484424;1.6258289027286723;0.7552020797225507;-1.5424960137979244;-0.6209838283181613;-0.49920768260333204;-0.24710536429033883;-0.030729254193150108;-0.48521256726432327;-0.4361122207682917;-0.15220388682955227;-0.40599897147057507;-0.18749999999999997;0.0
Cc1n[nH]c([C@@]23CN(C(=O)Cc4cccc(Cl)c4)C[C@@H]2CN(C(=O)NC(C)C)C3)n1;0.3456679882373412;-2.0669988771041985;4.3242083503985285;3.636772469697625;0.7552020797225507;-0.9731903819644286;-0.6209838283181613;-0.49920768260333204;4.046856703705712;-0.030729254193150108;-0.48521256726432327;-0.4361122207682917;-0.15220388682955227;-0.40599897147057507;5.333333333333333;0.0
Cc1n[nH]c([C@@]23CN(C(=O)Cc4ccccc4C)C[C@@H]2CN(C(=O)c2ccccc2)C3)n1;-0.881103453539297;0.5362373347605509;-0.16957679805484424;3.636772469697625;1.8845643545602042;0.16542088170256303;-0.6209838283181613;-0.49920768260333204;-0.24710536429033883;-0.030729254193150108;-0.48521256726432327;-0.4361122207682917;-0.15220388682955227;-0.40599897147057507;-0.18749999999999997;0.0
Cc1n[nH]c([C@@]23CN(Cc4ccc5c(c4)CCO5)C[C@@H]2CN(C(=O)c2ccccc2)C3)n1;-2.073582041739417;0.61933301465526;-0.16957679805484424;5.647716036666577;1.9093850566564836;0.16542088170256303;-0.6209838283181613;-0.49920768260333204;-0.24710536429033883;-0.030729254193150108;-0.48521256726432327;-0.4361122207682917;-0.15220388682955227;-0.40599897147057507;-0.18749999999999997;0.0
Cc1n[nH]c([C@@]23CN(Cc4cccnc4)C[C@@H]2CN(C(=O)c2ccccc2)C3)n1;-1.6841506346978923;1.0299117059761254;-0.16957679805484424;3.636772469697625;3.0833705956274597;-0.4038847501309328;-0.6209838283181613;-0.49920768260333204;-0.24710536429033883;-0.030729254193150108;-0.48521256726432327;-0.4361122207682917;-0.15220388682955227;-0.40599897147057507;-0.18749999999999997;0.0
Cc1n[nH]c([C@@]23CN(Cc4cnn(C(C)C)c4)C[C@@H]2CN(C(=O)c2ccccc2)C3)n1;-0.9029771885248628;0.24144595160597013;-0.16957679805484424;3.636772469697625;3.0121925665748304;-0.4038847501309328;-0.6209838283181613;-0.49920768260333204;-0.24710536429033883;-0.030729254193150108;-0.48521256726432327;-0.4361122207682917;-0.15220388682955227;-0.40599897147057507;-0.18749999999999997;0.0
Cc1n[nH]c([C@@]23CN(Cc4sccc4C)C[C@@H]2CN(C(=O)c2ccccc2)C3)n1;-1.3177004467678541;-0.9358486236987815;-0.16957679805484424;3.636772469697625;1.9093850566564836;-0.4038847501309328;-0.6209838283181613;-0.49920768260333204;-0.24710536429033883;-0.030729254193150108;-0.48521256726432327;-0.4361122207682917;-0.15220388682955227;-0.40599897147057507;-0.18749999999999997;0.0
Cc1n[nH]c([C@@]23CN(Cc4scnc4C)C[C@@H]2CN(C(=O)c2cccnc2)C3)n1;-1.3177004467678541;0.12469101484990876;-0.16957679805484424;3.636772469697625;3.0833705956274597;-0.9731903819644286;-0.6209838283181613;-0.49920768260333204;-0.24710536429033883;-0.030729254193150108;-0.48521256726432327;-0.4361122207682917;-0.15220388682955227;-0.40599897147057507;-0.18749999999999997;0.0
Cc1n[nH]c([C@]23CN(C(=O)NC(C)C)C[C@H]2CN(C(=O)c2cc(C)n(C)n2)C3)n1;0.7310383712440731;-0.28420990026074033;-0.16957679805484424;3.636772469697625;1.858009589640898;-1.5424960137979244;-0.6209838283181613;-0.49920768260333204;-0.24710536429033883;-0.030729254193150108;-0.48521256726432327;-0.4361122207682917;-0.15220388682955227;-0.40599897147057507;-0.18749999999999997;0.0
Cc1n[nH]c([C@]23CN(C(=O)NC(C)C)C[C@H]2CN(C(=O)c2ccsc2)C3)n1;0.013038414967015756;-1.8107685558968405;-0.16957679805484424;3.636772469697625;0.7552020797225507;-0.9731903819644286;-0.6209838283181613;-0.49920768260333204;-0.24710536429033883;-0.030729254193150108;-0.48521256726432327;-0.4361122207682917;-0.15220388682955227;-0.40599897147057507;-0.18749999999999997;0.0
Cc1n[nH]c([C@]23CN(C(=O)c4ccccc4)C[C@H]2CN(C(=O)c2cccn2C)C3)n1;-0.9263091725094499;-0.8724562570700475;-0.16957679805484424;3.636772469697625;1.8845643545602042;-0.9731903819644286;-0.6209838283181613;-0.49920768260333204;-0.24710536429033883;-0.030729254193150108;-0.48521256726432327;-0.4361122207682917;-0.15220388682955227;-0.40599897147057507;-0.18749999999999997;0.0
Cc1n[nH]c([C@]23CN(C(=O)c4ccccc4)C[C@H]2CN(C2CCCC2)C3)n1;-1.7938641877135193;1.3956398284936655;-0.16957679805484424;3.636772469697625;1.9093850566564836;-0.9731903819644286;-0.6209838283181613;-0.49920768260333204;-0.24710536429033883;-0.030729254193150108;-0.48521256726432327;-0.4361122207682917;-0.15220388682955227;-0.40599897147057507;-0.18749999999999997;0.0
Cc1n[nH]c([C@]23CN(C(=O)c4ccccc4)C[C@H]2CN(C2CCOCC2)C3)n1;-1.737048240616143;1.5156609435949076;-0.16957679805484424;3.636772469697625;1.9093850566564836;-0.9731903819644286;-0.6209838283181613;-0.49920768260333204;-0.24710536429033883;-0.030729254193150108;-0.48521256726432327;-0.4361122207682917;-0.15220388682955227;-0.40599897147057507;-0.18749999999999997;0.0
Cc1n[nH]c([C@]23CN(C(=O)c4ccccc4)C[C@H]2CN(S(=O)(=O)C2CC2)C3)n1;-0.8560496804651878;1.6190329362498848;-0.16957679805484424;3.636772469697625;0.7552020797225507;-0.9731903819644286;-0.6209838283181613;-0.49920768260333204;-0.24710536429033883;-0.030729254193150108;-0.48521256726432327;-0.4361122207682917;-0.15220388682955227;-0.40599897147057507;-0.18749999999999997;0.0
Cc1n[nH]c([C@]23CN(C(=O)c4ccccc4)C[C@H]2CN(S(=O)(=O)c2ccccc2)C3)n1;-0.792853034193105;0.5660496203890991;-0.16957679805484424;3.636772469697625;0.7552020797225507;-0.9731903819644286;-0.6209838283181613;-0.49920768260333204;-0.24710536429033883;-0.030729254193150108;-0.48521256726432327;-0.4361122207682917;-0.15220388682955227;-0.40599897147057507;-0.18749999999999997;0.0
Cc1n[nH]c([C@]23CN(Cc4ccccc4)C[C@H]2CN(C(=O)c2cn(C)cn2)C3)n1;-1.3177004467678541;0.757053165004126;-0.16957679805484424;3.636772469697625;1.9093850566564836;-0.9731903819644286;-0.6209838283181613;-0.49920768260333204;-0.24710536429033883;-0.030729254193150108;-0.48521256726432327;-0.4361122207682917;-0.15220388682955227;-0.40599897147057507;-0.18749999999999997;0.0
Cc1n[nH]c2c1C(c1c[nH]c3ccccc13)C(C#N)=C(N)O2;-1.0591288243264656;0.4032201349636285;-0.16957679805484424;-0.3851146642402806;-1.5751643097199564;0.16542088170256303;-0.6209838283181613;-0.49920768260333204;-0.24710536429033883;-0.030729254193150108;-0.48521256726432327;-0.4361122207682917;-0.15220388682955227;-0.40599897147057507;-0.18749999999999997;1.0
Cc1n[nH]c2c1C(c1cc(Cl)c(O)c(Cl)c1)C(C#N)=C(N)O2;1.158433460781472;-1.947224093344446;-0.16957679805484424;-0.3851146642402806;-1.5751643097199564;-0.4038847501309328;-0.6209838283181613;-0.49920768260333204;-0.24710536429033883;-0.030729254193150108;-0.48521256726432327;-0.4361122207682917;-0.15220388682955227;-0.40599897147057507;-0.18749999999999997;1.0
Cc1n[nH]c2c1C(c1cc(F)ccc1F)CC(=O)N2;0.2547620128532062;0.4485676266032434;-0.16957679805484424;-0.3851146642402806;0.7552020797225507;-0.4038847501309328;1.6103478937742153;2.090483068911506;-0.24710536429033883;-0.030729254193150108;-0.48521256726432327;-0.4361122207682917;-0.15220388682955227;2.463060426921489;-0.18749999999999997;1.0
Cc1n[nH]c2c1C(c1ccc(C(C)(C)C)cc1)N(c1ccc(Br)cc1)C2=O;0.4066330612622491;2.5010424082900937;-0.16957679805484424;1.6258289027286723;1.9093850566564836;0.16542088170256303;-0.6209838283181613;-0.49920768260333204;-0.24710536429033883;-0.030729254193150108;-0.48521256726432327;-0.4361122207682917;-0.15220388682955227;-0.40599897147057507;-0.18749999999999997;0.0
Cc1n[nH]c2c1C(c1ccc(C(F)(F)F)cc1)SCC(=O)N2;0.8305604305229932;-0.3422462277821424;-0.16957679805484424;-0.3851146642402806;0.7552020797225507;0.16542088170256303;-0.6209838283181613;-0.49920768260333204;-0.24710536429033883;-0.030729254193150108;-0.48521256726432327;-0.4361122207682917;-0.15220388682955227;-0.40599897147057507;-0.18749999999999997;0.0
Cc1n[nH]c2c1C(c1ccc(COc3cccc(C(F)(F)F)c3)o1)C(C#N)=C(N)O2;0.34566798823733397;0.976912254595423;-0.16957679805484424;-0.3851146642402806;-1.5751643097199564;-0.4038847501309328;-0.6209838283181613;-0.49920768260333204;-0.24710536429033883;-0.030729254193150108;-0.48521256726432327;-0.4361122207682917;-0.15220388682955227;-0.40599897147057507;-0.18749999999999997;0.0
Cc1n[nH]c2c1C(c1ccc(F)cc1)C(C#N)=C(N)O2;0.2318730287612026;1.0808029206286227;-0.16957679805484424;-0.3851146642402806;-1.5751643097199564;-0.4038847501309328;-0.6209838283181613;-0.49920768260333204;-0.24710536429033883;-0.030729254193150108;-0.48521256726432327;-0.4361122207682917;-0.15220388682955227;-0.40599897147057507;-0.18749999999999997;1.0
Cc1n[nH]c2c1C(c1ccc(OC(=O)c3ccc(Cl)c(Cl)c3)cc1)C(C#N)=C(N)O2;0.23187302876118812;2.2325610087760546;8.817993498851902;-0.3851146642402806;-1.5751643097199564;0.16542088170256303;-0.6209838283181613;-0.49920768260333204;-0.24710536429033883;-0.030729254193150108;-0.48521256726432327;-0.4361122207682917;-0.15220388682955227;-0.40599897147057507;5.333333333333333;1.0
Cc1n[nH]c2c1C(c1ccc(OC(=O)c3ccco3)cc1)C(C#N)=C(N)O2;-0.5069950751905825;1.3989568063269078;-0.16957679805484424;-0.3851146642402806;-1.5751643097199564;-0.4038847501309328;-0.6209838283181613;-0.49920768260333204;-0.24710536429033883;-0.030729254193150108;-0.48521256726432327;-0.4361122207682917;-0.15220388682955227;-0.40599897147057507;-0.18749999999999997;1.0
Cc1n[nH]c2c1C(c1ccc(OC(=O)c3cccs3)cc1)C(C#N)=C(N)O2;-0.5069950751905825;2.0427250882331984;-0.16957679805484424;-0.3851146642402806;-1.5751643097199564;-0.4038847501309328;-0.6209838283181613;-0.49920768260333204;-0.24710536429033883;-0.030729254193150108;-0.48521256726432327;-0.4361122207682917;-0.15220388682955227;-0.40599897147057507;-0.18749999999999997;1.0
Cc1n[nH]c2c1C(c1ccc(OCc3ccc(Cl)cc3)cc1)CC(=O)N2;-0.9274194158126849;1.0029588202481974;4.3242083503985285;-0.3851146642402806;0.7552020797225507;0.16542088170256303;-0.6209838283181613;-0.49920768260333204;-0.24710536429033883;-0.030729254193150108;-0.48521256726432327;-0.4361122207682917;-0.15220388682955227;-0.40599897147057507;5.333333333333333;0.0
Cc1n[nH]c2c1C(c1ccc(OCc3ccc(Cl)cc3)cc1)SCC(=O)N2;-0.9005897214858086;1.1754985200259573;4.3242083503985285;-0.3851146642402806;0.7552020797225507;0.16542088170256303;-0.6209838283181613;-0.49920768260333204;-0.24710536429033883;-0.030729254193150108;-0.48521256726432327;-0.4361122207682917;6.5701344481423405;-0.40599897147057507;5.333333333333333;0.0
Cc1n[nH]c2c1C(c1ccc([N+](=O)[O-])cc1)C1=C(CC(C)(C)CC1=O)N2;0.43008116627183457;-0.006131708019240666;-0.16957679805484424;-0.3851146642402806;3.1376488206495297;-0.4038847501309328;-0.6209838283181613;-0.49920768260333204;-0.24710536429033883;-0.030729254193150108;-0.48521256726432327;-0.4361122207682917;-0.15220388682955227;-0.40599897147057507;-0.18749999999999997;1.0
Cc1n[nH]c2c1C(c1ccc3c(c1)OCO3)CC(=O)N2;-1.6760927123589804;0.10284666567010774;-0.16957679805484424;1.6258289027286723;0.7552020797225507;-0.4038847501309328;-0.6209838283181613;-0.49920768260333204;-0.24710536429033883;-0.030729254193150108;-0.48521256726432327;-0.4361122207682917;-0.15220388682955227;-0.40599897147057507;-0.18749999999999997;0.0
Cc1n[nH]c2c1C(c1cccc(Cl)c1)C1=C(CC(C)(C)CC1=O)N2;0.04004542546126453;-1.1976837459774867;-0.16957679805484424;-0.3851146642402806;0.7552020797225507;-0.4038847501309328;-0.6209838283181613;-0.49920768260333204;-0.24710536429033883;-0.030729254193150108;-0.48521256726432327;-0.4361122207682917;-0.15220388682955227;-0.40599897147057507;-0.18749999999999997;0.0
Cc1n[nH]c2c1C(c1cccc(Cl)c1Cl)C(C#N)=C(N)O2;0.7172142074384849;0.13503797024699574;4.3242083503985285;-0.3851146642402806;-1.5751643097199564;-0.4038847501309328;-0.6209838283181613;-0.49920768260333204;4.046856703705712;-0.030729254193150108;-0.48521256726432327;-0.4361122207682917;-0.15220388682955227;-0.40599897147057507;5.333333333333333;0.0
Cc1n[nH]c2c1C(c1cccc(F)c1)SCC(=O)N2;-0.30455669504000715;0.8175491496554818;-0.16957679805484424;-0.3851146642402806;0.7552020797225507;-0.4038847501309328;-0.6209838283181613;-0.49920768260333204;-0.24710536429033883;-0.030729254193150108;-0.48521256726432327;-0.4361122207682917;-0.15220388682955227;-0.40599897147057507;-0.18749999999999997;1.0
Cc1n[nH]c2c1C(c1cccc3ccccc13)C(C#N)=C(N)O2;-1.0219066001812638;0.10732469212743372;-0.16957679805484424;-0.3851146642402806;-1.5751643097199564;0.7347265135360589;-0.6209838283181613;-0.49920768260333204;-0.24710536429033883;-0.030729254193150108;-0.48521256726432327;-0.4361122207682917;-0.15220388682955227;-0.40599897147057507;-0.18749999999999997;1.0
Cc1n[nH]c2c1C(c1ccccc1C(F)(F)F)SCC(=O)N2;0.8305604305229932;2.2762697241777574;-0.16957679805484424;-0.3851146642402806;0.7552020797225507;0.16542088170256303;-0.6209838283181613;-0.49920768260333204;-0.24710536429033883;-0.030729254193150108;-0.48521256726432327;-0.4361122207682917;-0.15220388682955227;-0.40599897147057507;-0.18749999999999997;0.0
Cc1n[nH]c2c1C(c1ccccc1Cl)C(C#N)=C(N)O2;0.2318730287612026;1.4502717233621594;4.3242083503985285;-0.3851146642402806;-1.5751643097199564;-0.4038847501309328;-0.6209838283181613;-0.49920768260333204;4.046856703705712;-0.030729254193150108;-0.48521256726432327;-0.4361122207682917;-0.15220388682955227;-0.40599897147057507;5.333333333333333;1.0
Cc1n[nH]c2c1C(c1ccccc1F)C(C#N)=C(N)O2;0.2318730287612026;1.074454049533551;-0.16957679805484424;-0.3851146642402806;-1.5751643097199564;-0.4038847501309328;1.6103478937742153;2.953713319416452;-0.24710536429033883;-0.030729254193150108;-0.48521256726432327;-0.4361122207682917;-0.15220388682955227;2.463060426921489;-0.18749999999999997;1.0
Cc1n[nH]c2c1C(c1ccccc1OCc1cccc(Cl)c1)SCC(=O)N2;-0.9005897214858086;0.7429625755663152;-0.16957679805484424;-0.3851146642402806;0.7552020797225507;0.16542088170256303;-0.6209838283181613;-0.49920768260333204;-0.24710536429033883;-0.030729254193150108;-0.48521256726432327;-0.4361122207682917;-0.15220388682955227;-0.40599897147057507;-0.18749999999999997;0.0
Cc1n[nH]c2c1C(c1ccccc1[N+](=O)[O-])N(c1ccc(Br)cc1)C2=O;-0.10995361196875324;2.1176109419776927;-0.16957679805484424;1.6258289027286723;4.2918317975834634;-0.4038847501309328;-0.6209838283181613;-0.49920768260333204;-0.24710536429033883;-0.030729254193150108;-0.48521256726432327;-0.4361122207682917;-0.15220388682955227;-0.40599897147057507;-0.18749999999999997;0.0
Cc1n[nH]c2c1C(c1cccs1)SCC(=O)N2;-0.9416233716327959;1.3715202670160958;-0.16957679805484424;-0.3851146642402806;0.7552020797225507;-0.9731903819644286;-0.6209838283181613;-0.49920768260333204;-0.24710536429033883;-0.030729254193150108;-0.48521256726432327;-0.4361122207682917;6.5701344481423405;-0.40599897147057507;-0.18749999999999997;0.0
Cc1n[nH]c2c1C1(C(=O)N(C)c3ccccc31)C(C#N)=C(N)O2;0.050613386089453545;2.5644197872703582;-0.16957679805484424;1.6258289027286723;-0.4458020348823024;-0.4038847501309328;-0.6209838283181613;-0.49920768260333204;-0.24710536429033883;-0.030729254193150108;-0.48521256726432327;-0.4361122207682917;-0.15220388682955227;-0.40599897147057507;-0.18749999999999997;0.0
Cc1n[nH]c2c1C1(C(=O)N(CC(N)=O)c3ccccc31)C(C#N)=C(N)O2;0.43008116627183457;1.104673101636104;-0.16957679805484424;1.6258289027286723;0.6835602399553516;-0.4038847501309328;-0.6209838283181613;-0.49920768260333204;-0.24710536429033883;-0.030729254193150108;-0.48521256726432327;-0.4361122207682917;-0.15220388682955227;-0.40599897147057507;-0.18749999999999997;0.0
Cc1n[nH]c2c1C1(C(=O)Nc3ccccc31)C(C#N)=C(N)O2;-0.42090590458757915;1.2124278360019254;-0.16957679805484424;1.6258289027286723;-0.4458020348823024;-0.4038847501309328;-0.6209838283181613;-0.49920768260333204;-0.24710536429033883;-0.030729254193150108;-0.48521256726432327;-0.4361122207682917;-0.15220388682955227;-0.40599897147057507;-0.18749999999999997;0.0
Cc1n[nH]c2ccc(-c3cncc(OC[C@@H](N)Cc4c[nH]c5ccccc45)c3)cc12;-1.74857449531701;0.28505616097665176;-0.16957679805484424;-0.3851146642402806;0.7998253438558723;1.3040321453695547;-0.6209838283181613;-0.49920768260333204;-0.24710536429033883;-0.030729254193150108;-0.48521256726432327;-0.4361122207682917;-0.15220388682955227;-0.40599897147057507;-0.18749999999999997;0.0
Cc1n[nH]c2ccc(-c3cncc(OC[C@@H](N)Cc4ccccc4)c3)cc12;-1.2941843677810347;0.0611264160543256;-0.16957679805484424;-0.3851146642402806;0.7998253438558723;0.7347265135360589;-0.6209838283181613;-0.49920768260333204;-0.24710536429033883;-0.030729254193150108;-0.48521256726432327;-0.4361122207682917;-0.15220388682955227;-0.40599897147057507;-0.18749999999999997;1.0
Cc1n[nH]c2cn[nH]c12;-0.9005897214858086;0.06743189128518064;-0.16957679805484424;-0.3851146642402806;0.8268439194897494;-1.5424960137979244;-0.6209838283181613;-0.49920768260333204;-0.24710536429033883;-0.030729254193150108;-0.48521256726432327;-0.4361122207682917;-0.15220388682955227;-0.40599897147057507;-0.18749999999999997;0.0
Cc1n[nH]c2nc(SCC(=O)N3CCC(C)CC3)n(-c3cccc(Cl)c3)c(=N)c12;-0.11958092821201476;-0.6837392410369143;-0.16957679805484424;-0.3851146642402806;3.105157967717152;-0.9731903819644286;-0.6209838283181613;-0.49920768260333204;4.046856703705712;-0.030729254193150108;-0.48521256726432327;-0.4361122207682917;-0.15220388682955227;-0.40599897147057507;-0.18749999999999997;0.0
Cc1n[nH]c2nc(SCC(=O)NCCc3ccccc3)n(-c3ccccc3Cl)c(=N)c12;-0.46777218406752463;-1.4531512088420255;-0.16957679805484424;-0.3851146642402806;3.105157967717152;-0.4038847501309328;-0.6209838283181613;-0.49920768260333204;-0.24710536429033883;-0.030729254193150108;-0.48521256726432327;-0.4361122207682917;-0.15220388682955227;-0.40599897147057507;-0.18749999999999997;0.0
Cc1n[nH]c2ncc(C(=O)N3CCC[C@H]3c3ccc(Cl)cc3)cc12;-0.9877862280481674;-1.6606279104021706;-0.16957679805484424;1.6258289027286723;0.7552020797225507;0.16542088170256303;-0.6209838283181613;-0.49920768260333204;4.046856703705712;-0.030729254193150108;-0.48521256726432327;-0.4361122207682917;-0.15220388682955227;-0.40599897147057507;-0.18749999999999997;0.0
Cc1n[nH]c2oc(=O)c([N+](=O)[O-])c(C)c12;2.2123205528393934;0.06743189128518064;-0.16957679805484424;-0.3851146642402806;0.807282431207023;-0.4038847501309328;-0.6209838283181613;-0.49920768260333204;-0.24710536429033883;-0.030729254193150108;-0.48521256726432327;-0.4361122207682917;-0.15220388682955227;-0.40599897147057507;-0.18749999999999997;0.0
Cc1n[nH]cc1-c1cc2[nH]c([C@@H]3CC4CCN3CC4)nc(=O)c2s1;-2.1349637018995224;-0.8265534574821091;-0.16957679805484424;-0.3851146642402806;1.9093850566564836;-0.9731903819644286;-0.6209838283181613;-0.49920768260333204;-0.24710536429033883;-0.030729254193150108;-0.48521256726432327;-0.4361122207682917;-0.15220388682955227;-0.40599897147057507;-0.18749999999999997;0.0
Cc1n[nH]cc1-c1cc2[nH]c([C@H]3CC4CCN3CC4)nc(=O)c2s1;-2.1349637018995224;-0.8265534574821091;-0.16957679805484424;-0.3851146642402806;1.9093850566564836;-0.9731903819644286;-0.6209838283181613;-0.49920768260333204;-0.24710536429033883;-0.030729254193150108;-0.48521256726432327;-0.4361122207682917;-0.15220388682955227;-0.40599897147057507;-0.18749999999999997;0.0
Cc1n[nH]cc1C(=O)O;3.3393341476701472;0.06743189128518064;-0.16957679805484424;-0.3851146642402806;-0.3741601951151035;-0.9731903819644286;-0.6209838283181613;-0.49920768260333204;-0.24710536429033883;-0.030729254193150108;-0.48521256726432327;-0.4361122207682917;-0.15220388682955227;-0.40599897147057507;-0.18749999999999997;0.0
Cc1n[nH]cc1CNC(=O)COCc1nnc(C(=O)Nc2ccccc2)s1;-0.2744710576909446;-0.2667074030287892;-0.16957679805484424;-0.3851146642402806;1.8845643545602042;-0.9731903819644286;-0.6209838283181613;-0.49920768260333204;-0.24710536429033883;-0.030729254193150108;2.060952389667274;1.050315284101127;6.5701344481423405;-0.40599897147057507;-0.18749999999999997;1.0
Cc1n[nH]cc1CNC(=O)CSCc1nnc(C(=O)Nc2ccc(F)cc2)s1;0.10761854369031555;-1.0876089746295046;-0.16957679805484424;-0.3851146642402806;1.8845643545602042;-0.9731903819644286;-0.6209838283181613;-0.49920768260333204;-0.24710536429033883;-0.030729254193150108;-0.48521256726432327;-0.4361122207682917;6.5701344481423405;-0.40599897147057507;-0.18749999999999997;0.0
Cc1n[nH]cc1CNC(=O)CSc1ncnc2c1sc1cccc(F)c12;-0.9274194158126849;-0.9422463469136892;-0.16957679805484424;-0.3851146642402806;0.7552020797225507;-0.4038847501309328;1.6103478937742153;0.364022567901614;-0.24710536429033883;-0.030729254193150108;-0.48521256726432327;-0.4361122207682917;6.5701344481423405;-0.40599897147057507;-0.18749999999999997;0.0
Cc1n[nH]cc1CNC(=O)c1ccc(NC(=O)c2nnc(CC(C)C)s2)cc1;0.48715623833213995;-0.2723838146344968;-0.16957679805484424;-0.3851146642402806;1.8845643545602042;-0.4038847501309328;-0.6209838283181613;-0.49920768260333204;-0.24710536429033883;-0.030729254193150108;-0.48521256726432327;-0.4361122207682917;-0.15220388682955227;-0.40599897147057507;-0.18749999999999997;0.0
Cc1n[nH]cc1N;2.8332838881477147;0.06743189128518064;-0.16957679805484424;-0.3851146642402806;-0.3741601951151035;-1.5424960137979244;-0.6209838283181613;-0.49920768260333204;-0.24710536429033883;-0.030729254193150108;-0.48521256726432327;-0.4361122207682917;-0.15220388682955227;-0.40599897147057507;-0.18749999999999997;0.0
Cc1n[nH]cc1[N+](=O)[O-];3.3393341476701472;0.06743189128518064;-0.16957679805484424;-0.3851146642402806;2.008286545811876;-1.5424960137979244;-0.6209838283181613;-0.49920768260333204;-0.24710536429033883;-0.030729254193150108;-0.48521256726432327;-0.4361122207682917;-0.15220388682955227;-0.40599897147057507;-0.18749999999999997;0.0
Cc1nc(-c2c(Cl)cccc2Cl)sc1C(=O)N1CCC(C(=O)O)CC1;0.9950593252092628;0.9231368349543806;-0.16957679805484424;-0.3851146642402806;0.6835602399553516;-0.9731903819644286;-0.6209838283181613;-0.49920768260333204;-0.24710536429033883;-0.030729254193150108;-0.48521256726432327;-0.4361122207682917;-0.15220388682955227;-0.40599897147057507;-0.18749999999999997;0.0
Cc1nc(-c2c(Cl)cccc2Cl)sc1C(=O)NCC(=O)O;2.0282741775543234;0.5887905958459386;-0.16957679805484424;-0.3851146642402806;0.6835602399553516;-0.9731903819644286;-0.6209838283181613;-0.49920768260333204;-0.24710536429033883;-0.030729254193150108;-0.48521256726432327;-0.4361122207682917;6.5701344481423405;-0.40599897147057507;-0.18749999999999997;0.0
Cc1nc(-c2c3n(c(=O)n(CC(=O)NCc4ccccc4)c2=O)CCCCC3)no1;-0.47659733457022607;-0.6737760469837124;-0.16957679805484424;-0.3851146642402806;2.835138108524294;-0.4038847501309328;-0.6209838283181613;-0.49920768260333204;-0.24710536429033883;-0.030729254193150108;-0.48521256726432327;-0.4361122207682917;-0.15220388682955227;-0.40599897147057507;-0.18749999999999997;0.0
Cc1nc(-c2c3n(c(=O)n(CC(=O)Nc4ccc(C)c(C)c4)c2=O)CCCC3)no1;0.23187302876117366;0.24203879019706406;-0.16957679805484424;-0.3851146642402806;2.835138108524294;0.16542088170256303;-0.6209838283181613;-0.49920768260333204;-0.24710536429033883;-0.030729254193150108;-0.48521256726432327;-0.4361122207682917;-0.15220388682955227;-0.40599897147057507;-0.18749999999999997;1.0
Cc1nc(-c2c3n(c(=O)n(CC(=O)Nc4ccc(Cl)cc4)c2=O)CCCCC3)no1;-0.12236215290452619;-0.4146023447054219;-0.16957679805484424;-0.3851146642402806;2.835138108524294;-0.9731903819644286;-0.6209838283181613;-0.49920768260333204;-0.24710536429033883;-0.030729254193150108;-0.48521256726432327;-0.4361122207682917;-0.15220388682955227;-0.40599897147057507;-0.18749999999999997;0.0
Cc1nc(-c2c3n(c(=O)n(CC(=O)Nc4ccc(F)cc4)c2=O)CCCCC3)no1;-0.12236215290452619;0.00734744580300946;-0.16957679805484424;-0.3851146642402806;2.835138108524294;-0.9731903819644286;-0.6209838283181613;-0.49920768260333204;-0.24710536429033883;-0.030729254193150108;-0.48521256726432327;-0.4361122207682917;-0.15220388682955227;-0.40599897147057507;-0.18749999999999997;0.0
Cc1nc(-c2c3n(c(=O)n(CC(=O)Nc4ccc(F)cc4F)c2=O)CCCC3)no1;0.23187302876117366;-0.05401364802964981;-0.16957679805484424;-0.3851146642402806;2.835138108524294;-0.9731903819644286;1.6103478937742153;0.364022567901614;-0.24710536429033883;-0.030729254193150108;-0.48521256726432327;-0.4361122207682917;-0.15220388682955227;-0.40599897147057507;-0.18749999999999997;1.0
Cc1nc(-c2c3n(c(=O)n(CC(=O)Nc4cccc(C(F)(F)F)c4)c2=O)CCCC3)no1;0.6434706174724046;0.7179528177792571;-0.16957679805484424;-0.3851146642402806;2.835138108524294;-0.4038847501309328;-0.6209838283181613;-0.49920768260333204;-0.24710536429033883;-0.030729254193150108;-0.48521256726432327;-0.4361122207682917;-0.15220388682955227;-0.40599897147057507;-0.18749999999999997;0.0
Cc1nc(-c2c3n(c(=O)n(CC(=O)Nc4cccc(Cl)c4)c2=O)CCCCC3)no1;-0.12236215290452619;0.5465979456659563;4.3242083503985285;-0.3851146642402806;2.835138108524294;-0.9731903819644286;-0.6209838283181613;-0.49920768260333204;-0.24710536429033883;-0.030729254193150108;-0.48521256726432327;-0.4361122207682917;-0.15220388682955227;-0.40599897147057507;5.333333333333333;1.0
Cc1nc(-c2c3n(c(=O)n(CC(=O)Nc4ccccc4)c2=O)CCCCC3)no1;-0.4860311161420673;-0.020315066192907363;-0.16957679805484424;-0.3851146642402806;2.835138108524294;-0.9731903819644286;-0.6209838283181613;-0.49920768260333204;-0.24710536429033883;-0.030729254193150108;-0.48521256726432327;-0.4361122207682917;-0.15220388682955227;-0.40599897147057507;-0.18749999999999997;0.0
Cc1nc(-c2c3n(c(=O)n(Cc4ccc(Cl)cc4)c2=O)CCCC3)no1;-0.5186865138907263;-1.4029831498189027;-0.16957679805484424;-0.3851146642402806;1.7057758336866393;-0.4038847501309328;-0.6209838283181613;-0.49920768260333204;4.046856703705712;-0.030729254193150108;-0.48521256726432327;-0.4361122207682917;-0.15220388682955227;-0.40599897147057507;-0.18749999999999997;0.0
Cc1nc(-c2c3n(c(=O)n(Cc4ccc(Cl)cc4)c2=O)CCCCC3)no1;-0.5069950751905897;-1.0587377960229423;-0.16957679805484424;-0.3851146642402806;1.7057758336866393;-0.4038847501309328;-0.6209838283181613;-0.49920768260333204;4.046856703705712;-0.030729254193150108;-0.48521256726432327;-0.4361122207682917;-0.15220388682955227;-0.40599897147057507;-0.18749999999999997;0.0
Cc1nc(-c2c3n(c(=O)n(Cc4ccccc4Cl)c2=O)CCCCC3)no1;-0.5069950751905897;-0.9754062764146786;8.817993498851902;-0.3851146642402806;1.7057758336866393;-0.4038847501309328;-0.6209838283181613;-0.49920768260333204;4.046856703705712;-0.030729254193150108;-0.48521256726432327;-0.4361122207682917;-0.15220388682955227;-0.40599897147057507;5.333333333333333;0.0
Cc1nc(-c2cc(F)cc(F)c2)c(N)c(N2CCCC2)n1;0.21116394791605234;0.24093427138612408;-0.16957679805484424;1.6258289027286723;-1.5751643097199564;-0.9731903819644286;1.6103478937742153;1.22725281840656;-0.24710536429033883;-0.030729254193150108;-0.48521256726432327;-0.4361122207682917;-0.15220388682955227;-0.40599897147057507;-0.18749999999999997;1.0
Cc1nc(-c2cc(NC(=O)C(NC(=O)c3ccco3)C(C)C)c(C)s2)no1;0.9063128811947264;-2.9554862431519475;-0.16957679805484424;-0.3851146642402806;0.6835602399553516;-1.5424960137979244;-0.6209838283181613;-0.49920768260333204;-0.24710536429033883;-0.030729254193150108;2.060952389667274;1.050315284101127;-0.15220388682955227;-0.40599897147057507;-0.18749999999999997;0.0
Cc1nc(-c2cc(NC(=O)C3CC(=O)N(c4ccccc4)C3)c(C)s2)no1;-0.5069950751905897;0.7877477248273896;-0.16957679805484424;1.6258289027286723;0.6835602399553516;-1.5424960137979244;-0.6209838283181613;-0.49920768260333204;-0.24710536429033883;-0.030729254193150108;-0.48521256726432327;-0.4361122207682917;-0.15220388682955227;-0.40599897147057507;-0.18749999999999997;0.0
Cc1nc(-c2cc(NC(=O)CCC3CCCC3)c(C)s2)no1;-0.29071046421457947;-0.09157184240666748;-0.16957679805484424;-0.3851146642402806;-0.4458020348823024;-1.5424960137979244;-0.6209838283181613;-0.49920768260333204;-0.24710536429033883;-0.030729254193150108;-0.48521256726432327;-0.4361122207682917;-0.15220388682955227;-0.40599897147057507;-0.18749999999999997;1.0
Cc1nc(-c2cc(NC(=O)CNC(=O)c3ccco3)c(C)s2)no1;0.15939124580318756;-0.04621426796159698;-0.16957679805484424;-0.3851146642402806;0.6835602399553516;-1.5424960137979244;-0.6209838283181613;-0.49920768260333204;-0.24710536429033883;-0.030729254193150108;2.060952389667274;1.050315284101127;-0.15220388682955227;-0.40599897147057507;-0.18749999999999997;1.0
Cc1nc(-c2cc(NC(=O)COc3ccc(Cl)cc3)c(C)s2)no1;0.15939124580318756;-0.053876520804423234;-0.16957679805484424;-0.3851146642402806;-0.4458020348823024;-1.5424960137979244;-0.6209838283181613;-0.49920768260333204;-0.24710536429033883;-0.030729254193150108;-0.48521256726432327;-0.4361122207682917;6.5701344481423405;-0.40599897147057507;-0.18749999999999997;1.0
Cc1nc(-c2cc(NC(=O)Cc3ccc(Br)cc3)c(C)s2)no1;0.17514815514189058;-1.1079413683799098;-0.16957679805484424;-0.3851146642402806;-0.4458020348823024;-0.9731903819644286;-0.6209838283181613;-0.49920768260333204;-0.24710536429033883;-0.030729254193150108;-0.48521256726432327;-0.4361122207682917;-0.15220388682955227;-0.40599897147057507;-0.18749999999999997;0.0
Cc1nc(-c2cc(NC(=O)Cc3cccs3)c(C)s2)no1;-0.2948863116063802;-1.27179881675055;-0.16957679805484424;-0.3851146642402806;-0.4458020348823024;-1.5424960137979244;-0.6209838283181613;-0.49920768260333204;-0.24710536429033883;-0.030729254193150108;-0.48521256726432327;-0.4361122207682917;-0.15220388682955227;-0.40599897147057507;-0.18749999999999997;0.0
Cc1nc(-c2cc(NC(=O)c3ccc(Br)cc3)c(C)s2)no1;0.19233751078410677;-0.2040217516166543;-0.16957679805484424;-0.3851146642402806;-0.4458020348823024;-0.9731903819644286;-0.6209838283181613;-0.49920768260333204;-0.24710536429033883;32.54228019054596;-0.48521256726432327;-0.4361122207682917;-0.15220388682955227;-0.40599897147057507;-0.18749999999999997;1.0
Cc1nc(-c2cc(NC(=O)c3ccc(C)s3)c(C)s2)no1;0.21116394791605234;-1.171866759278092;-0.16957679805484424;-0.3851146642402806;-0.4458020348823024;-1.5424960137979244;-0.6209838283181613;-0.49920768260333204;-0.24710536429033883;-0.030729254193150108;-0.48521256726432327;-0.4361122207682917;-0.15220388682955227;-0.40599897147057507;-0.18749999999999997;0.0
Cc1nc(-c2cc(NC(=O)c3ccc(Cl)cc3)c(C)s2)no1;0.19233751078410677;-0.4508801663484131;4.3242083503985285;-0.3851146642402806;-0.4458020348823024;-0.9731903819644286;-0.6209838283181613;-0.49920768260333204;4.046856703705712;-0.030729254193150108;-0.48521256726432327;-0.4361122207682917;-0.15220388682955227;-0.40599897147057507;5.333333333333333;0.0
Cc1nc(-c2cc(NC(=O)c3sccc3C)c(C)s2)no1;0.21116394791605234;-2.748624437868426;-0.16957679805484424;-0.3851146642402806;-0.4458020348823024;-0.9731903819644286;-0.6209838283181613;-0.49920768260333204;-0.24710536429033883;-0.030729254193150108;-0.48521256726432327;-0.4361122207682917;-0.15220388682955227;-0.40599897147057507;-0.18749999999999997;1.0
Cc1nc(-c2cc(S(=O)(=O)N3CCC(C(=O)NC4CC4)CC3)c(C)s2)no1;0.013038414967022988;0.5759915638681485;-0.16957679805484424;-0.3851146642402806;-0.4458020348823024;-1.5424960137979244;-0.6209838283181613;-0.49920768260333204;-0.24710536429033883;-0.030729254193150108;-0.48521256726432327;-0.4361122207682917;6.5701344481423405;-0.40599897147057507;-0.18749999999999997;1.0
Cc1nc(-c2cc(S(=O)(=O)N3CCC(C(=O)NCc4ccccc4)CC3)c(C)s2)no1;-0.014839789414136799;-1.9173082243369346;-0.16957679805484424;-0.3851146642402806;-0.4458020348823024;-0.9731903819644286;-0.6209838283181613;-0.49920768260333204;-0.24710536429033883;-0.030729254193150108;-0.48521256726432327;-0.4361122207682917;6.5701344481423405;-0.40599897147057507;-0.18749999999999997;1.0
Cc1nc(-c2cc(S(=O)(=O)N3CCC(C(=O)Nc4ccc(F)cc4)CC3)c(C)s2)no1;0.32796845090750776;-0.2616529751391282;-0.16957679805484424;-0.3851146642402806;-0.4458020348823024;-1.5424960137979244;-0.6209838283181613;-0.49920768260333204;-0.24710536429033883;-0.030729254193150108;-0.48521256726432327;-0.4361122207682917;6.5701344481423405;-0.40599897147057507;-0.18749999999999997;0.0
Cc1nc(-c2cc(S(=O)(=O)N3CCCC(C(=O)N4CCC(C)CC4)C3)c(C)s2)no1;0.34566798823732675;-2.2978547693757734;-0.16957679805484424;-0.3851146642402806;-0.4458020348823024;-1.5424960137979244;-0.6209838283181613;-0.49920768260333204;-0.24710536429033883;-0.030729254193150108;2.060952389667274;2.536742788970546;6.5701344481423405;-0.40599897147057507;-0.18749999999999997;1.0
Cc1nc(-c2cc(S(=O)(=O)N3CCCC(C(=O)N4CCCC4)C3)c(C)s2)no1;0.005322126254384615;-2.2127090743729725;-0.16957679805484424;1.6258289027286723;-0.4458020348823024;-1.5424960137979244;-0.6209838283181613;-0.49920768260333204;-0.24710536429033883;-0.030729254193150108;2.060952389667274;2.536742788970546;6.5701344481423405;-0.40599897147057507;-0.18749999999999997;1.0
Cc1nc(-c2cc(S(=O)(=O)N3CCCC(C(=O)NC4CC4)C3)c(C)s2)no1;0.013038414967022988;-3.033471301052595;-0.16957679805484424;-0.3851146642402806;-0.4458020348823024;-1.5424960137979244;-0.6209838283181613;-0.49920768260333204;-0.24710536429033883;-0.030729254193150108;2.060952389667274;2.536742788970546;6.5701344481423405;-0.40599897147057507;-0.18749999999999997;1.0
Cc1nc(-c2cc(S(=O)(=O)N3CCCC(C(=O)NC4CCCC4)C3)c(C)s2)no1;-0.0018620046160103172;-1.7746283037743749;-0.16957679805484424;-0.3851146642402806;-0.4458020348823024;-1.5424960137979244;-0.6209838283181613;-0.49920768260333204;-0.24710536429033883;-0.030729254193150108;2.060952389667274;2.536742788970546;6.5701344481423405;-0.40599897147057507;-0.18749999999999997;1.0
Cc1nc(-c2cc(S(=O)(=O)N3CCCC(C(=O)NC4CCCCC4)C3)c(C)s2)no1;-0.008567193428373135;-2.184670732983747;-0.16957679805484424;-0.3851146642402806;-0.4458020348823024;-1.5424960137979244;-0.6209838283181613;-0.49920768260333204;-0.24710536429033883;-0.030729254193150108;2.060952389667274;2.536742788970546;6.5701344481423405;-0.40599897147057507;-0.18749999999999997;1.0
Cc1nc(-c2cc(S(=O)(=O)N3CCCC(C(=O)NC4CCCCCCC4)C3)c(C)s2)no1;-0.020720348150787975;-2.54321369368174;-0.16957679805484424;-0.3851146642402806;-0.4458020348823024;-1.5424960137979244;-0.6209838283181613;-0.49920768260333204;-0.24710536429033883;-0.030729254193150108;2.060952389667274;2.536742788970546;6.5701344481423405;-0.40599897147057507;-0.18749999999999997;1.0
Cc1nc(-c2cc(S(=O)(=O)N3CCCC(C(=O)NCCC4=CCCCC4)C3)c(C)s2)no1;-0.020720348150787975;-2.680990146504891;-0.16957679805484424;-0.3851146642402806;-0.4458020348823024;-1.5424960137979244;-0.6209838283181613;-0.49920768260333204;-0.24710536429033883;-0.030729254193150108;2.060952389667274;2.536742788970546;6.5701344481423405;-0.40599897147057507;-0.18749999999999997;1.0
Cc1nc(-c2cc(S(=O)(=O)N3CCCC(C(=O)NCCc4cccs4)C3)c(C)s2)no1;-0.014839789414136799;-3.1725303550151827;-0.16957679805484424;-0.3851146642402806;-0.4458020348823024;-1.5424960137979244;-0.6209838283181613;-0.49920768260333204;-0.24710536429033883;-0.030729254193150108;2.060952389667274;2.536742788970546;6.5701344481423405;-0.40599897147057507;-0.18749999999999997;1.0
Cc1nc(-c2cc(S(=O)(=O)N3CCCC(C(=O)NCCc4sccc4C)C3)c(C)s2)no1;0.31137513466081557;-3.069604358170541;-0.16957679805484424;-0.3851146642402806;-0.4458020348823024;-0.9731903819644286;-0.6209838283181613;-0.49920768260333204;-0.24710536429033883;-0.030729254193150108;2.060952389667274;2.536742788970546;6.5701344481423405;-0.40599897147057507;-0.18749999999999997;1.0
Cc1nc(-c2cc(S(=O)(=O)N3CCCC(C(=O)NCc4ccco4)C3)c(C)s2)no1;-0.008567193428373135;-2.237938808751892;-0.16957679805484424;-0.3851146642402806;-0.4458020348823024;-1.5424960137979244;-0.6209838283181613;-0.49920768260333204;-0.24710536429033883;-0.030729254193150108;2.060952389667274;2.536742788970546;6.5701344481423405;-0.40599897147057507;-0.18749999999999997;1.0
Cc1nc(-c2cc(S(=O)(=O)N3CCCC(C(=O)NCc4cccs4)C3)c(C)s2)no1;-0.008567193428373135;-1.4280473352281584;-0.16957679805484424;-0.3851146642402806;-0.4458020348823024;-1.5424960137979244;-0.6209838283181613;-0.49920768260333204;-0.24710536429033883;-0.030729254193150108;2.060952389667274;2.536742788970546;6.5701344481423405;-0.40599897147057507;-0.18749999999999997;0.0
Cc1nc(-c2cc(S(=O)(=O)N3CCCCCC3)cn2C)sc1C(=O)N1CCCC1;-0.0018620046160103172;0.9073564039752098;-0.16957679805484424;1.6258289027286723;-0.4458020348823024;-1.5424960137979244;-0.6209838283181613;-0.49920768260333204;-0.24710536429033883;-0.030729254193150108;-0.48521256726432327;-0.4361122207682917;6.5701344481423405;-0.40599897147057507;-0.18749999999999997;0.0
Cc1nc(-c2cc(S(=O)(=O)N3CCN(c4ccc(Cl)cc4)CC3)c(C)s2)no1;0.005322126254384615;-0.8819428665504692;-0.16957679805484424;-0.3851146642402806;-1.5751643097199564;-1.5424960137979244;-0.6209838283181613;-0.49920768260333204;-0.24710536429033883;-0.030729254193150108;-0.48521256726432327;-0.4361122207682917;6.5701344481423405;-0.40599897147057507;-0.18749999999999997;1.0
Cc1nc(-c2cc(S(=O)(=O)N3CCN(c4ccccc4F)CC3)c(C)s2)cs1;0.005322126254384615;0.43194416322838375;-0.16957679805484424;-0.3851146642402806;-1.5751643097199564;-1.5424960137979244;1.6103478937742153;0.364022567901614;-0.24710536429033883;-0.030729254193150108;-0.48521256726432327;-0.4361122207682917;-0.15220388682955227;-0.40599897147057507;-0.18749999999999997;1.0
Cc1nc(-c2cc(S(=O)(=O)NC(C)(C)C)c(C)n2C)sc1C(=O)N1CCCCC1;2.1645957369919215;-0.26319043841202366;-0.16957679805484424;-0.3851146642402806;-0.4458020348823024;-1.5424960137979244;-0.6209838283181613;-0.49920768260333204;-0.24710536429033883;-0.030729254193150108;-0.48521256726432327;-0.4361122207682917;6.5701344481423405;-0.40599897147057507;-0.18749999999999997;0.0
Cc1nc(-c2cc(S(=O)(=O)NC(C)Cc3ccco3)c(C)s2)sc1C;1.131613276580648;-1.589437676299828;-0.16957679805484424;-0.3851146642402806;-1.5751643097199564;-1.5424960137979244;-0.6209838283181613;-0.49920768260333204;-0.24710536429033883;-0.030729254193150108;2.060952389667274;2.536742788970546;6.5701344481423405;-0.40599897147057507;-0.18749999999999997;1.0
Cc1nc(-c2cc(S(=O)(=O)NC(C)Cc3ccco3)cn2C)sc1C(=O)N1CCCC1;0.32796845090752225;0.36015420961888617;-0.16957679805484424;1.6258289027286723;-0.4458020348823024;-1.5424960137979244;-0.6209838283181613;-0.49920768260333204;-0.24710536429033883;-0.030729254193150108;2.060952389667274;2.536742788970546;6.5701344481423405;-0.40599897147057507;-0.18749999999999997;0.0
Cc1nc(-c2cc(S(=O)(=O)NC3CC3)cn2C)sc1C(=O)N1CCCCC1;0.013038414967015756;-0.30625353883826684;-0.16957679805484424;-0.3851146642402806;-0.4458020348823024;-1.5424960137979244;-0.6209838283181613;-0.49920768260333204;-0.24710536429033883;-0.030729254193150108;-0.48521256726432327;-0.4361122207682917;6.5701344481423405;-0.40599897147057507;-0.18749999999999997;0.0
Cc1nc(-c2cc(S(=O)(=O)NCC(=O)N3CCCCCC3)c(C)s2)no1;0.6715484152137718;-1.39250910005319;-0.16957679805484424;-0.3851146642402806;-0.4458020348823024;-1.5424960137979244;-0.6209838283181613;-0.49920768260333204;-0.24710536429033883;-0.030729254193150108;-0.48521256726432327;-0.4361122207682917;6.5701344481423405;-0.40599897147057507;-0.18749999999999997;0.0
Cc1nc(-c2cc(S(=O)(=O)NCC(=O)NC3CCCC3)c(C)s2)no1;0.7065310585817979;-1.6743577432316117;-0.16957679805484424;-0.3851146642402806;-0.4458020348823024;-1.5424960137979244;-0.6209838283181613;-0.49920768260333204;-0.24710536429033883;-0.030729254193150108;-0.48521256726432327;-0.4361122207682917;6.5701344481423405;-0.40599897147057507;-0.18749999999999997;0.0
Cc1nc(-c2cc(S(=O)(=O)NCC(=O)NCc3ccco3)c(C)s2)no1;0.6715484152137718;-0.8397568048728878;-0.16957679805484424;-0.3851146642402806;-0.4458020348823024;-1.5424960137979244;-0.6209838283181613;-0.49920768260333204;-0.24710536429033883;-0.030729254193150108;-0.48521256726432327;-0.4361122207682917;6.5701344481423405;-0.40599897147057507;-0.18749999999999997;0.0
Cc1nc(-c2cc(S(=O)(=O)NCC(=O)NCc3cccs3)c(C)s2)no1;0.6715484152137718;-1.1234626200287376;-0.16957679805484424;-0.3851146642402806;-0.4458020348823024;-1.5424960137979244;-0.6209838283181613;-0.49920768260333204;-0.24710536429033883;-0.030729254193150108;-0.48521256726432327;-0.4361122207682917;6.5701344481423405;-0.40599897147057507;-0.18749999999999997;0.0
Cc1nc(-c2cc(S(=O)(=O)NCC(=O)Nc3ccccc3)c(C)s2)no1;0.6715484152137718;-0.9425452384589179;-0.16957679805484424;-0.3851146642402806;-0.4458020348823024;-1.5424960137979244;-0.6209838283181613;-0.49920768260333204;-0.24710536429033883;-0.030729254193150108;-0.48521256726432327;-0.4361122207682917;6.5701344481423405;-0.40599897147057507;-0.18749999999999997;0.0
Cc1nc(-c2cc(S(=O)(=O)NCCC(C)C)c(C)s2)sc1C;2.5650747406322445;-3.5059566986459565;-0.16957679805484424;-0.3851146642402806;-1.5751643097199564;-1.5424960137979244;-0.6209838283181613;-0.49920768260333204;-0.24710536429033883;-0.030729254193150108;-0.48521256726432327;-0.4361122207682917;6.5701344481423405;-0.40599897147057507;-0.18749999999999997;1.0
Cc1nc(-c2cc(S(=O)(=O)NCCCN3CCCC(C)C3)c(C)s2)sc1C;1.0327517250571276;-2.5165317663410796;-0.16957679805484424;-0.3851146642402806;-1.5751643097199564;-1.5424960137979244;-0.6209838283181613;-0.49920768260333204;-0.24710536429033883;-0.030729254193150108;-0.48521256726432327;-0.4361122207682917;6.5701344481423405;-0.40599897147057507;-0.18749999999999997;1.0
Cc1nc(-c2cc(S(=O)(=O)NCCCN3CCCCCC3)c(C)s2)sc1C;0.6391570787619014;-2.8610465906201625;-0.16957679805484424;-0.3851146642402806;-1.5751643097199564;-1.5424960137979244;-0.6209838283181613;-0.49920768260333204;-0.24710536429033883;-0.030729254193150108;-0.48521256726432327;-0.4361122207682917;6.5701344481423405;-0.40599897147057507;-0.18749999999999997;1.0
Cc1nc(-c2cc(S(=O)(=O)NCCc3cccs3)cn2C)sc1C(=O)N1CCCC1;-0.008567193428365903;0.5242686973136569;-0.16957679805484424;1.6258289027286723;-0.4458020348823024;-1.5424960137979244;-0.6209838283181613;-0.49920768260333204;-0.24710536429033883;-0.030729254193150108;-0.48521256726432327;-0.4361122207682917;6.5701344481423405;-0.40599897147057507;-0.18749999999999997;0.0
Cc1nc(-c2cc(S(=O)(=O)NCc3ccc(Cl)cc3)c(C)s2)no1;0.7444289222304911;-2.250951923529807;-0.16957679805484424;-0.3851146642402806;-1.5751643097199564;-0.9731903819644286;-0.6209838283181613;-0.49920768260333204;4.046856703705712;-0.030729254193150108;-0.48521256726432327;-0.4361122207682917;6.5701344481423405;-0.40599897147057507;-0.18749999999999997;1.0
Cc1nc(-c2cc(S(=O)(=O)NCc3ccc(F)cc3)c(C)s2)no1;0.7444289222304911;-1.9129412206234262;-0.16957679805484424;-0.3851146642402806;-1.5751643097199564;-0.9731903819644286;1.6103478937742153;0.364022567901614;-0.24710536429033883;-0.030729254193150108;-0.48521256726432327;-0.4361122207682917;6.5701344481423405;-0.40599897147057507;-0.18749999999999997;1.0
Cc1nc(-c2cc(S(=O)(=O)NCc3ccc(F)cc3)c(C)s2)sc1C;1.131613276580648;-3.9378249684258853;-0.16957679805484424;-0.3851146642402806;-1.5751643097199564;-0.9731903819644286;1.6103478937742153;0.364022567901614;-0.24710536429033883;-0.030729254193150108;-0.48521256726432327;-0.4361122207682917;6.5701344481423405;-0.40599897147057507;-0.18749999999999997;1.0
Cc1nc(-c2cc(S(=O)(=O)NCc3ccco3)cn2C)sc1C(=O)N1CCCC1;-0.0018620046160103172;0.4171914799073655;-0.16957679805484424;1.6258289027286723;-0.4458020348823024;-1.5424960137979244;-0.6209838283181613;-0.49920768260333204;-0.24710536429033883;-0.030729254193150108;-0.48521256726432327;-0.4361122207682917;6.5701344481423405;-0.40599897147057507;-0.18749999999999997;0.0
Cc1nc(-c2cc(S(=O)(=O)Nc3ccc(Br)c(C)c3)c(C)s2)no1;1.1872228993126195;-1.244243538011326;-0.16957679805484424;-0.3851146642402806;-0.46286595987428214;-0.9731903819644286;-0.6209838283181613;-0.49920768260333204;-0.24710536429033883;-0.030729254193150108;-0.48521256726432327;-0.4361122207682917;6.5701344481423405;-0.40599897147057507;-0.18749999999999997;1.0
Cc1nc(-c2cc(S(=O)(=O)Nc3ccc(F)c(Cl)c3)c(C)s2)no1;1.1872228993126195;-1.1153317151829822;8.817993498851902;-0.3851146642402806;-0.46286595987428214;-1.5424960137979244;-0.6209838283181613;-0.49920768260333204;-0.24710536429033883;-0.030729254193150108;-0.48521256726432327;-0.4361122207682917;6.5701344481423405;-0.40599897147057507;5.333333333333333;1.0
Cc1nc(-c2cc(S(=O)(=O)Nc3ccc(F)cc3Cl)c(C)s2)no1;1.1872228993126195;-2.626262490234134;-0.16957679805484424;-0.3851146642402806;-0.46286595987428214;-1.5424960137979244;-0.6209838283181613;-0.49920768260333204;-0.24710536429033883;-0.030729254193150108;-0.48521256726432327;-0.4361122207682917;6.5701344481423405;-0.40599897147057507;-0.18749999999999997;1.0
Cc1nc(-c2cc(S(=O)(=O)Nc3cccc(Br)c3)c(C)s2)no1;0.7856222522834303;-0.6455448148646648;-0.16957679805484424;-0.3851146642402806;-0.46286595987428214;-1.5424960137979244;-0.6209838283181613;-0.49920768260333204;-0.24710536429033883;-0.030729254193150108;-0.48521256726432327;-0.4361122207682917;6.5701344481423405;-0.40599897147057507;-0.18749999999999997;1.0
Cc1nc(-c2cc(S(=O)(=O)Nc3cccc(Cl)c3)c(C)s2)no1;0.7856222522834303;-1.0905342560209554;8.817993498851902;-0.3851146642402806;-0.46286595987428214;-1.5424960137979244;-0.6209838283181613;-0.49920768260333204;-0.24710536429033883;-0.030729254193150108;-0.48521256726432327;-0.4361122207682917;6.5701344481423405;-0.40599897147057507;5.333333333333333;1.0
Cc1nc(-c2cc(S(=O)(=O)Nc3cccc4c3CCCC4)c(C)s2)no1;-0.3873846375721043;-2.404145889481013;-0.16957679805484424;-0.3851146642402806;-0.46286595987428214;-0.4038847501309328;-0.6209838283181613;-0.49920768260333204;-0.24710536429033883;-0.030729254193150108;-0.48521256726432327;-0.4361122207682917;6.5701344481423405;-0.40599897147057507;-0.18749999999999997;1.0
Cc1nc(-c2cc(S(=O)(=O)Nc3ccccc3)cn2C)sc1C(=O)N1CCCC1;-0.0018620046160103172;0.8267889392988121;-0.16957679805484424;1.6258289027286723;0.6664963149633719;-1.5424960137979244;-0.6209838283181613;-0.49920768260333204;-0.24710536429033883;-0.030729254193150108;-0.48521256726432327;-0.4361122207682917;6.5701344481423405;-0.40599897147057507;-0.18749999999999997;0.0
Cc1nc(-c2cc3cccc(C)c3nc2N2CCN(c3ccccc3F)CC2)no1;-1.3943393136513027;-0.7205023644547389;-0.16957679805484424;-0.3851146642402806;-1.5751643097199564;0.16542088170256303;1.6103478937742153;0.364022567901614;-0.24710536429033883;-0.030729254193150108;-0.48521256726432327;-0.4361122207682917;-0.15220388682955227;-0.40599897147057507;-0.18749999999999997;1.0
Cc1nc(-c2cc3cccc(C)c3nc2NCCc2ccccn2)no1;-1.336152317734658;-0.024445485136524146;-0.16957679805484424;-0.3851146642402806;-0.40117877074897995;0.16542088170256303;-0.6209838283181613;-0.49920768260333204;-0.24710536429033883;-0.030729254193150108;-0.48521256726432327;-0.4361122207682917;-0.15220388682955227;-0.40599897147057507;-0.18749999999999997;1.0
Cc1nc(-c2cc3cccc(C)c3nc2NCc2cccc(Br)c2)no1;-0.9274194158126922;1.327538043045263;-0.16957679805484424;-0.3851146642402806;-1.5751643097199564;0.7347265135360589;-0.6209838283181613;-0.49920768260333204;-0.24710536429033883;-0.030729254193150108;-0.48521256726432327;-0.4361122207682917;-0.15220388682955227;-0.40599897147057507;-0.18749999999999997;1.0
Cc1nc(-c2cc3cccc(C)c3nc2NCc2ccccc2C)no1;-0.9274194158126922;-0.35622742091571474;-0.16957679805484424;-0.3851146642402806;-1.5751643097199564;1.3040321453695547;-0.6209838283181613;-0.49920768260333204;-0.24710536429033883;-0.030729254193150108;-0.48521256726432327;-0.4361122207682917;-0.15220388682955227;-0.40599897147057507;-0.18749999999999997;1.0
Cc1nc(-c2cc3ccccc3nc2N2CCCCC2)no1;-2.025224774323838;-1.4378242742439515;-0.16957679805484424;-0.3851146642402806;-1.5751643097199564;-0.4038847501309328;-0.6209838283181613;-0.49920768260333204;-0.24710536429033883;-0.030729254193150108;-0.48521256726432327;-0.4361122207682917;-0.15220388682955227;-0.40599897147057507;-0.18749999999999997;1.0
Cc1nc(-c2cc3ccccc3nc2N2CCN(C(=O)c3cccs3)CC2)no1;-1.801869558293911;-0.10488969003870117;-0.16957679805484424;-0.3851146642402806;-0.4458020348823024;-0.4038847501309328;-0.6209838283181613;-0.49920768260333204;-0.24710536429033883;-0.030729254193150108;-0.48521256726432327;-0.4361122207682917;-0.15220388682955227;-0.40599897147057507;-0.18749999999999997;1.0
Cc1nc(-c2cc3ccccc3nc2N2CCN(c3ccccc3)CC2)no1;-2.2385091061252735;-0.5879255137835984;-0.16957679805484424;-0.3851146642402806;-1.5751643097199564;-0.4038847501309328;-0.6209838283181613;-0.49920768260333204;-0.24710536429033883;-0.030729254193150108;-0.48521256726432327;-0.4361122207682917;-0.15220388682955227;-0.40599897147057507;-0.18749999999999997;1.0
Cc1nc(-c2ccc(-c3noc(Cc4ccc(F)cc4)n3)cc2)cs1;-1.3814777036845647;0.2847567677067542;-0.16957679805484424;-0.3851146642402806;-1.5751643097199564;0.16542088170256303;-0.6209838283181613;-0.49920768260333204;-0.24710536429033883;-0.030729254193150108;-0.48521256726432327;-0.4361122207682917;-0.15220388682955227;-0.40599897147057507;-0.18749999999999997;0.0
Cc1nc(-c2ccc(-n3cc(C(=O)NCCc4ccccc4)c(C)n3)cc2)no1;-0.8524813040721054;0.6574207966905563;-0.16957679805484424;-0.3851146642402806;-0.4458020348823024;0.16542088170256303;-0.6209838283181613;-0.49920768260333204;-0.24710536429033883;-0.030729254193150108;-0.48521256726432327;-0.4361122207682917;-0.15220388682955227;-0.40599897147057507;-0.18749999999999997;0.0
Cc1nc(-c2ccc(-n3cc(C(=O)Nc4c(C)cccc4C)c(C)n3)cc2)no1;-0.11958092821202922;0.36701188799649404;-0.16957679805484424;-0.3851146642402806;-0.4458020348823024;0.7347265135360589;-0.6209838283181613;-0.49920768260333204;-0.24710536429033883;-0.030729254193150108;-0.48521256726432327;-0.4361122207682917;-0.15220388682955227;-0.40599897147057507;-0.18749999999999997;1.0
Cc1nc(-c2ccc(-n3cc(C(=O)Nc4ccc(F)cc4Cl)c(C)n3)cc2)no1;-0.11958092821202922;0.5453536904631232;-0.16957679805484424;-0.3851146642402806;-0.4458020348823024;-0.4038847501309328;-0.6209838283181613;-0.49920768260333204;-0.24710536429033883;-0.030729254193150108;-0.48521256726432327;-0.4361122207682917;-0.15220388682955227;-0.40599897147057507;-0.18749999999999997;1.0
Cc1nc(-c2ccc(C(=O)N(C)Cc3ccccc3)cc2)cs1;-0.2868977339872869;-0.11193094389745446;-0.16957679805484424;-0.3851146642402806;-0.4458020348823024;0.16542088170256303;-0.6209838283181613;-0.49920768260333204;-0.24710536429033883;-0.030729254193150108;-0.48521256726432327;-0.4361122207682917;-0.15220388682955227;-0.40599897147057507;-0.18749999999999997;1.0
Cc1nc(-c2ccc(C(=O)N(Cc3ccco3)C3CCCC3)cc2)no1;-1.336152317734658;-0.11420296810119775;-0.16957679805484424;-0.3851146642402806;-0.4458020348823024;-0.4038847501309328;-0.6209838283181613;-0.49920768260333204;-0.24710536429033883;-0.030729254193150108;-0.48521256726432327;-0.4361122207682917;-0.15220388682955227;-0.40599897147057507;-0.18749999999999997;1.0
Cc1nc(-c2ccc(C(=O)N3CCC(C(=O)NC4CCCCCC4)CC3)cc2)no1;-0.8308325162359331;0.2788744171834689;-0.16957679805484424;-0.3851146642402806;0.6835602399553516;-0.4038847501309328;-0.6209838283181613;-0.49920768260333204;-0.24710536429033883;-0.030729254193150108;-0.48521256726432327;-0.4361122207682917;-0.15220388682955227;-0.40599897147057507;-0.18749999999999997;0.0
Cc1nc(-c2ccc(C(=O)N3CCC(C(=O)NCc4ccccc4)CC3)cc2)no1;-0.8308325162359331;-0.6320180508868475;-0.16957679805484424;-0.3851146642402806;0.6835602399553516;0.16542088170256303;-0.6209838283181613;-0.49920768260333204;-0.24710536429033883;-0.030729254193150108;-0.48521256726432327;-0.4361122207682917;-0.15220388682955227;-0.40599897147057507;-0.18749999999999997;0.0
Cc1nc(-c2ccc(C(=O)N3CCC(C(=O)Nc4ccc(Cl)cc4F)CC3)cc2)no1;-0.12496394374588732;0.8009700229379052;-0.16957679805484424;-0.3851146642402806;0.6835602399553516;-0.4038847501309328;-0.6209838283181613;-0.49920768260333204;-0.24710536429033883;-0.030729254193150108;-0.48521256726432327;-0.4361122207682917;-0.15220388682955227;-0.40599897147057507;-0.18749999999999997;1.0
Cc1nc(-c2ccc(C(=O)N3CCC(C(=O)Nc4ccc(F)c(Cl)c4)CC3)cc2)no1;-0.12496394374589455;0.010290577697113614;4.3242083503985285;-0.3851146642402806;0.6835602399553516;-0.4038847501309328;-0.6209838283181613;-0.49920768260333204;-0.24710536429033883;-0.030729254193150108;-0.48521256726432327;-0.4361122207682917;-0.15220388682955227;-0.40599897147057507;5.333333333333333;0.0
Cc1nc(-c2ccc(C(=O)N3CCC(C(=O)Nc4ccccc4)CC3)cc2)no1;-0.8524813040721054;0.3425063797715854;-0.16957679805484424;-0.3851146642402806;0.6835602399553516;-0.4038847501309328;-0.6209838283181613;-0.49920768260333204;-0.24710536429033883;-0.030729254193150108;-0.48521256726432327;-0.4361122207682917;-0.15220388682955227;-0.40599897147057507;-0.18749999999999997;0.0
Cc1nc(-c2ccc(C(=O)N3CCCC3C(=O)NCc3ccccc3Cl)cc2)no1;-0.4765973345702188;0.18484631914561286;4.3242083503985285;1.6258289027286723;0.6835602399553516;0.16542088170256303;-0.6209838283181613;-0.49920768260333204;-0.24710536429033883;-0.030729254193150108;-0.48521256726432327;-0.4361122207682917;-0.15220388682955227;-0.40599897147057507;5.333333333333333;0.0
Cc1nc(-c2ccc(C(=O)N3CCN(c4ccc(Cl)cc4)CC3)cc2)no1;-0.9005897214858158;0.0711922962894093;-0.16957679805484424;-0.3851146642402806;-0.4458020348823024;-0.4038847501309328;-0.6209838283181613;-0.49920768260333204;-0.24710536429033883;-0.030729254193150108;-0.48521256726432327;-0.4361122207682917;-0.15220388682955227;-0.40599897147057507;-0.18749999999999997;1.0
Cc1nc(-c2ccc(C(=O)N3CCN(c4cccc(C(F)(F)F)c4)CC3)cc2)no1;-0.008567193428380367;2.145697810881252;-0.16957679805484424;-0.3851146642402806;-0.4458020348823024;0.16542088170256303;-0.6209838283181613;-0.49920768260333204;-0.24710536429033883;-0.030729254193150108;-0.48521256726432327;-0.4361122207682917;-0.15220388682955227;-0.40599897147057507;-0.18749999999999997;1.0
Cc1nc(-c2ccc(C(=O)N3CCN(c4cccc(Cl)c4)CC3)cc2)no1;-0.9005897214858158;1.2945750103027251;-0.16957679805484424;-0.3851146642402806;-0.4458020348823024;-0.4038847501309328;-0.6209838283181613;-0.49920768260333204;-0.24710536429033883;-0.030729254193150108;-0.48521256726432327;-0.4361122207682917;-0.15220388682955227;-0.40599897147057507;-0.18749999999999997;0.0
Cc1nc(-c2ccc(C(=O)N3CCc4ccccc43)cc2)no1;-1.4839524893104412;0.35274436509458074;-0.16957679805484424;1.6258289027286723;-0.4458020348823024;0.16542088170256303;-0.6209838283181613;-0.49920768260333204;-0.24710536429033883;-0.030729254193150108;-0.48521256726432327;-0.4361122207682917;-0.15220388682955227;-0.40599897147057507;-0.18749999999999997;0.0
Cc1nc(-c2ccc(C(=O)NC(C)C)c(F)c2)no1;1.7038282956128101;0.6890288774695749;-0.16957679805484424;-0.3851146642402806;-0.4458020348823024;-0.4038847501309328;-0.6209838283181613;-0.49920768260333204;-0.24710536429033883;-0.030729254193150108;-0.48521256726432327;-0.4361122207682917;-0.15220388682955227;2.463060426921489;-0.18749999999999997;0.0
Cc1nc(-c2ccc(C(=O)NC3CCCCC3)cc2)no1;-0.8009365711288127;0.054692154077275165;-0.16957679805484424;-0.3851146642402806;-0.4458020348823024;-0.4038847501309328;-0.6209838283181613;-0.49920768260333204;-0.24710536429033883;-0.030729254193150108;-0.48521256726432327;-0.4361122207682917;-0.15220388682955227;-0.40599897147057507;-0.18749999999999997;0.0
Cc1nc(-c2ccc(C(=O)NCCC(=O)NCc3ccco3)cc2)no1;-0.27721926494878907;0.19378370667434336;-0.16957679805484424;-0.3851146642402806;0.6835602399553516;-0.4038847501309328;-0.6209838283181613;-0.49920768260333204;-0.24710536429033883;-0.030729254193150108;2.060952389667274;1.050315284101127;-0.15220388682955227;-0.40599897147057507;-0.18749999999999997;1.0
Cc1nc(-c2ccc(C(=O)NCCC(=O)Nc3ccc(C(C)C)cc3)cc2)no1;0.4633571380797457;0.37368253907415483;-0.16957679805484424;-0.3851146642402806;0.6835602399553516;0.16542088170256303;-0.6209838283181613;-0.49920768260333204;-0.24710536429033883;-0.030729254193150108;2.060952389667274;1.050315284101127;-0.15220388682955227;-0.40599897147057507;-0.18749999999999997;0.0
Cc1nc(-c2ccc(C(=O)NCCC(=O)Nc3ccc(F)cc3C)cc2)no1;0.48715623833212546;1.0061910127978178;-0.16957679805484424;-0.3851146642402806;0.6835602399553516;0.16542088170256303;-0.6209838283181613;-0.49920768260333204;-0.24710536429033883;-0.030729254193150108;2.060952389667274;1.050315284101127;-0.15220388682955227;-0.40599897147057507;-0.18749999999999997;0.0
Cc1nc(-c2ccc(C(=O)NCc3ccccc3Cl)cc2)cs1;-0.2868977339872869;-0.35421529129825086;4.3242083503985285;-0.3851146642402806;-0.4458020348823024;0.16542088170256303;-0.6209838283181613;-0.49920768260333204;-0.24710536429033883;-0.030729254193150108;-0.48521256726432327;-0.4361122207682917;-0.15220388682955227;-0.40599897147057507;5.333333333333333;1.0
Cc1nc(-c2ccc(C(=O)Nc3ccc(C(C)C)cc3)cc2)no1;0.15939124580318756;0.6299579941357325;-0.16957679805484424;-0.3851146642402806;-0.4458020348823024;0.16542088170256303;-0.6209838283181613;-0.49920768260333204;-0.24710536429033883;-0.030729254193150108;-0.48521256726432327;-0.4361122207682917;-0.15220388682955227;-0.40599897147057507;-0.18749999999999997;1.0
Cc1nc(-c2ccc(C(=O)Nc3ccc(C)c(F)c3)cc2)cs1;0.17514815514189058;0.5320451308666314;-0.16957679805484424;-0.3851146642402806;-0.4458020348823024;0.16542088170256303;-0.6209838283181613;-0.49920768260333204;-0.24710536429033883;-0.030729254193150108;-0.48521256726432327;-0.4361122207682917;-0.15220388682955227;2.463060426921489;-0.18749999999999997;1.0
Cc1nc(-c2ccc(C(=O)Nc3ccc(Cl)cc3)cc2)no1;-0.29071046421457947;0.9731581732968039;-0.16957679805484424;-0.3851146642402806;-0.4458020348823024;-0.4038847501309328;-0.6209838283181613;-0.49920768260333204;-0.24710536429033883;-0.030729254193150108;-0.48521256726432327;-0.4361122207682917;-0.15220388682955227;-0.40599897147057507;-0.18749999999999997;1.0
Cc1nc(-c2ccc(C(=O)Nc3ccc(F)cc3)cc2)no1;-0.29071046421457947;0.36203213040645865;-0.16957679805484424;-0.3851146642402806;-0.4458020348823024;-0.4038847501309328;-0.6209838283181613;-0.49920768260333204;-0.24710536429033883;-0.030729254193150108;-0.48521256726432327;-0.4361122207682917;-0.15220388682955227;-0.40599897147057507;-0.18749999999999997;0.0
Cc1nc(-c2ccc(C(=O)Nc3ccc(F)cc3C)cc2)cs1;0.17514815514189058;0.13862377923148678;-0.16957679805484424;-0.3851146642402806;-0.4458020348823024;0.16542088170256303;-0.6209838283181613;-0.49920768260333204;-0.24710536429033883;-0.030729254193150108;-0.48521256726432327;-0.4361122207682917;-0.15220388682955227;-0.40599897147057507;-0.18749999999999997;1.0
Cc1nc(-c2ccc(C(F)(F)F)cc2)ncc1C(=O)NCCC(C)C;2.232903651477947;-1.1509342397154787;-0.16957679805484424;-0.3851146642402806;-0.4458020348823024;0.16542088170256303;-0.6209838283181613;-0.49920768260333204;-0.24710536429033883;-0.030729254193150108;-0.48521256726432327;-0.4361122207682917;-0.15220388682955227;-0.40599897147057507;-0.18749999999999997;0.0
Cc1nc(-c2ccc(C)c(S(=O)(=O)N3CCC(C(=O)N4CCCCCC4)CC3)c2)no1;-0.014839789414144032;-0.177373294904112;-0.16957679805484424;-0.3851146642402806;-0.4458020348823024;-0.4038847501309328;-0.6209838283181613;-0.49920768260333204;-0.24710536429033883;-0.030729254193150108;-0.48521256726432327;-0.4361122207682917;6.5701344481423405;-0.40599897147057507;-0.18749999999999997;1.0
Cc1nc(-c2ccc(C)c(S(=O)(=O)N3CCC(C(=O)NC4CCCC4)CC3)c2)no1;-0.008567193428380367;0.5990431813135464;-0.16957679805484424;-0.3851146642402806;-0.4458020348823024;-0.4038847501309328;-0.6209838283181613;-0.49920768260333204;-0.24710536429033883;-0.030729254193150108;-0.48521256726432327;-0.4361122207682917;6.5701344481423405;-0.40599897147057507;-0.18749999999999997;1.0
Cc1nc(-c2ccc(C)c(S(=O)(=O)N3CCC(C(=O)NC4CCCCC4)CC3)c2)no1;-0.014839789414144032;0.2634318484696335;-0.16957679805484424;-0.3851146642402806;-0.4458020348823024;-0.4038847501309328;-0.6209838283181613;-0.49920768260333204;-0.24710536429033883;-0.030729254193150108;-0.48521256726432327;-0.4361122207682917;6.5701344481423405;-0.40599897147057507;-0.18749999999999997;0.0
Cc1nc(-c2ccc(C)c(S(=O)(=O)N3CCC(C(=O)NCc4ccc(F)cc4)CC3)c2)no1;0.29578747394420646;-1.3905567146377131;-0.16957679805484424;-0.3851146642402806;-0.4458020348823024;0.16542088170256303;1.6103478937742153;0.364022567901614;-0.24710536429033883;-0.030729254193150108;-0.48521256726432327;-0.4361122207682917;6.5701344481423405;-0.40599897147057507;-0.18749999999999997;1.0
Cc1nc(-c2ccc(C)c(S(=O)(=O)N3CCCC(C(=O)NCc4ccccc4)C3)c2)no1;-0.020720348150795206;-0.5479477313093785;-0.16957679805484424;-0.3851146642402806;-0.4458020348823024;0.16542088170256303;-0.6209838283181613;-0.49920768260333204;-0.24710536429033883;-0.030729254193150108;2.060952389667274;2.536742788970546;6.5701344481423405;-0.40599897147057507;-0.18749999999999997;0.0
Cc1nc(-c2ccc(C)c(S(=O)(=O)N3CCCC(C(=O)NCc4cccs4)C3)c2)no1;-0.014839789414144032;-0.24194235592437657;-0.16957679805484424;-0.3851146642402806;-0.4458020348823024;-0.4038847501309328;-0.6209838283181613;-0.49920768260333204;-0.24710536429033883;-0.030729254193150108;2.060952389667274;2.536742788970546;6.5701344481423405;-0.40599897147057507;-0.18749999999999997;0.0
Cc1nc(-c2ccc(C)c(S(=O)(=O)N3CCCC3)c2)no1;0.37372817573912503;-0.1513051746638489;-0.16957679805484424;1.6258289027286723;-1.5751643097199564;-0.4038847501309328;-0.6209838283181613;-0.49920768260333204;-0.24710536429033883;-0.030729254193150108;-0.48521256726432327;-0.4361122207682917;6.5701344481423405;-0.40599897147057507;-0.18749999999999997;1.0
Cc1nc(-c2ccc(C)c(S(=O)(=O)N3CCCCC3C)c2)no1;0.7856222522834303;-0.551505818201231;-0.16957679805484424;-0.3851146642402806;-1.5751643097199564;-0.4038847501309328;-0.6209838283181613;-0.49920768260333204;-0.24710536429033883;-0.030729254193150108;-0.48521256726432327;-0.4361122207682917;6.5701344481423405;-0.40599897147057507;-0.18749999999999997;1.0
Cc1nc(-c2ccc(C)c(S(=O)(=O)N3CCCCCC3)c2)cs1;0.3235763631542528;-1.33421671175246;-0.16957679805484424;-0.3851146642402806;-1.5751643097199564;-0.4038847501309328;-0.6209838283181613;-0.49920768260333204;-0.24710536429033883;-0.030729254193150108;-0.48521256726432327;-0.4361122207682917;-0.15220388682955227;-0.40599897147057507;-0.18749999999999997;1.0
Cc1nc(-c2ccc(C)c(S(=O)(=O)N3CCN(C4CCCCC4)CC3)c2)no1;-0.374215568387447;-0.029423756605185338;-0.16957679805484424;-0.3851146642402806;-0.4209813327860232;-0.4038847501309328;-0.6209838283181613;-0.49920768260333204;-0.24710536429033883;-0.030729254193150108;-0.48521256726432327;-0.4361122207682917;6.5701344481423405;-0.40599897147057507;-0.18749999999999997;1.0
Cc1nc(-c2ccc(C)c(S(=O)(=O)N3CCN(c4ccccc4F)CC3)c2)cs1;-0.0018620046160103172;0.21051153708628334;-0.16957679805484424;-0.3851146642402806;-1.5751643097199564;-0.4038847501309328;1.6103478937742153;0.364022567901614;-0.24710536429033883;-0.030729254193150108;-0.48521256726432327;-0.4361122207682917;-0.15220388682955227;-0.40599897147057507;-0.18749999999999997;1.0
Cc1nc(-c2ccc(C)c(S(=O)(=O)NC(C)C(=O)Nc3ccc(C)c(F)c3)c2)no1;1.617645148984125;-0.15372759398372227;-0.16957679805484424;-0.3851146642402806;-0.4458020348823024;0.16542088170256303;-0.6209838283181613;-0.49920768260333204;-0.24710536429033883;-0.030729254193150108;-0.48521256726432327;-0.4361122207682917;6.5701344481423405;2.463060426921489;-0.18749999999999997;0.0
Cc1nc(-c2ccc(C)c(S(=O)(=O)NC3CCCC3)c2)no1;0.34751245552430693;-1.4114499574707566;-0.16957679805484424;-0.3851146642402806;-1.5751643097199564;-0.4038847501309328;-0.6209838283181613;-0.49920768260333204;-0.24710536429033883;-0.030729254193150108;-0.48521256726432327;-0.4361122207682917;6.5701344481423405;-0.40599897147057507;-0.18749999999999997;1.0
Cc1nc(-c2ccc(C)c(S(=O)(=O)NC3CCN(Cc4ccccc4)CC3)c2)cs1;-0.36280237509408747;-0.9192479310678765;-0.16957679805484424;-0.3851146642402806;-0.4209813327860232;0.16542088170256303;-0.6209838283181613;-0.49920768260333204;-0.24710536429033883;-0.030729254193150108;-0.48521256726432327;-0.4361122207682917;-0.15220388682955227;-0.40599897147057507;-0.18749999999999997;1.0
Cc1nc(-c2ccc(C)c(S(=O)(=O)NCC(=O)Nc3ccc(C)c(C)c3)c2)no1;1.313976437535848;0.11915178056792104;-0.16957679805484424;-0.3851146642402806;-0.4458020348823024;0.7347265135360589;-0.6209838283181613;-0.49920768260333204;-0.24710536429033883;-0.030729254193150108;-0.48521256726432327;-0.4361122207682917;6.5701344481423405;-0.40599897147057507;-0.18749999999999997;0.0
Cc1nc(-c2ccc(C)c(S(=O)(=O)NCCC(C)C)c2)cs1;2.0820267656335583;-2.1838723105468043;-0.16957679805484424;-0.3851146642402806;-1.5751643097199564;-0.4038847501309328;-0.6209838283181613;-0.49920768260333204;-0.24710536429033883;-0.030729254193150108;-0.48521256726432327;-0.4361122207682917;-0.15220388682955227;-0.40599897147057507;-0.18749999999999997;1.0
Cc1nc(-c2ccc(C)c(S(=O)(=O)NCCC3=CCCCC3)c2)no1;0.28144884058294795;-0.7203730235322643;-0.16957679805484424;-0.3851146642402806;-1.5751643097199564;-0.4038847501309328;-0.6209838283181613;-0.49920768260333204;-0.24710536429033883;-0.030729254193150108;-0.48521256726432327;-0.4361122207682917;6.5701344481423405;-0.40599897147057507;-0.18749999999999997;1.0
Cc1nc(-c2ccc(C)c(S(=O)(=O)NCCCc3ccccc3)c2)cs1;0.26281551329179875;-1.2897346184910574;-0.16957679805484424;-0.3851146642402806;-1.5751643097199564;0.16542088170256303;-0.6209838283181613;-0.49920768260333204;-0.24710536429033883;-0.030729254193150108;-0.48521256726432327;-0.4361122207682917;-0.15220388682955227;-0.40599897147057507;-0.18749999999999997;1.0
Cc1nc(-c2ccc(C)c(S(=O)(=O)NCCc3sccc3C)c2)cs1;0.7065310585817979;-0.1051155590789578;-0.16957679805484424;-0.3851146642402806;-1.5751643097199564;0.16542088170256303;-0.6209838283181613;-0.49920768260333204;-0.24710536429033883;-0.030729254193150108;-0.48521256726432327;-0.4361122207682917;6.5701344481423405;-0.40599897147057507;-0.18749999999999997;1.0
Cc1nc(-c2ccc(C)c(S(=O)(=O)NCc3cccc(Br)c3)c2)cs1;0.7065310585817979;-1.6017484945121034;-0.16957679805484424;-0.3851146642402806;-1.5751643097199564;0.16542088170256303;-0.6209838283181613;-0.49920768260333204;-0.24710536429033883;-0.030729254193150108;-0.48521256726432327;-0.4361122207682917;-0.15220388682955227;-0.40599897147057507;-0.18749999999999997;1.0
Cc1nc(-c2ccc(C)c(S(=O)(=O)NCc3ccccc3Cl)c2)no1;0.7065310585817979;-0.8211285106963545;8.817993498851902;-0.3851146642402806;-1.5751643097199564;0.16542088170256303;-0.6209838283181613;-0.49920768260333204;-0.24710536429033883;-0.030729254193150108;-0.48521256726432327;-0.4361122207682917;6.5701344481423405;-0.40599897147057507;5.333333333333333;1.0
Cc1nc(-c2ccc(C)c(S(=O)(=O)Nc3cc(F)ccc3F)c2)cs1;1.1316132765806406;-1.9181480919681129;-0.16957679805484424;-0.3851146642402806;-0.46286595987428214;-0.4038847501309328;-0.6209838283181613;-0.49920768260333204;-0.24710536429033883;-0.030729254193150108;-0.48521256726432327;-0.4361122207682917;-0.15220388682955227;2.463060426921489;-0.18749999999999997;1.0
Cc1nc(-c2ccc(C)c(S(=O)(=O)Nc3ccc(Cl)cc3)c2)cs1;0.7444289222304911;-1.483356433083728;-0.16957679805484424;-0.3851146642402806;-0.46286595987428214;-0.4038847501309328;-0.6209838283181613;-0.49920768260333204;-0.24710536429033883;-0.030729254193150108;-0.48521256726432327;-0.4361122207682917;-0.15220388682955227;-0.40599897147057507;-0.18749999999999997;1.0
Cc1nc(-c2ccc(C)c(S(=O)(=O)Nc3ccc4c(c3)OCCO4)c2)cs1;-0.3805562313282103;-2.0713737560426146;-0.16957679805484424;-0.3851146642402806;-0.46286595987428214;-0.4038847501309328;-0.6209838283181613;-0.49920768260333204;-0.24710536429033883;-0.030729254193150108;2.060952389667274;2.536742788970546;6.5701344481423405;-0.40599897147057507;-0.18749999999999997;1.0
Cc1nc(-c2ccc(Cl)c(S(=O)(=O)N3CCC(C(=O)NC4CCCCC4)CC3)c2)no1;-0.014839789414144032;0.1427630328594517;-0.16957679805484424;-0.3851146642402806;-0.4458020348823024;-0.9731903819644286;-0.6209838283181613;-0.49920768260333204;4.046856703705712;-0.030729254193150108;-0.48521256726432327;-0.4361122207682917;6.5701344481423405;-0.40599897147057507;-0.18749999999999997;0.0
Cc1nc(-c2ccc(Cl)c(S(=O)(=O)N3CCC(C(=O)NC4CCCCCCC4)CC3)c2)no1;-0.02624450938825584;-0.1788099413073345;-0.16957679805484424;-0.3851146642402806;-0.4458020348823024;-0.9731903819644286;-0.6209838283181613;-0.49920768260333204;4.046856703705712;-0.030729254193150108;-0.48521256726432327;-0.4361122207682917;6.5701344481423405;-0.40599897147057507;-0.18749999999999997;1.0
Cc1nc(-c2ccc(Cl)c(S(=O)(=O)N3CCC(C(=O)NCCc4cccs4)CC3)c2)no1;-0.020720348150795206;-1.4843806368188437;-0.16957679805484424;-0.3851146642402806;-0.4458020348823024;-0.9731903819644286;-0.6209838283181613;-0.49920768260333204;4.046856703705712;-0.030729254193150108;-0.48521256726432327;-0.4361122207682917;6.5701344481423405;-0.40599897147057507;-0.18749999999999997;0.0
Cc1nc(-c2ccc(Cl)c(S(=O)(=O)N3CCC(C(=O)NCc4ccco4)CC3)c2)no1;-0.014839789414144032;-1.496125080515817;-0.16957679805484424;-0.3851146642402806;-0.4458020348823024;-0.9731903819644286;-0.6209838283181613;-0.49920768260333204;4.046856703705712;-0.030729254193150108;-0.48521256726432327;-0.4361122207682917;6.5701344481423405;-0.40599897147057507;-0.18749999999999997;0.0
Cc1nc(-c2ccc(Cl)c(S(=O)(=O)N3CCC(C(=O)NCc4cccs4)CC3)c2)no1;-0.014839789414144032;-2.9091261730360585;-0.16957679805484424;-0.3851146642402806;-0.4458020348823024;-0.9731903819644286;-0.6209838283181613;-0.49920768260333204;4.046856703705712;-0.030729254193150108;-0.48521256726432327;-0.4361122207682917;6.5701344481423405;-0.40599897147057507;-0.18749999999999997;1.0
Cc1nc(-c2ccc(Cl)c(S(=O)(=O)N3CCCC(C(=O)N4CCc5ccccc54)C3)c2)no1;-0.5385234161295036;-1.0795444725986825;-0.16957679805484424;1.6258289027286723;-0.4458020348823024;-0.4038847501309328;-0.6209838283181613;-0.49920768260333204;4.046856703705712;-0.030729254193150108;2.060952389667274;2.536742788970546;6.5701344481423405;-0.40599897147057507;-0.18749999999999997;0.0
Cc1nc(-c2ccc(Cl)c(S(=O)(=O)N3CCCC(C(=O)NC4CCC(C)CC4)C3)c2)no1;0.31137513466080835;-1.2250032752429048;-0.16957679805484424;-0.3851146642402806;-0.4458020348823024;-0.9731903819644286;-0.6209838283181613;-0.49920768260333204;4.046856703705712;-0.030729254193150108;2.060952389667274;2.536742788970546;6.5701344481423405;-0.40599897147057507;-0.18749999999999997;0.0
Cc1nc(-c2ccc(Cl)c(S(=O)(=O)N3CCCC(C(=O)NC4CCCC4)C3)c2)no1;-0.008567193428380367;-0.9031015508179279;-0.16957679805484424;-0.3851146642402806;-0.4458020348823024;-0.9731903819644286;-0.6209838283181613;-0.49920768260333204;4.046856703705712;-0.030729254193150108;2.060952389667274;2.536742788970546;6.5701344481423405;-0.40599897147057507;-0.18749999999999997;0.0
Cc1nc(-c2ccc(Cl)cc2)c(N)c(N2CCSCC2)n1;-0.2948863116063802;0.10919482743979333;-0.16957679805484424;-0.3851146642402806;-1.5751643097199564;-0.9731903819644286;-0.6209838283181613;-0.49920768260333204;4.046856703705712;-0.030729254193150108;-0.48521256726432327;-0.4361122207682917;-0.15220388682955227;-0.40599897147057507;-0.18749999999999997;1.0
Cc1nc(-c2ccc(Cl)cc2)n(Cc2ccc(F)cc2)c(=O)c1CCO;0.5402465388951354;-1.6237938559940377;-0.16957679805484424;-0.3851146642402806;0.6299868994021683;0.16542088170256303;1.6103478937742153;0.364022567901614;4.046856703705712;-0.030729254193150108;-0.48521256726432327;-0.4361122207682917;-0.15220388682955227;-0.40599897147057507;-0.18749999999999997;0.0
Cc1nc(-c2ccc(Cl)cc2)sc1C(=O)NCC(=O)NCC(=O)O;1.7493626967366709;0.3353887378047313;-0.16957679805484424;-0.3851146642402806;1.812922514793006;-0.9731903819644286;-0.6209838283181613;-0.49920768260333204;4.046856703705712;-0.030729254193150108;-0.48521256726432327;-0.4361122207682917;6.5701344481423405;-0.40599897147057507;-0.18749999999999997;0.0
Cc1nc(-c2ccc(Cl)cc2)sc1C(=O)NCCC(=O)O;1.5222239180318908;0.3137287643825105;-0.16957679805484424;-0.3851146642402806;0.6835602399553516;-0.9731903819644286;-0.6209838283181613;-0.49920768260333204;4.046856703705712;-0.030729254193150108;2.060952389667274;2.536742788970546;-0.15220388682955227;-0.40599897147057507;-0.18749999999999997;0.0
Cc1nc(-c2ccc(Cl)cc2)sc1C(=O)N[C@@H](CC(C)C)C(=O)O;2.192156673818799;-0.8519693938677605;-0.16957679805484424;-0.3851146642402806;-0.4458020348823024;-0.9731903819644286;-0.6209838283181613;-0.49920768260333204;4.046856703705712;-0.030729254193150108;-0.48521256726432327;-0.4361122207682917;6.5701344481423405;-0.40599897147057507;-0.18749999999999997;0.0
Cc1nc(-c2ccc(Cl)cc2)sc1C(=O)N[C@H](C(=O)O)c1ccccc1;0.5402465388951354;0.406172248774514;-0.16957679805484424;-0.3851146642402806;-0.4458020348823024;-0.4038847501309328;-0.6209838283181613;-0.49920768260333204;4.046856703705712;-0.030729254193150108;-0.48521256726432327;-0.4361122207682917;6.5701344481423405;-0.40599897147057507;-0.18749999999999997;0.0
Cc1nc(-c2ccc(Cl)cc2)sc1C(=O)O;1.3971709483520578;1.2238142909755327;-0.16957679805484424;-0.3851146642402806;-1.5751643097199564;-0.9731903819644286;-0.6209838283181613;-0.49920768260333204;4.046856703705712;-0.030729254193150108;-0.48521256726432327;-0.4361122207682917;-0.15220388682955227;-0.40599897147057507;-0.18749999999999997;0.0
Cc1nc(-c2ccc(Cl)cc2)sc1CCNC(=O)c1ccccc1;-0.2834027312789409;1.2521357507505841;-0.16957679805484424;-0.3851146642402806;-0.4458020348823024;-0.4038847501309328;-0.6209838283181613;-0.49920768260333204;4.046856703705712;-0.030729254193150108;-0.48521256726432327;-0.4361122207682917;6.5701344481423405;-0.40599897147057507;-0.18749999999999997;0.0
Cc1nc(-c2ccc(Cl)cc2)sc1CCNS(=O)(=O)CCc1ccccc1;0.2455624324666609;0.8589294974134969;-0.16957679805484424;-0.3851146642402806;-1.5751643097199564;-0.4038847501309328;-0.6209838283181613;-0.49920768260333204;4.046856703705712;-0.030729254193150108;-0.48521256726432327;-0.4361122207682917;6.5701344481423405;-0.40599897147057507;-0.18749999999999997;1.0
Cc1nc(-c2ccc(Cl)cc2)sc1CCNS(C)(=O)=O;1.7791784365970473;1.0694875458608182;-0.16957679805484424;-0.3851146642402806;-1.5751643097199564;-0.9731903819644286;-0.6209838283181613;-0.49920768260333204;4.046856703705712;-0.030729254193150108;-0.48521256726432327;-0.4361122207682917;6.5701344481423405;-0.40599897147057507;-0.18749999999999997;0.0
Cc1nc(-c2ccc(F)c(F)c2)c(N)c(N2CCCC2)n1;0.21116394791605234;0.2455678942209667;-0.16957679805484424;1.6258289027286723;-1.5751643097199564;-0.9731903819644286;1.6103478937742153;1.22725281840656;-0.24710536429033883;-0.030729254193150108;-0.48521256726432327;-0.4361122207682917;-0.15220388682955227;-0.40599897147057507;-0.18749999999999997;1.0
Cc1nc(-c2ccc(F)cc2)c(N)c(N(C)C2CCN(C)CC2)n1;0.602185222885316;0.36538708090793043;-0.16957679805484424;-0.3851146642402806;-1.5751643097199564;-0.9731903819644286;1.6103478937742153;0.364022567901614;-0.24710536429033883;-0.030729254193150108;-0.48521256726432327;-0.4361122207682917;-0.15220388682955227;-0.40599897147057507;-0.18749999999999997;0.0
Cc1nc(-c2ccc(F)cc2)c(N)c(N2CCSCC2)n1;-0.2948863116063802;0.28852953815402116;-0.16957679805484424;-0.3851146642402806;-1.5751643097199564;-0.9731903819644286;1.6103478937742153;0.364022567901614;-0.24710536429033883;-0.030729254193150108;-0.48521256726432327;-0.4361122207682917;-0.15220388682955227;-0.40599897147057507;-0.18749999999999997;1.0
Cc1nc(-c2ccc(F)cc2)n(Cc2ccc(Cl)cc2)c(=O)c1CCO;0.5402465388951354;-1.3947254964610087;-0.16957679805484424;-0.3851146642402806;0.6299868994021683;0.16542088170256303;1.6103478937742153;1.22725281840656;4.046856703705712;-0.030729254193150108;-0.48521256726432327;-0.4361122207682917;-0.15220388682955227;-0.40599897147057507;-0.18749999999999997;0.0
Cc1nc(-c2ccc(F)cc2)n(Cc2ccc(F)c(F)c2)c(=O)c1CCO;0.9063128811947336;-1.8029638033135926;-0.16957679805484424;-0.3851146642402806;0.6299868994021683;0.16542088170256303;1.6103478937742153;2.090483068911506;-0.24710536429033883;-0.030729254193150108;-0.48521256726432327;-0.4361122207682917;-0.15220388682955227;-0.40599897147057507;-0.18749999999999997;0.0
Cc1nc(-c2ccc(F)cc2)n(Cc2ccc(F)cc2)c(=O)c1CCO;0.5402465388951354;-1.7294858958969024;-0.16957679805484424;-0.3851146642402806;0.6299868994021683;0.16542088170256303;1.6103478937742153;2.090483068911506;-0.24710536429033883;-0.030729254193150108;-0.48521256726432327;-0.4361122207682917;-0.15220388682955227;-0.40599897147057507;-0.18749999999999997;0.0
Cc1nc(-c2ccc(F)cc2)sc1-c1ccc(SCC(=O)N2CCOCC2)nn1;-0.8524813040721054;-1.094005691850284;-0.16957679805484424;-0.3851146642402806;-0.4458020348823024;-0.9731903819644286;1.6103478937742153;0.364022567901614;-0.24710536429033883;-0.030729254193150108;-0.48521256726432327;-0.4361122207682917;6.5701344481423405;-0.40599897147057507;-0.18749999999999997;0.0
Cc1nc(-c2ccc(F)cc2)sc1-c1ccc(SCC(=O)N2CCc3ccccc32)nn1;-1.3198817108597853;-1.2364090623614135;-0.16957679805484424;1.6258289027286723;-0.4458020348823024;-0.4038847501309328;1.6103478937742153;0.364022567901614;-0.24710536429033883;-0.030729254193150108;-0.48521256726432327;-0.4361122207682917;-0.15220388682955227;-0.40599897147057507;-0.18749999999999997;0.0
Cc1nc(-c2ccc(F)cc2)sc1-c1ccc(SCCN2CCCCC2)nn1;-1.2552141285383949;-1.2459278742948126;-0.16957679805484424;-0.3851146642402806;-1.5751643097199564;-0.9731903819644286;1.6103478937742153;0.364022567901614;-0.24710536429033883;-0.030729254193150108;-0.48521256726432327;-0.4361122207682917;-0.15220388682955227;-0.40599897147057507;-0.18749999999999997;1.0
Cc1nc(-c2ccc(F)cc2)sc1C(=O)NCC(=O)NCC(=O)O;1.7493626967366709;-0.22040898708329967;-0.16957679805484424;-0.3851146642402806;1.812922514793006;-0.9731903819644286;1.6103478937742153;0.364022567901614;-0.24710536429033883;-0.030729254193150108;-0.48521256726432327;-0.4361122207682917;6.5701344481423405;-0.40599897147057507;-0.18749999999999997;0.0
Cc1nc(-c2ccc(F)cc2)sc1C(=O)NCc1ccncc1;-0.2868977339872869;-1.0359621129137166;-0.16957679805484424;-0.3851146642402806;0.728183504088674;-0.4038847501309328;1.6103478937742153;0.364022567901614;-0.24710536429033883;-0.030729254193150108;-0.48521256726432327;-0.4361122207682917;-0.15220388682955227;-0.40599897147057507;-0.18749999999999997;1.0
Cc1nc(-c2ccc(F)cc2)sc1C(=O)N[C@@H](CSCc1ccccc1)C(=O)O;0.46335713807975293;0.16054040010969925;-0.16957679805484424;-0.3851146642402806;-0.4458020348823024;-0.4038847501309328;1.6103478937742153;0.364022567901614;-0.24710536429033883;-0.030729254193150108;-0.48521256726432327;-0.4361122207682917;6.5701344481423405;-0.40599897147057507;-0.18749999999999997;0.0
Cc1nc(-c2ccc(F)cc2)sc1CCNC(=O)C(=O)Nc1ccc(C(N)=O)cc1;0.7953798261765722;-0.16084485571019175;-0.16957679805484424;-0.3851146642402806;1.812922514793006;-0.4038847501309328;1.6103478937742153;0.364022567901614;-0.24710536429033883;-0.030729254193150108;-0.48521256726432327;-0.4361122207682917;6.5701344481423405;-0.40599897147057507;-0.18749999999999997;0.0
Cc1nc(-c2ccc(F)cc2)sc1CCNC(=O)C(=O)Nc1ccc2c(c1)OCCO2;-0.4677721840675391;-0.13804012229559726;-0.16957679805484424;-0.3851146642402806;0.6835602399553516;-0.9731903819644286;1.6103478937742153;0.364022567901614;-0.24710536429033883;-0.030729254193150108;2.060952389667274;1.050315284101127;6.5701344481423405;-0.40599897147057507;-0.18749999999999997;1.0
Cc1nc(-c2ccc(F)cc2)sc1CCNC(=O)C(=O)Nc1cccc(F)c1;0.48715623833213995;0.025934208903899646;-0.16957679805484424;-0.3851146642402806;0.6835602399553516;-0.9731903819644286;1.6103478937742153;0.364022567901614;-0.24710536429033883;-0.030729254193150108;-0.48521256726432327;-0.4361122207682917;6.5701344481423405;2.463060426921489;-0.18749999999999997;0.0
Cc1nc(-c2ccc(F)cc2)sc1CCNC(=O)C(=O)Nc1ccccc1C#N;0.46335713807975293;-0.060923038448474486;-0.16957679805484424;-0.3851146642402806;0.6835602399553516;-0.4038847501309328;1.6103478937742153;0.364022567901614;-0.24710536429033883;-0.030729254193150108;-0.48521256726432327;-0.4361122207682917;6.5701344481423405;-0.40599897147057507;-0.18749999999999997;0.0
Cc1nc(-c2ccc(F)cc2)sc1CCNC(=O)COc1ccccc1F;0.11912358860428872;0.09249336792568884;-0.16957679805484424;-0.3851146642402806;-0.4458020348823024;-0.9731903819644286;1.6103478937742153;1.22725281840656;-0.24710536429033883;-0.030729254193150108;-0.48521256726432327;-0.4361122207682917;6.5701344481423405;2.463060426921489;-0.18749999999999997;0.0
Cc1nc(-c2ccc(F)cc2)sc1CCNS(=O)(=O)c1ccc(Cl)cc1;0.6715484152137718;1.0483580843351454;8.817993498851902;-0.3851146642402806;-1.5751643097199564;-0.9731903819644286;1.6103478937742153;0.364022567901614;4.046856703705712;-0.030729254193150108;-0.48521256726432327;-0.4361122207682917;6.5701344481423405;-0.40599897147057507;5.333333333333333;0.0
Cc1nc(-c2ccc(F)cc2)sc1CCNS(C)(=O)=O;1.7791784365970473;0.3476828472916285;-0.16957679805484424;-0.3851146642402806;-1.5751643097199564;-0.9731903819644286;1.6103478937742153;0.364022567901614;-0.24710536429033883;-0.030729254193150108;-0.48521256726432327;-0.4361122207682917;6.5701344481423405;-0.40599897147057507;-0.18749999999999997;0.0
Cc1nc(-c2ccc(N3CCN(C(=O)C4CC(=O)N(c5ccccc5)C4)CC3)cc2)no1;-1.3198817108597927;-0.24831401813191042;-0.16957679805484424;1.6258289027286723;0.6835602399553516;-0.9731903819644286;-0.6209838283181613;-0.49920768260333204;-0.24710536429033883;-0.030729254193150108;-0.48521256726432327;-0.4361122207682917;-0.15220388682955227;-0.40599897147057507;-0.18749999999999997;0.0
Cc1nc(-c2ccc(N3CCN(C(=O)CNC(=O)Cc4ccccc4)CC3)cc2)no1;-0.8105804243891909;-0.022364791290965514;-0.16957679805484424;-0.3851146642402806;0.6835602399553516;-0.4038847501309328;-0.6209838283181613;-0.49920768260333204;-0.24710536429033883;-0.030729254193150108;-0.48521256726432327;-0.4361122207682917;-0.15220388682955227;-0.40599897147057507;-0.18749999999999997;1.0
Cc1nc(-c2ccc(N3CCN(C(=O)CNC(=O)c4ccccc4)CC3)cc2)no1;-0.8308325162359331;-0.5949157185133805;-0.16957679805484424;-0.3851146642402806;0.6835602399553516;-0.4038847501309328;-0.6209838283181613;-0.49920768260333204;-0.24710536429033883;-0.030729254193150108;-0.48521256726432327;-0.4361122207682917;-0.15220388682955227;-0.40599897147057507;-0.18749999999999997;0.0
Cc1nc(-c2ccc(N3CCN(C(=O)Cc4c(F)cccc4Cl)CC3)cc2)no1;-0.4860311161420673;-0.9279304670672047;-0.16957679805484424;-0.3851146642402806;-0.4458020348823024;-0.4038847501309328;-0.6209838283181613;-0.49920768260333204;-0.24710536429033883;-0.030729254193150108;-0.48521256726432327;-0.4361122207682917;-0.15220388682955227;-0.40599897147057507;-0.18749999999999997;0.0
Cc1nc(-c2ccc(N3CCN(C(=O)Cc4ccc(Cl)cc4)CC3)cc2)no1;-0.8756764338965705;0.4439254795231346;-0.16957679805484424;-0.3851146642402806;-0.4458020348823024;-0.4038847501309328;-0.6209838283181613;-0.49920768260333204;-0.24710536429033883;-0.030729254193150108;-0.48521256726432327;-0.4361122207682917;-0.15220388682955227;-0.40599897147057507;-0.18749999999999997;0.0
Cc1nc(-c2ccc(N3CCN(C(=O)Nc4ccccc4)CC3)cc2)no1;-1.2941843677810418;-0.009929614694492293;-0.16957679805484424;-0.3851146642402806;-1.5751643097199564;-0.9731903819644286;-0.6209838283181613;-0.49920768260333204;-0.24710536429033883;-0.030729254193150108;-0.48521256726432327;-0.4361122207682917;-0.15220388682955227;-0.40599897147057507;-0.18749999999999997;1.0
Cc1nc(-c2ccc(N3CCN(C(=O)Nc4ccccc4Cl)CC3)cc2)no1;-0.8756764338965705;-0.8418632349872349;-0.16957679805484424;-0.3851146642402806;-1.5751643097199564;-0.9731903819644286;-0.6209838283181613;-0.49920768260333204;-0.24710536429033883;-0.030729254193150108;-0.48521256726432327;-0.4361122207682917;-0.15220388682955227;-0.40599897147057507;-0.18749999999999997;1.0
Cc1nc(-c2ccc(N3CCN(C(=O)c4ccc(C(C)(C)C)cc4)CC3)cc2)no1;-0.008567193428380367;1.4130204679175364;-0.16957679805484424;-0.3851146642402806;-0.4458020348823024;0.16542088170256303;-0.6209838283181613;-0.49920768260333204;-0.24710536429033883;-0.030729254193150108;-0.48521256726432327;-0.4361122207682917;-0.15220388682955227;-0.40599897147057507;-0.18749999999999997;1.0
Cc1nc(-c2ccc(N3CCN(C(=O)c4ccc(C)s4)CC3)cc2)no1;-0.9274194158126922;1.2281333420196807;-0.16957679805484424;-0.3851146642402806;-0.4458020348823024;-0.9731903819644286;-0.6209838283181613;-0.49920768260333204;-0.24710536429033883;-0.030729254193150108;-0.48521256726432327;-0.4361122207682917;-0.15220388682955227;-0.40599897147057507;-0.18749999999999997;0.0
Cc1nc(-c2ccc(N3CCN(C(=O)c4ccc5c(c4)OCO5)CC3)cc2)no1;-1.801869558293911;0.12623355480925125;-0.16957679805484424;1.6258289027286723;-0.4458020348823024;-0.4038847501309328;-0.6209838283181613;-0.49920768260333204;-0.24710536429033883;-0.030729254193150108;2.060952389667274;1.050315284101127;-0.15220388682955227;-0.40599897147057507;-0.18749999999999997;1.0
Cc1nc(-c2ccc(N3CCN(C(=O)c4cccc(Cl)c4)CC3)cc2)no1;-0.9005897214858158;-0.19265453005116312;-0.16957679805484424;-0.3851146642402806;-0.4458020348823024;-0.4038847501309328;-0.6209838283181613;-0.49920768260333204;-0.24710536429033883;-0.030729254193150108;-0.48521256726432327;-0.4361122207682917;-0.15220388682955227;-0.40599897147057507;-0.18749999999999997;1.0
Cc1nc(-c2ccc(N3CCN(C(=O)c4sccc4C)CC3)cc2)no1;-0.9274194158126922;2.5316226374867075;-0.16957679805484424;-0.3851146642402806;-0.4458020348823024;-0.4038847501309328;-0.6209838283181613;-0.49920768260333204;-0.24710536429033883;-0.030729254193150108;-0.48521256726432327;-0.4361122207682917;-0.15220388682955227;-0.40599897147057507;-0.18749999999999997;1.0
Cc1nc(-c2ccc(N3CCNCC3)cc2)no1;-1.4909816909286369;0.022146634888949576;-0.16957679805484424;-0.3851146642402806;-1.5751643097199564;-0.9731903819644286;-0.6209838283181613;-0.49920768260333204;-0.24710536429033883;-0.030729254193150108;-0.48521256726432327;-0.4361122207682917;-0.15220388682955227;-0.40599897147057507;-0.18749999999999997;1.0
Cc1nc(-c2ccc(NC(=O)Cc3ccc(Cl)cc3)cc2)no1;-0.2868977339872869;-0.09811805096653997;-0.16957679805484424;-0.3851146642402806;-0.4458020348823024;-0.4038847501309328;-0.6209838283181613;-0.49920768260333204;-0.24710536429033883;-0.030729254193150108;-0.48521256726432327;-0.4361122207682917;-0.15220388682955227;-0.40599897147057507;-0.18749999999999997;1.0
Cc1nc(-c2ccc(NC(=O)N3CCN(c4ccc(F)cc4)CC3)cc2)no1;-0.8756764338965705;0.894484062849213;-0.16957679805484424;-0.3851146642402806;-1.5751643097199564;-0.9731903819644286;-0.6209838283181613;-0.49920768260333204;-0.24710536429033883;-0.030729254193150108;-0.48521256726432327;-0.4361122207682917;-0.15220388682955227;-0.40599897147057507;-0.18749999999999997;1.0
Cc1nc(-c2ccc(NC(=O)N3CCN(c4ccccc4)CC3)cc2)no1;-1.2941843677810418;0.8404838991508317;-0.16957679805484424;-0.3851146642402806;-1.5751643097199564;-0.9731903819644286;-0.6209838283181613;-0.49920768260333204;-0.24710536429033883;-0.030729254193150108;-0.48521256726432327;-0.4361122207682917;-0.15220388682955227;-0.40599897147057507;-0.18749999999999997;1.0
Cc1nc(-c2ccc(NC(=O)N3CCc4ccccc4C3)cc2)no1;-1.3814777036845647;0.8117685979689195;-0.16957679805484424;-0.3851146642402806;-1.5751643097199564;0.16542088170256303;-0.6209838283181613;-0.49920768260333204;-0.24710536429033883;-0.030729254193150108;-0.48521256726432327;-0.4361122207682917;-0.15220388682955227;-0.40599897147057507;-0.18749999999999997;1.0
Cc1nc(-c2ccc(NC(=O)NC3CCCc4ccccc43)cc2)no1;-1.336152317734658;0.2958404960741726;-0.16957679805484424;-0.3851146642402806;-1.5751643097199564;0.16542088170256303;-0.6209838283181613;-0.49920768260333204;-0.24710536429033883;-0.030729254193150108;-0.48521256726432327;-0.4361122207682917;-0.15220388682955227;-0.40599897147057507;-0.18749999999999997;0.0
Cc1nc(-c2ccc(NC(=O)NCCC3=CCCCC3)cc2)no1;-0.7261967083610693;0.693307721665841;-0.16957679805484424;-0.3851146642402806;-1.5751643097199564;-0.9731903819644286;-0.6209838283181613;-0.49920768260333204;-0.24710536429033883;-0.030729254193150108;-0.48521256726432327;-0.4361122207682917;-0.15220388682955227;-0.40599897147057507;-0.18749999999999997;1.0
Cc1nc(-c2ccc(NC(=O)NCCN3CCOCC3)cc2)no1;-0.7261967083610693;0.6954101988072329;-0.16957679805484424;-0.3851146642402806;-0.4209813327860232;-0.9731903819644286;-0.6209838283181613;-0.49920768260333204;-0.24710536429033883;-0.030729254193150108;-0.48521256726432327;-0.4361122207682917;-0.15220388682955227;-0.40599897147057507;-0.18749999999999997;1.0
Cc1nc(-c2ccc(NC(=O)Nc3ccc(Br)cc3)cc2)no1;-0.2868977339872869;0.01766568342139354;-0.16957679805484424;-0.3851146642402806;-1.5751643097199564;-0.9731903819644286;-0.6209838283181613;-0.49920768260333204;-0.24710536429033883;-0.030729254193150108;-0.48521256726432327;-0.4361122207682917;-0.15220388682955227;-0.40599897147057507;-0.18749999999999997;1.0
Cc1nc(-c2ccc(NC(=O)Nc3ccc(F)c(F)c3)cc2)no1;0.15939124580318756;-0.041327438717112315;-0.16957679805484424;-0.3851146642402806;-1.5751643097199564;-0.9731903819644286;1.6103478937742153;0.364022567901614;-0.24710536429033883;-0.030729254193150108;-0.48521256726432327;-0.4361122207682917;-0.15220388682955227;2.463060426921489;-0.18749999999999997;1.0
Cc1nc(-c2ccc(NC(=O)Nc3ccc(F)cc3C)cc2)no1;0.15939124580318756;-0.4573398598125417;-0.16957679805484424;-0.3851146642402806;-1.5751643097199564;-0.4038847501309328;-0.6209838283181613;-0.49920768260333204;-0.24710536429033883;-0.030729254193150108;-0.48521256726432327;-0.4361122207682917;-0.15220388682955227;-0.40599897147057507;-0.18749999999999997;1.0
Cc1nc(-c2ccc(NC(=O)Nc3ccc(F)cc3Cl)cc2)no1;0.15939124580318756;-0.019738391311545946;-0.16957679805484424;-0.3851146642402806;-1.5751643097199564;-0.9731903819644286;-0.6209838283181613;-0.49920768260333204;-0.24710536429033883;-0.030729254193150108;-0.48521256726432327;-0.4361122207682917;-0.15220388682955227;-0.40599897147057507;-0.18749999999999997;1.0
Cc1nc(-c2ccc(NC(=O)Nc3ccc(F)cc3F)cc2)no1;0.15939124580318756;-0.007764758453467055;-0.16957679805484424;-0.3851146642402806;-1.5751643097199564;-0.9731903819644286;-0.6209838283181613;-0.49920768260333204;-0.24710536429033883;-0.030729254193150108;-0.48521256726432327;-0.4361122207682917;-0.15220388682955227;-0.40599897147057507;-0.18749999999999997;1.0
Cc1nc(-c2ccc(NC(=O)Nc3ccc([N+](=O)[O-])cc3)cc2)no1;0.1448948892115773;0.08730481266218343;-0.16957679805484424;-0.3851146642402806;0.807282431207023;-0.9731903819644286;-0.6209838283181613;-0.49920768260333204;-0.24710536429033883;-0.030729254193150108;-0.48521256726432327;-0.4361122207682917;-0.15220388682955227;-0.40599897147057507;-0.18749999999999997;1.0
Cc1nc(-c2ccc(NC(=O)Nc3ccc4c(c3)OCCO4)cc2)no1;-1.336152317734658;0.08438061313870678;-0.16957679805484424;-0.3851146642402806;-1.5751643097199564;-0.9731903819644286;-0.6209838283181613;-0.49920768260333204;-0.24710536429033883;-0.030729254193150108;2.060952389667274;1.050315284101127;-0.15220388682955227;-0.40599897147057507;-0.18749999999999997;1.0
Cc1nc(-c2ccc(NC(=O)Nc3ccc4c(c3)OCO4)cc2)no1;-1.3814777036845647;0.16761123398846742;-0.16957679805484424;1.6258289027286723;-1.5751643097199564;-0.9731903819644286;-0.6209838283181613;-0.49920768260333204;-0.24710536429033883;-0.030729254193150108;2.060952389667274;1.050315284101127;-0.15220388682955227;-0.40599897147057507;-0.18749999999999997;1.0
Cc1nc(-c2ccc(NC(=O)Nc3cccc(Br)c3)cc2)no1;-0.2868977339872869;0.7552887239764943;-0.16957679805484424;-0.3851146642402806;-1.5751643097199564;-0.9731903819644286;-0.6209838283181613;-0.49920768260333204;-0.24710536429033883;32.54228019054596;-0.48521256726432327;-0.4361122207682917;-0.15220388682955227;-0.40599897147057507;-0.18749999999999997;1.0
Cc1nc(-c2ccc(NC(=O)Nc3cccc(C(F)(F)F)c3)cc2)no1;0.6715484152137646;0.28886922410804433;-0.16957679805484424;-0.3851146642402806;-1.5751643097199564;-0.4038847501309328;-0.6209838283181613;-0.49920768260333204;-0.24710536429033883;-0.030729254193150108;-0.48521256726432327;-0.4361122207682917;-0.15220388682955227;-0.40599897147057507;-0.18749999999999997;0.0
Cc1nc(-c2ccc(NC(=O)Nc3cccc(Cl)c3)cc2)no1;-0.2868977339872869;0.48555133098469777;4.3242083503985285;-0.3851146642402806;-1.5751643097199564;-0.9731903819644286;-0.6209838283181613;-0.49920768260333204;4.046856703705712;-0.030729254193150108;-0.48521256726432327;-0.4361122207682917;-0.15220388682955227;-0.40599897147057507;5.333333333333333;1.0
Cc1nc(-c2ccc(NC(=O)Nc3cccc(F)c3)cc2)no1;-0.2868977339872869;-0.038838898362408905;-0.16957679805484424;-0.3851146642402806;-1.5751643097199564;-0.9731903819644286;1.6103478937742153;0.364022567901614;-0.24710536429033883;-0.030729254193150108;-0.48521256726432327;-0.4361122207682917;-0.15220388682955227;2.463060426921489;-0.18749999999999997;1.0
Cc1nc(-c2ccc(NC(=O)Nc3ccccc3C)cc2)no1;-0.2868977339872869;-0.4590291699522295;-0.16957679805484424;-0.3851146642402806;-1.5751643097199564;-0.4038847501309328;-0.6209838283181613;-0.49920768260333204;-0.24710536429033883;-0.030729254193150108;-0.48521256726432327;-0.4361122207682917;-0.15220388682955227;-0.40599897147057507;-0.18749999999999997;1.0
Cc1nc(-c2ccc(NC(=O)c3ccc(Br)cc3)cc2)no1;-0.29071046421457947;1.1969766889938143;-0.16957679805484424;-0.3851146642402806;-0.4458020348823024;-0.4038847501309328;-0.6209838283181613;-0.49920768260333204;-0.24710536429033883;32.54228019054596;-0.48521256726432327;-0.4361122207682917;-0.15220388682955227;-0.40599897147057507;-0.18749999999999997;1.0
Cc1nc(-c2ccc(NC(=O)c3ccc(Cl)c(Cl)c3)cc2)no1;0.17514815514189058;0.8536859058271425;4.3242083503985285;-0.3851146642402806;-0.4458020348823024;-0.4038847501309328;-0.6209838283181613;-0.49920768260333204;4.046856703705712;-0.030729254193150108;-0.48521256726432327;-0.4361122207682917;-0.15220388682955227;-0.40599897147057507;5.333333333333333;1.0
Cc1nc(-c2ccc(NS(=O)(=O)c3cccc([N+](=O)[O-])c3)cc2)cs1;0.7065310585817979;0.7430369281947371;-0.16957679805484424;-0.3851146642402806;1.9195807810526972;-0.9731903819644286;-0.6209838283181613;-0.49920768260333204;-0.24710536429033883;-0.030729254193150108;2.060952389667274;5.509597798709383;-0.15220388682955227;-0.40599897147057507;-0.18749999999999997;0.0
Cc1nc(-c2ccc(OC(F)(F)F)cc2)sc1C(=O)NCCCC(=O)O;2.1392143699216066;-1.2236630076673845;-0.16957679805484424;-0.3851146642402806;0.6835602399553516;-0.9731903819644286;-0.6209838283181613;-0.49920768260333204;-0.24710536429033883;-0.030729254193150108;-0.48521256726432327;-0.4361122207682917;6.5701344481423405;-0.40599897147057507;-0.18749999999999997;0.0
Cc1nc(-c2ccc(OCC(C)C)c(C#N)c2)sc1C(=O)O;1.9268518208933654;0.14480626771730754;-0.16957679805484424;-0.3851146642402806;-1.5751643097199564;-0.4038847501309328;-0.6209838283181613;-0.49920768260333204;-0.24710536429033883;-0.030729254193150108;-0.48521256726432327;-0.4361122207682917;6.5701344481423405;-0.40599897147057507;-0.18749999999999997;1.0
Cc1nc(-c2ccc(S(=O)(=O)N3CCN(C(c4ccccc4)c4ccccc4)CC3)cc2)co1;-1.153776508858904;2.043596772168054;-0.16957679805484424;-0.3851146642402806;-0.4209813327860232;0.16542088170256303;-0.6209838283181613;-0.49920768260333204;-0.24710536429033883;-0.030729254193150108;-0.48521256726432327;-0.4361122207682917;-0.15220388682955227;-0.40599897147057507;-0.18749999999999997;1.0
Cc1nc(-c2ccc(S(=O)(=O)N3CCN(c4cc(Cl)ccc4C)CC3)cc2)co1;-0.0018620046160175495;1.2502205738028245;-0.16957679805484424;-0.3851146642402806;-1.5751643097199564;-0.4038847501309328;-0.6209838283181613;-0.49920768260333204;-0.24710536429033883;-0.030729254193150108;-0.48521256726432327;-0.4361122207682917;-0.15220388682955227;-0.40599897147057507;-0.18749999999999997;1.0
Cc1nc(-c2ccc(S(=O)(=O)N3CCN(c4ccc(Cl)cc4)CC3)cc2)co1;-0.374215568387447;0.3586411982552242;-0.16957679805484424;-0.3851146642402806;-1.5751643097199564;-0.9731903819644286;-0.6209838283181613;-0.49920768260333204;-0.24710536429033883;-0.030729254193150108;-0.48521256726432327;-0.4361122207682917;-0.15220388682955227;-0.40599897147057507;-0.18749999999999997;1.0
Cc1nc(-c2ccc(S(=O)(=O)N3CCN(c4cccc(C)c4C)CC3)cc2)co1;-0.0018620046160175495;1.8833913009866698;-0.16957679805484424;-0.3851146642402806;-1.5751643097199564;0.16542088170256303;-0.6209838283181613;-0.49920768260333204;-0.24710536429033883;-0.030729254193150108;-0.48521256726432327;-0.4361122207682917;-0.15220388682955227;-0.40599897147057507;-0.18749999999999997;1.0
Cc1nc(-c2ccc(S(=O)(=O)N3CCN(c4ccccc4)CC3)cc2)co1;-0.7741508776234364;1.3195930438535008;-0.16957679805484424;-0.3851146642402806;-1.5751643097199564;-0.9731903819644286;-0.6209838283181613;-0.49920768260333204;-0.24710536429033883;-0.030729254193150108;-0.48521256726432327;-0.4361122207682917;-0.15220388682955227;-0.40599897147057507;-0.18749999999999997;1.0
Cc1nc(-c2ccc(S(=O)(=O)NCc3ccc(Cl)cc3)cc2)co1;0.3016349451483626;0.24368395258780784;-0.16957679805484424;-0.3851146642402806;-1.5751643097199564;-0.4038847501309328;-0.6209838283181613;-0.49920768260333204;4.046856703705712;-0.030729254193150108;-0.48521256726432327;-0.4361122207682917;-0.15220388682955227;-0.40599897147057507;-0.18749999999999997;1.0
Cc1nc(-c2ccc(S(=O)(=O)Nc3c(C)cccc3C)cc2)co1;0.7444289222304911;0.4041692289998378;-0.16957679805484424;-0.3851146642402806;-0.46286595987428214;0.16542088170256303;-0.6209838283181613;-0.49920768260333204;-0.24710536429033883;-0.030729254193150108;-0.48521256726432327;-0.4361122207682917;-0.15220388682955227;-0.40599897147057507;-0.18749999999999997;0.0
Cc1nc(-c2ccc(S(=O)(=O)Nc3cc(F)ccc3F)cc2)co1;0.7444289222304911;0.7965376376483371;-0.16957679805484424;-0.3851146642402806;-0.46286595987428214;-0.9731903819644286;-0.6209838283181613;-0.49920768260333204;-0.24710536429033883;-0.030729254193150108;-0.48521256726432327;-0.4361122207682917;-0.15220388682955227;2.463060426921489;-0.18749999999999997;1.0
Cc1nc(-c2ccc(S(=O)(=O)Nc3ccc(C)c(N(C)C)c3)cc2)co1;1.0802813171357304;1.5440163383023517;-0.16957679805484424;-0.3851146642402806;-0.46286595987428214;-0.4038847501309328;-0.6209838283181613;-0.49920768260333204;-0.24710536429033883;-0.030729254193150108;-0.48521256726432327;-0.4361122207682917;-0.15220388682955227;-0.40599897147057507;-0.18749999999999997;1.0
Cc1nc(-c2ccc(S(=O)(=O)Nc3ccc(Cl)cc3F)cc2)co1;0.7444289222304911;1.3890122977497676;-0.16957679805484424;-0.3851146642402806;-0.46286595987428214;-0.9731903819644286;-0.6209838283181613;-0.49920768260333204;-0.24710536429033883;-0.030729254193150108;-0.48521256726432327;-0.4361122207682917;-0.15220388682955227;-0.40599897147057507;-0.18749999999999997;1.0
Cc1nc(-c2ccc(S(=O)(=O)Nc3cccc(Br)c3)cc2)co1;0.3235763631542528;0.8050817533522582;-0.16957679805484424;-0.3851146642402806;-0.46286595987428214;-0.9731903819644286;-0.6209838283181613;-0.49920768260333204;-0.24710536429033883;-0.030729254193150108;-0.48521256726432327;-0.4361122207682917;-0.15220388682955227;-0.40599897147057507;-0.18749999999999997;1.0
Cc1nc(-c2ccc(S(=O)(=O)Nc3cccc(Cl)c3)cc2)co1;0.3235763631542528;0.8303242002981692;8.817993498851902;-0.3851146642402806;-0.46286595987428214;-0.9731903819644286;-0.6209838283181613;-0.49920768260333204;-0.24710536429033883;-0.030729254193150108;-0.48521256726432327;-0.4361122207682917;-0.15220388682955227;-0.40599897147057507;5.333333333333333;1.0
Cc1nc(-c2ccc([N+](=O)[O-])cc2)cs1;0.7953798261765794;0.03882164689751484;-0.16957679805484424;-0.3851146642402806;0.807282431207023;-0.9731903819644286;-0.6209838283181613;-0.49920768260333204;-0.24710536429033883;-0.030729254193150108;-0.48521256726432327;-0.4361122207682917;-0.15220388682955227;-0.40599897147057507;-0.18749999999999997;0.0
Cc1nc(-c2ccc3c(c2)CCN3C(=O)Cc2ccc(Cl)cc2)no1;-0.956395485685722;-0.2562590005407752;-0.16957679805484424;1.6258289027286723;-0.4458020348823024;0.16542088170256303;-0.6209838283181613;-0.49920768260333204;-0.24710536429033883;-0.030729254193150108;-0.48521256726432327;-0.4361122207682917;-0.15220388682955227;-0.40599897147057507;-0.18749999999999997;1.0
Cc1nc(-c2ccc3c(c2)CCN3C(=O)Cc2ccc(F)cc2)no1;-0.956395485685722;-0.7807952151117664;-0.16957679805484424;1.6258289027286723;-0.4458020348823024;0.16542088170256303;-0.6209838283181613;-0.49920768260333204;-0.24710536429033883;-0.030729254193150108;-0.48521256726432327;-0.4361122207682917;-0.15220388682955227;-0.40599897147057507;-0.18749999999999997;0.0
Cc1nc(-c2ccc3c(c2)CCN3C(=O)Cc2ccccc2C)cs1;-0.956395485685722;-1.3444552114204067;-0.16957679805484424;1.6258289027286723;-0.4458020348823024;0.7347265135360589;-0.6209838283181613;-0.49920768260333204;-0.24710536429033883;-0.030729254193150108;-0.48521256726432327;-0.4361122207682917;-0.15220388682955227;-0.40599897147057507;-0.18749999999999997;0.0
Cc1nc(-c2ccc3c(c2)CCN3C(=O)c2ccc3c(c2)OCO3)cs1;-1.986352468598561;-0.5349686284746363;-0.16957679805484424;3.636772469697625;-0.4458020348823024;0.16542088170256303;-0.6209838283181613;-0.49920768260333204;-0.24710536429033883;-0.030729254193150108;2.060952389667274;1.050315284101127;-0.15220388682955227;-0.40599897147057507;-0.18749999999999997;1.0
Cc1nc(-c2ccc3c(c2)n(CC(=O)N(Cc2cccs2)C2CCCC2)c(=O)n3C(C)C)no1;-0.6290629172218996;0.6386462886305424;-0.16957679805484424;-0.3851146642402806;1.7057758336866393;-0.9731903819644286;-0.6209838283181613;-0.49920768260333204;-0.24710536429033883;-0.030729254193150108;-0.48521256726432327;-0.4361122207682917;-0.15220388682955227;-0.40599897147057507;-0.18749999999999997;0.0
Cc1nc(-c2ccc3c(c2)n(CC(=O)N2CCC4(CC2)OCCO4)c(=O)n3C(C)C)no1;-0.5490079707276861;-0.630119482386686;-0.16957679805484424;1.6258289027286723;1.7057758336866393;-0.9731903819644286;-0.6209838283181613;-0.49920768260333204;-0.24710536429033883;-0.030729254193150108;2.060952389667274;2.536742788970546;-0.15220388682955227;-0.40599897147057507;-0.18749999999999997;0.0
Cc1nc(-c2ccc3c(c2)n(CC(=O)NC(C)(C)C)c(=O)n3C(C)C)no1;1.8199410176475725;-0.23418610159678097;-0.16957679805484424;-0.3851146642402806;1.7057758336866393;-0.9731903819644286;-0.6209838283181613;-0.49920768260333204;-0.24710536429033883;-0.030729254193150108;-0.48521256726432327;-0.4361122207682917;-0.15220388682955227;-0.40599897147057507;-0.18749999999999997;0.0
Cc1nc(-c2ccc3c(c2)n(CC(=O)NC2CC2)c(=O)n3C(C)C)no1;-0.10995361196876771;-0.08001362496019364;-0.16957679805484424;-0.3851146642402806;1.7057758336866393;-0.9731903819644286;-0.6209838283181613;-0.49920768260333204;-0.24710536429033883;-0.030729254193150108;-0.48521256726432327;-0.4361122207682917;-0.15220388682955227;-0.40599897147057507;-0.18749999999999997;0.0
Cc1nc(-c2ccc3c(c2)n(CC(=O)NC2CCCCCC2)c(=O)n3C(C)C)no1;-0.12236215290451173;0.5005576996849578;-0.16957679805484424;-0.3851146642402806;1.7057758336866393;-0.9731903819644286;-0.6209838283181613;-0.49920768260333204;-0.24710536429033883;-0.030729254193150108;-0.48521256726432327;-0.4361122207682917;-0.15220388682955227;-0.40599897147057507;-0.18749999999999997;0.0
Cc1nc(-c2cccc(-c3noc(C(=O)NCc4cccnc4)n3)c2)cs1;-1.2941843677810418;-0.4083505706263856;-0.16957679805484424;-0.3851146642402806;0.728183504088674;0.16542088170256303;-0.6209838283181613;-0.49920768260333204;-0.24710536429033883;-0.030729254193150108;-0.48521256726432327;-0.4361122207682917;-0.15220388682955227;-0.40599897147057507;-0.18749999999999997;1.0
Cc1nc(-c2cccc(C(=O)N3CCN(C(=O)c4ccco4)CC3)c2)no1;-0.9005897214858158;0.28177128899453174;-0.16957679805484424;-0.3851146642402806;0.6835602399553516;-0.4038847501309328;-0.6209838283181613;-0.49920768260333204;-0.24710536429033883;-0.030729254193150108;-0.48521256726432327;-0.4361122207682917;-0.15220388682955227;-0.40599897147057507;-0.18749999999999997;0.0
Cc1nc(-c2cccc(C(=O)N3CCN(Cc4ccc5c(c4)OCO5)CC3)c2)no1;-1.748574495317017;-0.7098810773799595;-0.16957679805484424;1.6258289027286723;0.708380942051631;0.16542088170256303;-0.6209838283181613;-0.49920768260333204;-0.24710536429033883;-0.030729254193150108;-0.48521256726432327;-0.4361122207682917;-0.15220388682955227;-0.40599897147057507;-0.18749999999999997;0.0
Cc1nc(-c2cccc(C(=O)N3CCN(c4ccccc4)CC3)c2)no1;-1.336152317734658;0.12049211356969643;-0.16957679805484424;-0.3851146642402806;-0.4458020348823024;-0.4038847501309328;-0.6209838283181613;-0.49920768260333204;-0.24710536429033883;-0.030729254193150108;-0.48521256726432327;-0.4361122207682917;-0.15220388682955227;-0.40599897147057507;-0.18749999999999997;1.0
Cc1nc(-c2cccc(C(=O)NCc3cccs3)c2)no1;-0.8009365711288127;-0.20311503693330793;-0.16957679805484424;-0.3851146642402806;-0.4458020348823024;-0.4038847501309328;-0.6209838283181613;-0.49920768260333204;-0.24710536429033883;-0.030729254193150108;-0.48521256726432327;-0.4361122207682917;-0.15220388682955227;-0.40599897147057507;-0.18749999999999997;1.0
Cc1nc(-c2cccc(C(=O)Nc3ccc(C(F)(F)F)cc3)c2)no1;0.7065310585817979;-0.43208802967131665;-0.16957679805484424;-0.3851146642402806;-0.4458020348823024;0.16542088170256303;1.6103478937742153;2.090483068911506;-0.24710536429033883;-0.030729254193150108;-0.48521256726432327;-0.4361122207682917;-0.15220388682955227;-0.40599897147057507;-0.18749999999999997;1.0
Cc1nc(-c2cccc(C(=O)Nc3ccc(F)cc3)c2)no1;-0.29071046421457947;-0.6917742006740099;-0.16957679805484424;-0.3851146642402806;-0.4458020348823024;-0.4038847501309328;-0.6209838283181613;-0.49920768260333204;-0.24710536429033883;-0.030729254193150108;-0.48521256726432327;-0.4361122207682917;-0.15220388682955227;-0.40599897147057507;-0.18749999999999997;1.0
Cc1nc(-c2cccc(C(=O)Nc3ccc(F)cc3Cl)c2)no1;0.17514815514189058;-0.48267760756030276;-0.16957679805484424;-0.3851146642402806;-0.4458020348823024;-0.4038847501309328;-0.6209838283181613;-0.49920768260333204;-0.24710536429033883;-0.030729254193150108;-0.48521256726432327;-0.4361122207682917;-0.15220388682955227;-0.40599897147057507;-0.18749999999999997;0.0
Cc1nc(-c2cccc(C(=O)Nc3cccc(Cl)c3C)c2)no1;0.17514815514189058;-0.5085450521436543;4.3242083503985285;-0.3851146642402806;-0.4458020348823024;0.16542088170256303;-0.6209838283181613;-0.49920768260333204;-0.24710536429033883;-0.030729254193150108;-0.48521256726432327;-0.4361122207682917;-0.15220388682955227;-0.40599897147057507;5.333333333333333;0.0
Cc1nc(-c2cccc(C(F)(F)F)c2)c(N)c(N2CCSCC2)n1;0.7444289222304911;0.364736772386794;-0.16957679805484424;-0.3851146642402806;-1.5751643097199564;-0.4038847501309328;1.6103478937742153;2.090483068911506;-0.24710536429033883;-0.030729254193150108;-0.48521256726432327;-0.4361122207682917;-0.15220388682955227;-0.40599897147057507;-0.18749999999999997;1.0
Cc1nc(-c2cccc(Cl)c2)n(CC(=O)N2CCc3ccccc32)c(=O)c1CCO;-0.12236215290451173;-0.2156920336143455;-0.16957679805484424;1.6258289027286723;1.7593491742398217;0.16542088170256303;-0.6209838283181613;-0.49920768260333204;-0.24710536429033883;-0.030729254193150108;-0.48521256726432327;-0.4361122207682917;-0.15220388682955227;-0.40599897147057507;-0.18749999999999997;0.0
Cc1nc(-c2cccc(Cl)c2)n(CC(=O)NCc2cccs2)c(=O)c1CCO;0.48715623833213995;0.1593750900579054;-0.16957679805484424;-0.3851146642402806;1.7593491742398217;-0.4038847501309328;-0.6209838283181613;-0.49920768260333204;-0.24710536429033883;-0.030729254193150108;-0.48521256726432327;-0.4361122207682917;-0.15220388682955227;-0.40599897147057507;-0.18749999999999997;0.0
Cc1nc(-c2cccc(Cl)c2)n(Cc2ccc(C#N)cc2)c(=O)c1CCO;0.5127182348995148;-1.5474330104607588;-0.16957679805484424;-0.3851146642402806;0.6299868994021683;0.7347265135360589;-0.6209838283181613;-0.49920768260333204;-0.24710536429033883;-0.030729254193150108;-0.48521256726432327;-0.4361122207682917;-0.15220388682955227;-0.40599897147057507;-0.18749999999999997;0.0
Cc1nc(-c2cccc(F)c2)c(N)c(N2CCOCC2)n1;-0.2948863116063802;0.2253530972083345;-0.16957679805484424;-0.3851146642402806;-1.5751643097199564;-0.9731903819644286;1.6103478937742153;0.364022567901614;-0.24710536429033883;-0.030729254193150108;-0.48521256726432327;-0.4361122207682917;-0.15220388682955227;-0.40599897147057507;-0.18749999999999997;1.0
Cc1nc(-c2cccc(F)c2)c(N)c(N2CCSCC2)n1;-0.2948863116063802;0.2838959153191785;-0.16957679805484424;-0.3851146642402806;-1.5751643097199564;-0.9731903819644286;1.6103478937742153;0.364022567901614;-0.24710536429033883;-0.030729254193150108;-0.48521256726432327;-0.4361122207682917;-0.15220388682955227;-0.40599897147057507;-0.18749999999999997;1.0
Cc1nc(-c2cccc(F)c2)sc1C(=O)N[C@H](C(=O)O)C(C)C;2.2962946887233926;-0.5729655596426845;-0.16957679805484424;-0.3851146642402806;-0.4458020348823024;-0.9731903819644286;-0.6209838283181613;-0.49920768260333204;-0.24710536429033883;-0.030729254193150108;-0.48521256726432327;-0.4361122207682917;6.5701344481423405;-0.40599897147057507;-0.18749999999999997;0.0
Cc1nc(-c2cccc(F)c2)sc1CCNC(=O)C(=O)Nc1ccccc1F;0.48715623833213995;0.1489191515291027;-0.16957679805484424;-0.3851146642402806;0.6835602399553516;-0.9731903819644286;1.6103478937742153;0.364022567901614;-0.24710536429033883;-0.030729254193150108;-0.48521256726432327;-0.4361122207682917;6.5701344481423405;2.463060426921489;-0.18749999999999997;0.0
Cc1nc(-c2cccc(N3CC(C(=O)NCCC4=CCCCC4)CC3=O)c2)no1;-0.8524813040720981;-0.5397929069816333;-0.16957679805484424;1.6258289027286723;0.6835602399553516;-0.9731903819644286;-0.6209838283181613;-0.49920768260333204;-0.24710536429033883;-0.030729254193150108;-0.48521256726432327;-0.4361122207682917;-0.15220388682955227;-0.40599897147057507;-0.18749999999999997;0.0
Cc1nc(-c2cccc(N3CC(C(=O)NCc4ccc(F)cc4)CC3=O)c2)no1;-0.48603111614206007;0.013313356375765799;-0.16957679805484424;1.6258289027286723;0.6835602399553516;-0.4038847501309328;1.6103478937742153;0.364022567901614;-0.24710536429033883;-0.030729254193150108;-0.48521256726432327;-0.4361122207682917;-0.15220388682955227;-0.40599897147057507;-0.18749999999999997;0.0
Cc1nc(-c2cccc(N3CC(C(=O)NCc4ccc(OC(C)C)cc4)CC3=O)c2)no1;-0.12740312265967288;-0.644494229304683;-0.16957679805484424;1.6258289027286723;0.6835602399553516;-0.4038847501309328;-0.6209838283181613;-0.49920768260333204;-0.24710536429033883;-0.030729254193150108;-0.48521256726432327;-0.4361122207682917;-0.15220388682955227;-0.40599897147057507;-0.18749999999999997;0.0
Cc1nc(-c2cccc(N3CC(C(=O)NCc4ccccc4)CC3=O)c2)no1;-0.8756764338965632;0.024869270838578875;-0.16957679805484424;1.6258289027286723;0.6835602399553516;-0.4038847501309328;-0.6209838283181613;-0.49920768260333204;-0.24710536429033883;-0.030729254193150108;-0.48521256726432327;-0.4361122207682917;-0.15220388682955227;-0.40599897147057507;-0.18749999999999997;0.0
Cc1nc(-c2cccc(N3CC(C(=O)NCc4cccs4)CC3=O)c2)no1;-0.9005897214858158;-0.1266469235218756;-0.16957679805484424;1.6258289027286723;0.6835602399553516;-0.9731903819644286;-0.6209838283181613;-0.49920768260333204;-0.24710536429033883;-0.030729254193150108;-0.48521256726432327;-0.4361122207682917;-0.15220388682955227;-0.40599897147057507;-0.18749999999999997;0.0
Cc1nc(-c2cccc(N3CC(C(=O)Nc4ccc(Br)c(C)c4)CC3=O)c2)no1;-0.11958092821202199;0.47052629084763276;-0.16957679805484424;1.6258289027286723;0.6835602399553516;-0.4038847501309328;-0.6209838283181613;-0.49920768260333204;-0.24710536429033883;-0.030729254193150108;-0.48521256726432327;-0.4361122207682917;-0.15220388682955227;-0.40599897147057507;-0.18749999999999997;0.0
Cc1nc(-c2cccc(N3CC(C(=O)Nc4ccc(C)c(C)c4)CC3=O)c2)no1;-0.11958092821202199;0.0842635416062074;-0.16957679805484424;1.6258289027286723;0.6835602399553516;0.16542088170256303;-0.6209838283181613;-0.49920768260333204;-0.24710536429033883;-0.030729254193150108;-0.48521256726432327;-0.4361122207682917;-0.15220388682955227;-0.40599897147057507;-0.18749999999999997;0.0
Cc1nc(-c2cccc(N3CC(C(=O)Nc4ccc(C)c(Cl)c4)CC3=O)c2)no1;-0.11958092821202199;0.14472570070415228;4.3242083503985285;1.6258289027286723;0.6835602399553516;-0.4038847501309328;-0.6209838283181613;-0.49920768260333204;-0.24710536429033883;-0.030729254193150108;-0.48521256726432327;-0.4361122207682917;-0.15220388682955227;-0.40599897147057507;5.333333333333333;0.0
Cc1nc(-c2cccc(N3CC(C(=O)Nc4ccc(C)c(F)c4)CC3=O)c2)no1;-0.11958092821202199;0.8427613677948922;-0.16957679805484424;1.6258289027286723;0.6835602399553516;-0.4038847501309328;-0.6209838283181613;-0.49920768260333204;-0.24710536429033883;-0.030729254193150108;-0.48521256726432327;-0.4361122207682917;-0.15220388682955227;2.463060426921489;-0.18749999999999997;0.0
Cc1nc(-c2cccc(N3CC(C(=O)Nc4ccc(Cl)cc4F)CC3=O)c2)no1;-0.11958092821202199;1.0711518153737571;-0.16957679805484424;1.6258289027286723;0.6835602399553516;-0.9731903819644286;-0.6209838283181613;-0.49920768260333204;-0.24710536429033883;-0.030729254193150108;-0.48521256726432327;-0.4361122207682917;-0.15220388682955227;-0.40599897147057507;-0.18749999999999997;0.0
Cc1nc(-c2cccc(N3CC(C(=O)Nc4ccc(F)c(Cl)c4)CC3=O)c2)no1;-0.11958092821202199;0.05870977307255178;4.3242083503985285;1.6258289027286723;0.6835602399553516;-0.9731903819644286;-0.6209838283181613;-0.49920768260333204;-0.24710536429033883;-0.030729254193150108;-0.48521256726432327;-0.4361122207682917;-0.15220388682955227;-0.40599897147057507;5.333333333333333;0.0
Cc1nc(-c2cccc(N3CC(C(=O)Nc4ccc(F)cc4C)CC3=O)c2)no1;-0.11958092821202199;1.3792613732704055;-0.16957679805484424;1.6258289027286723;0.6835602399553516;-0.4038847501309328;-0.6209838283181613;-0.49920768260333204;-0.24710536429033883;-0.030729254193150108;-0.48521256726432327;-0.4361122207682917;-0.15220388682955227;-0.40599897147057507;-0.18749999999999997;0.0
Cc1nc(-c2cccc(N3CC(C(=O)Nc4ccccc4)CC3=O)c2)no1;-0.9005897214858158;0.73738700986698;-0.16957679805484424;1.6258289027286723;0.6835602399553516;-0.9731903819644286;-0.6209838283181613;-0.49920768260333204;-0.24710536429033883;-0.030729254193150108;-0.48521256726432327;-0.4361122207682917;-0.15220388682955227;-0.40599897147057507;-0.18749999999999997;0.0
Cc1nc(-c2cccc(N3CC(C(=O)O)CC3=O)c2)no1;0.21116394791605234;0.1393915324633138;-0.16957679805484424;1.6258289027286723;0.6835602399553516;-0.9731903819644286;-0.6209838283181613;-0.49920768260333204;-0.24710536429033883;-0.030729254193150108;-0.48521256726432327;-0.4361122207682917;-0.15220388682955227;-0.40599897147057507;-0.18749999999999997;0.0
Cc1nc(-c2cccc(NC(=O)C3CC(=O)N(c4ccc(C)c(C)c4)C3)c2)no1;-0.11958092821202922;0.28419358145924534;-0.16957679805484424;1.6258289027286723;0.6835602399553516;0.16542088170256303;-0.6209838283181613;-0.49920768260333204;-0.24710536429033883;-0.030729254193150108;-0.48521256726432327;-0.4361122207682917;-0.15220388682955227;-0.40599897147057507;-0.18749999999999997;0.0
Cc1nc(-c2cccc(NC(=O)CN3C(=O)COc4ccccc43)c2)no1;-0.9005897214858158;0.19629433982975408;-0.16957679805484424;-0.3851146642402806;1.8377432168892844;-0.9731903819644286;-0.6209838283181613;-0.49920768260333204;-0.24710536429033883;-0.030729254193150108;2.060952389667274;1.050315284101127;-0.15220388682955227;-0.40599897147057507;-0.18749999999999997;0.0
Cc1nc(-c2cccc(NC(=O)N3CCN(c4ccccc4)CC3)c2)no1;-1.2941843677810418;-0.04690963530334847;-0.16957679805484424;-0.3851146642402806;-1.5751643097199564;-0.9731903819644286;-0.6209838283181613;-0.49920768260333204;-0.24710536429033883;-0.030729254193150108;-0.48521256726432327;-0.4361122207682917;-0.15220388682955227;-0.40599897147057507;-0.18749999999999997;1.0
Cc1nc(-c2cccc(NC(=O)N3CCc4ccccc4C3)c2)no1;-1.3814777036845647;-0.12756548270750293;-0.16957679805484424;-0.3851146642402806;-1.5751643097199564;0.16542088170256303;-0.6209838283181613;-0.49920768260333204;-0.24710536429033883;-0.030729254193150108;-0.48521256726432327;-0.4361122207682917;-0.15220388682955227;-0.40599897147057507;-0.18749999999999997;1.0
Cc1nc(-c2cccc(NC(=O)NC3CCCc4ccccc43)c2)no1;-1.336152317734658;0.166128023579993;-0.16957679805484424;-0.3851146642402806;-1.5751643097199564;0.16542088170256303;-0.6209838283181613;-0.49920768260333204;-0.24710536429033883;-0.030729254193150108;-0.48521256726432327;-0.4361122207682917;-0.15220388682955227;-0.40599897147057507;-0.18749999999999997;1.0
Cc1nc(-c2cccc(NC(=O)NCCc3ccc(Cl)cc3)c2)no1;-0.2801873287872654;0.3208252792704482;-0.16957679805484424;-0.3851146642402806;-1.5751643097199564;-0.4038847501309328;-0.6209838283181613;-0.49920768260333204;-0.24710536429033883;-0.030729254193150108;-0.48521256726432327;-0.4361122207682917;-0.15220388682955227;-0.40599897147057507;-0.18749999999999997;1.0
Cc1nc(-c2cccc(NC(=O)NCc3cccs3)c2)no1;-0.7737584392132657;0.04238920388305126;-0.16957679805484424;-0.3851146642402806;-1.5751643097199564;-0.9731903819644286;-0.6209838283181613;-0.49920768260333204;-0.24710536429033883;-0.030729254193150108;-0.48521256726432327;-0.4361122207682917;-0.15220388682955227;-0.40599897147057507;-0.18749999999999997;1.0
Cc1nc(-c2cccc(NC(=O)Nc3ccc(C#N)cc3)c2)no1;-0.2834027312789409;0.016491983706206102;-0.16957679805484424;-0.3851146642402806;-1.5751643097199564;-0.4038847501309328;-0.6209838283181613;-0.49920768260333204;-0.24710536429033883;-0.030729254193150108;-0.48521256726432327;-0.4361122207682917;-0.15220388682955227;-0.40599897147057507;-0.18749999999999997;1.0
Cc1nc(-c2cccc(NC(=O)Nc3ccc(Cl)cc3F)c2)no1;0.15939124580318756;0.003563703284830934;-0.16957679805484424;-0.3851146642402806;-1.5751643097199564;-0.9731903819644286;-0.6209838283181613;-0.49920768260333204;-0.24710536429033883;-0.030729254193150108;-0.48521256726432327;-0.4361122207682917;-0.15220388682955227;-0.40599897147057507;-0.18749999999999997;1.0
Cc1nc(-c2cccc(NC(=O)Nc3ccc(F)c(F)c3)c2)no1;0.15939124580318756;-0.03188265795113453;-0.16957679805484424;-0.3851146642402806;-1.5751643097199564;-0.9731903819644286;1.6103478937742153;0.364022567901614;-0.24710536429033883;-0.030729254193150108;-0.48521256726432327;-0.4361122207682917;-0.15220388682955227;2.463060426921489;-0.18749999999999997;1.0
Cc1nc(-c2cccc(NC(=O)Nc3ccccc3C(F)(F)F)c2)no1;0.6715484152137718;-0.5377581295755174;-0.16957679805484424;-0.3851146642402806;-1.5751643097199564;-0.4038847501309328;1.6103478937742153;2.090483068911506;-0.24710536429033883;-0.030729254193150108;-0.48521256726432327;-0.4361122207682917;-0.15220388682955227;2.463060426921489;-0.18749999999999997;1.0
Cc1nc(-c2cccc(NC(=O)c3ccc(C#N)cc3)c2)no1;-0.2868977339872869;0.007607032488129225;-0.16957679805484424;-0.3851146642402806;-0.4458020348823024;0.16542088170256303;-0.6209838283181613;-0.49920768260333204;-0.24710536429033883;-0.030729254193150108;-0.48521256726432327;-0.4361122207682917;-0.15220388682955227;-0.40599897147057507;-0.18749999999999997;1.0
Cc1nc(-c2cccc(NC(=O)c3cccc(F)c3)c2)no1;-0.29071046421457947;-0.31515865814325306;-0.16957679805484424;-0.3851146642402806;-0.4458020348823024;-0.4038847501309328;-0.6209838283181613;-0.49920768260333204;-0.24710536429033883;-0.030729254193150108;-0.48521256726432327;-0.4361122207682917;-0.15220388682955227;-0.40599897147057507;-0.18749999999999997;1.0
Cc1nc(-c2cccc(NC(=O)c3ccccc3)c2)no1;-0.8009365711288127;-0.314102538529637;-0.16957679805484424;-0.3851146642402806;-0.4458020348823024;-0.4038847501309328;-0.6209838283181613;-0.49920768260333204;-0.24710536429033883;-0.030729254193150108;-0.48521256726432327;-0.4361122207682917;-0.15220388682955227;-0.40599897147057507;-0.18749999999999997;1.0
Cc1nc(-c2cccc(NC(=O)c3cccs3)c2)no1;-0.8308325162359043;-0.29733443949984617;-0.16957679805484424;-0.3851146642402806;-0.4458020348823024;-0.9731903819644286;-0.6209838283181613;-0.49920768260333204;-0.24710536429033883;-0.030729254193150108;-0.48521256726432327;-0.4361122207682917;-0.15220388682955227;-0.40599897147057507;-0.18749999999999997;1.0
Cc1nc(-c2cccc(S(=O)(=O)N3CCC(C(=O)N4CCCC4)CC3)c2)no1;-0.374215568387447;-0.47731267637897695;-0.16957679805484424;1.6258289027286723;-0.4458020348823024;-0.9731903819644286;-0.6209838283181613;-0.49920768260333204;-0.24710536429033883;-0.030729254193150108;-0.48521256726432327;-0.4361122207682917;6.5701344481423405;-0.40599897147057507;-0.18749999999999997;0.0
Cc1nc(-c2cccc(S(=O)(=O)N3CCC(C(=O)NC4CCC(C)CC4)CC3)c2)no1;-0.014839789414136799;-0.2105087606095841;-0.16957679805484424;-0.3851146642402806;-0.4458020348823024;-0.9731903819644286;-0.6209838283181613;-0.49920768260333204;-0.24710536429033883;-0.030729254193150108;-0.48521256726432327;-0.4361122207682917;6.5701344481423405;-0.40599897147057507;-0.18749999999999997;1.0
Cc1nc(-c2cccc(S(=O)(=O)N3CCC(C(=O)NC4CCCCC4)CC3)c2)no1;-0.36280237509408747;-0.2950466608468676;-0.16957679805484424;-0.3851146642402806;-0.4458020348823024;-0.9731903819644286;-0.6209838283181613;-0.49920768260333204;-0.24710536429033883;-0.030729254193150108;-0.48521256726432327;-0.4361122207682917;6.5701344481423405;-0.40599897147057507;-0.18749999999999997;1.0
Cc1nc(-c2cccc(S(=O)(=O)N3CCC(C(=O)Nc4ccc(F)c(Cl)c4)CC3)c2)no1;0.31137513466081557;-0.8926489686719803;4.3242083503985285;-0.3851146642402806;-0.4458020348823024;-0.9731903819644286;-0.6209838283181613;-0.49920768260333204;-0.24710536429033883;-0.030729254193150108;-0.48521256726432327;-0.4361122207682917;6.5701344481423405;-0.40599897147057507;5.333333333333333;1.0
Cc1nc(-c2cccc(S(=O)(=O)N3CCC(C(=O)Nc4ccccc4)CC3)c2)no1;-0.36280237509408747;-0.4956775510970587;-0.16957679805484424;-0.3851146642402806;-0.4458020348823024;-0.9731903819644286;-0.6209838283181613;-0.49920768260333204;-0.24710536429033883;-0.030729254193150108;-0.48521256726432327;-0.4361122207682917;6.5701344481423405;-0.40599897147057507;-0.18749999999999997;1.0
Cc1nc(-c2cccc(S(=O)(=O)N3CCC4(CC3)OCCO4)c2)no1;-0.6832875829429662;-0.5795204184948465;-0.16957679805484424;1.6258289027286723;-1.5751643097199564;-0.9731903819644286;-0.6209838283181613;-0.49920768260333204;-0.24710536429033883;-0.030729254193150108;2.060952389667274;5.509597798709383;6.5701344481423405;-0.40599897147057507;-0.18749999999999997;1.0
Cc1nc(-c2cccc(S(=O)(=O)N3CCN(c4ccccc4F)CC3)c2)no1;-0.374215568387447;-0.6509582269502392;-0.16957679805484424;-0.3851146642402806;-1.5751643097199564;-0.9731903819644286;1.6103478937742153;0.364022567901614;-0.24710536429033883;-0.030729254193150108;-0.48521256726432327;-0.4361122207682917;6.5701344481423405;-0.40599897147057507;-0.18749999999999997;1.0
Cc1nc(-c2cccc(S(=O)(=O)N3CCc4ccccc43)c2)no1;-0.8455425287029924;-1.2135870404408775;-0.16957679805484424;1.6258289027286723;-0.5610625645607878;-0.4038847501309328;-0.6209838283181613;-0.49920768260333204;-0.24710536429033883;-0.030729254193150108;-0.48521256726432327;-0.4361122207682917;6.5701344481423405;-0.40599897147057507;-0.18749999999999997;1.0
Cc1nc(-c2cccc(S(=O)(=O)NC3CCCCCC3)c2)no1;-0.1384695259749247;-1.8011064535214905;-0.16957679805484424;-0.3851146642402806;-1.5751643097199564;-0.9731903819644286;-0.6209838283181613;-0.49920768260333204;-0.24710536429033883;-0.030729254193150108;-0.48521256726432327;-0.4361122207682917;6.5701344481423405;-0.40599897147057507;-0.18749999999999997;1.0
Cc1nc(-c2cccc(S(=O)(=O)NCc3ccc(F)cc3)c2)no1;0.3016349451483626;-0.8020787180842216;-0.16957679805484424;-0.3851146642402806;-1.5751643097199564;-0.4038847501309328;1.6103478937742153;0.364022567901614;-0.24710536429033883;-0.030729254193150108;-0.48521256726432327;-0.4361122207682917;6.5701344481423405;-0.40599897147057507;-0.18749999999999997;1.0
Cc1nc(-c2cccc(S(=O)(=O)NCc3cccs3)c2)no1;-0.13553551947437928;-0.9049330393328;-0.16957679805484424;-0.3851146642402806;-1.5751643097199564;-0.9731903819644286;-0.6209838283181613;-0.49920768260333204;-0.24710536429033883;-0.030729254193150108;-0.48521256726432327;-0.4361122207682917;6.5701344481423405;-0.40599897147057507;-0.18749999999999997;1.0
Cc1nc(-c2cccc(S(=O)(=O)Nc3ccc(OC(F)(F)F)cc3)c2)no1;1.1591905689194997;-1.9893976977639034;-0.16957679805484424;-0.3851146642402806;-0.46286595987428214;-0.9731903819644286;-0.6209838283181613;-0.49920768260333204;-0.24710536429033883;-0.030729254193150108;-0.48521256726432327;-0.4361122207682917;6.5701344481423405;-0.40599897147057507;-0.18749999999999997;1.0
Cc1nc(-c2cccc(S(=O)(=O)Nc3ccc(S(N)(=O)=O)cc3)c2)no1;1.2115831934543597;-0.9566810330416692;-0.16957679805484424;-0.3851146642402806;-0.46286595987428214;-0.9731903819644286;-0.6209838283181613;-0.49920768260333204;-0.24710536429033883;-0.030729254193150108;-0.48521256726432327;-0.4361122207682917;6.5701344481423405;-0.40599897147057507;-0.18749999999999997;0.0
Cc1nc(-c2ccccc2)c(N)c(N2CCOCC2)n1;-0.8308325162359043;0.23406011766178172;-0.16957679805484424;-0.3851146642402806;-1.5751643097199564;-0.9731903819644286;-0.6209838283181613;-0.49920768260333204;-0.24710536429033883;-0.030729254193150108;-0.48521256726432327;-0.4361122207682917;-0.15220388682955227;-0.40599897147057507;-0.18749999999999997;1.0
Cc1nc(-c2ccccc2)c(NC(=O)c2ccc(C(C)(C)C)cc2)s1;0.7065310585817979;0.5625805350183665;-0.16957679805484424;-0.3851146642402806;-0.4458020348823024;0.16542088170256303;-0.6209838283181613;-0.49920768260333204;-0.24710536429033883;-0.030729254193150108;-0.48521256726432327;-0.4361122207682917;-0.15220388682955227;-0.40599897147057507;-0.18749999999999997;0.0
Cc1nc(-c2ccccc2)cc(N2CCCCC2)n1;-1.423194110826441;-0.20460397550664172;-0.16957679805484424;-0.3851146642402806;-1.5751643097199564;-0.9731903819644286;-0.6209838283181613;-0.49920768260333204;-0.24710536429033883;-0.030729254193150108;-0.48521256726432327;-0.4361122207682917;-0.15220388682955227;-0.40599897147057507;-0.18749999999999997;1.0
Cc1nc(-c2ccccc2)cc2nn(CC(=O)NC(C)C)c(=O)n12;0.602185222885316;0.12514633532772246;-0.16957679805484424;-0.3851146642402806;-0.4458020348823024;-0.9731903819644286;-0.6209838283181613;-0.49920768260333204;-0.24710536429033883;-0.030729254193150108;-0.48521256726432327;-0.4361122207682917;-0.15220388682955227;-0.40599897147057507;-0.18749999999999997;0.0
Cc1nc(-c2ccccc2)cc2nn(CC(=O)NC3CCCCC3)c(=O)n12;-0.9005897214858014;0.30590220855779077;-0.16957679805484424;-0.3851146642402806;-0.4458020348823024;-0.9731903819644286;-0.6209838283181613;-0.49920768260333204;-0.24710536429033883;-0.030729254193150108;-0.48521256726432327;-0.4361122207682917;-0.15220388682955227;-0.40599897147057507;-0.18749999999999997;0.0
Cc1nc(-c2ccccc2)cc2nn(CC(=O)NCCC(C)C)c(=O)n12;0.5402465388951426;0.7775459895648965;-0.16957679805484424;-0.3851146642402806;-0.4458020348823024;-0.9731903819644286;-0.6209838283181613;-0.49920768260333204;-0.24710536429033883;-0.030729254193150108;-0.48521256726432327;-0.4361122207682917;-0.15220388682955227;-0.40599897147057507;-0.18749999999999997;0.0
Cc1nc(-c2ccccc2)cc2nnc(SCC(=O)NCc3ccccc3)n12;-1.2552141285383875;0.11503531855699918;-0.16957679805484424;-0.3851146642402806;0.5907898780774372;-0.4038847501309328;-0.6209838283181613;-0.49920768260333204;-0.24710536429033883;-0.030729254193150108;-0.48521256726432327;-0.4361122207682917;-0.15220388682955227;-0.40599897147057507;-0.18749999999999997;1.0
Cc1nc(-c2ccccc2)nc(N2CCN(CC(C)(C)O)CC2)c1Cc1cccc(Cl)c1;-0.02072034815078074;-0.7611625892670733;-0.16957679805484424;-0.3851146642402806;-0.4209813327860232;0.16542088170256303;-0.6209838283181613;-0.49920768260333204;-0.24710536429033883;-0.030729254193150108;-0.48521256726432327;-0.4361122207682917;-0.15220388682955227;-0.40599897147057507;-0.18749999999999997;1.0
Cc1nc(-c2ccccc2)nc(N2CCN(CC(C)(C)O)CC2)c1Cc1ccccc1;-0.35764802973578136;-0.851124737073725;-0.16957679805484424;-0.3851146642402806;-0.4209813327860232;0.16542088170256303;-0.6209838283181613;-0.49920768260333204;-0.24710536429033883;-0.030729254193150108;-0.48521256726432327;-0.4361122207682917;-0.15220388682955227;-0.40599897147057507;-0.18749999999999997;1.0
Cc1nc(-c2ccccc2)nc(N2CCN(CC(O)COCC(C)C)CC2)c1Cc1ccccc1;-0.43751452520117873;0.268840310400489;-0.16957679805484424;-0.3851146642402806;-0.4209813327860232;0.16542088170256303;-0.6209838283181613;-0.49920768260333204;-0.24710536429033883;-0.030729254193150108;-0.48521256726432327;-0.4361122207682917;-0.15220388682955227;-0.40599897147057507;-0.18749999999999997;0.0
Cc1nc(-c2ccccc2)nc(N2CCN(S(C)(=O)=O)CC2)c1Cc1ccc(Cl)cc1;-0.014839789414129567;-0.041899419605390405;-0.16957679805484424;-0.3851146642402806;-1.5751643097199564;0.16542088170256303;-0.6209838283181613;-0.49920768260333204;-0.24710536429033883;-0.030729254193150108;-0.48521256726432327;-0.4361122207682917;-0.15220388682955227;-0.40599897147057507;-0.18749999999999997;1.0
Cc1nc(-c2ccccc2)nc2c1CCC(=O)N2Cc1cccnc1;-1.3814777036845647;-0.5943653740752801;-0.16957679805484424;-0.3851146642402806;1.8823664810226073;0.16542088170256303;-0.6209838283181613;-0.49920768260333204;-0.24710536429033883;-0.030729254193150108;-0.48521256726432327;-0.4361122207682917;-0.15220388682955227;-0.40599897147057507;-0.18749999999999997;0.0
Cc1nc(-c2ccccc2)sc1-c1ccc(SCC(=O)N2CCCc3ccccc32)nn1;-1.6519771936713818;-1.321197931937932;-0.16957679805484424;-0.3851146642402806;-0.4458020348823024;-0.4038847501309328;-0.6209838283181613;-0.49920768260333204;-0.24710536429033883;-0.030729254193150108;-0.48521256726432327;-0.4361122207682917;-0.15220388682955227;-0.40599897147057507;-0.18749999999999997;1.0
Cc1nc(-c2ccccc2)sc1-c1ccc(SCC(=O)N2CCOCC2)nn1;-1.2552141285383949;-1.0623752645203428;-0.16957679805484424;-0.3851146642402806;-0.4458020348823024;-0.9731903819644286;-0.6209838283181613;-0.49920768260333204;-0.24710536429033883;-0.030729254193150108;-0.48521256726432327;-0.4361122207682917;6.5701344481423405;-0.40599897147057507;-0.18749999999999997;1.0
Cc1nc(-c2ccccc2)sc1-c1ccc(SCC(=O)Nc2ccccc2)nn1;-1.2189314920021435;-1.193555452420796;-0.16957679805484424;-0.3851146642402806;-0.4458020348823024;-0.9731903819644286;-0.6209838283181613;-0.49920768260333204;-0.24710536429033883;-0.030729254193150108;-0.48521256726432327;-0.4361122207682917;-0.15220388682955227;-0.40599897147057507;-0.18749999999999997;0.0
Cc1nc(-c2ccccc2)sc1C(=O)N1CCCC1;-0.8638754029332277;0.6089523184364038;-0.16957679805484424;1.6258289027286723;-0.4458020348823024;-0.9731903819644286;-0.6209838283181613;-0.49920768260333204;-0.24710536429033883;-0.030729254193150108;-0.48521256726432327;-0.4361122207682917;-0.15220388682955227;-0.40599897147057507;-0.18749999999999997;0.0
Cc1nc(-c2ccccc2)sc1C(=O)NC(C)C;1.2193722130921765;1.3455596209851128;-0.16957679805484424;-0.3851146642402806;-0.4458020348823024;-0.9731903819644286;-0.6209838283181613;-0.49920768260333204;-0.24710536429033883;-0.030729254193150108;-0.48521256726432327;-0.4361122207682917;-0.15220388682955227;-0.40599897147057507;-0.18749999999999997;0.0
Cc1nc(-c2ccccc2)sc1C(=O)NCC1CCCO1;-0.8009365711288127;-1.2140293720544097;-0.16957679805484424;1.6258289027286723;-0.4458020348823024;-0.9731903819644286;-0.6209838283181613;-0.49920768260333204;-0.24710536429033883;-0.030729254193150108;-0.48521256726432327;-0.4361122207682917;6.5701344481423405;-0.40599897147057507;-0.18749999999999997;0.0
Cc1nc(-c2ccccc2)sc1C(=O)Nc1ccc(N2CCOCC2)cc1;-1.2941843677810418;0.467086816030447;-0.16957679805484424;-0.3851146642402806;-0.4458020348823024;-0.9731903819644286;-0.6209838283181613;-0.49920768260333204;-0.24710536429033883;-0.030729254193150108;-0.48521256726432327;-0.4361122207682917;-0.15220388682955227;-0.40599897147057507;-0.18749999999999997;1.0
Cc1nc(-c2ccccc2)sc1C(=O)Nc1ccc2c(c1)OCCO2;-1.3814777036845647;0.6069168380123661;-0.16957679805484424;-0.3851146642402806;-0.4458020348823024;-0.9731903819644286;-0.6209838283181613;-0.49920768260333204;-0.24710536429033883;-0.030729254193150108;2.060952389667274;1.050315284101127;-0.15220388682955227;-0.40599897147057507;-0.18749999999999997;1.0
Cc1nc(-c2ccccc2)sc1C(=O)Nc1nccs1;-0.8308325162359043;0.48720391870547164;-0.16957679805484424;-0.3851146642402806;0.8065775467381363;-0.9731903819644286;-0.6209838283181613;-0.49920768260333204;-0.24710536429033883;-0.030729254193150108;-0.48521256726432327;-0.4361122207682917;-0.15220388682955227;-0.40599897147057507;-0.18749999999999997;0.0
Cc1nc(-c2ccccc2)sc1C(=O)Nc1nnc(C2CC2)s1;-1.4839524893104412;1.0692160224017444;-0.16957679805484424;-0.3851146642402806;0.8065775467381363;-0.9731903819644286;-0.6209838283181613;-0.49920768260333204;-0.24710536429033883;-0.030729254193150108;-0.48521256726432327;-0.4361122207682917;-0.15220388682955227;-0.40599897147057507;-0.18749999999999997;0.0
Cc1nc(-c2ccccc2)sc1C(=O)Nc1nncs1;-0.8308325162359043;0.8760324618546228;-0.16957679805484424;-0.3851146642402806;0.8065775467381363;-0.9731903819644286;-0.6209838283181613;-0.49920768260333204;-0.24710536429033883;-0.030729254193150108;-0.48521256726432327;-0.4361122207682917;-0.15220388682955227;-0.40599897147057507;-0.18749999999999997;0.0
Cc1nc(-c2ccccc2)sc1CCNC(=O)C(=O)Nc1ccc([N+](=O)[O-])cc1;0.46335713807976014;-0.040869035961076085;-0.16957679805484424;-0.3851146642402806;3.0660069808823307;-0.9731903819644286;-0.6209838283181613;-0.49920768260333204;-0.24710536429033883;-0.030729254193150108;-0.48521256726432327;-0.4361122207682917;6.5701344481423405;-0.40599897147057507;-0.18749999999999997;1.0
Cc1nc(-c2ccccc2)sc1CCNS(=O)(=O)c1ccccc1F;0.28144884058296243;1.2004714382538628;-0.16957679805484424;-0.3851146642402806;-1.5751643097199564;-0.9731903819644286;-0.6209838283181613;-0.49920768260333204;-0.24710536429033883;-0.030729254193150108;-0.48521256726432327;-0.4361122207682917;6.5701344481423405;-0.40599897147057507;-0.18749999999999997;1.0
Cc1nc(-c2ccccc2C)c(N)c(N2CCOCC2)n1;-0.2948863116063802;0.07278655344622413;-0.16957679805484424;-0.3851146642402806;-1.5751643097199564;-0.4038847501309328;-0.6209838283181613;-0.49920768260333204;-0.24710536429033883;-0.030729254193150108;-0.48521256726432327;-0.4361122207682917;-0.15220388682955227;-0.40599897147057507;-0.18749999999999997;1.0
Cc1nc(-c2ccccc2Cl)sc1C(=O)NCC(=O)NCC(=O)O;1.7493626967366709;-0.13296182860820013;-0.16957679805484424;-0.3851146642402806;1.812922514793006;-0.9731903819644286;-0.6209838283181613;-0.49920768260333204;-0.24710536429033883;-0.030729254193150108;-0.48521256726432327;-0.4361122207682917;6.5701344481423405;-0.40599897147057507;-0.18749999999999997;0.0
Cc1nc(-c2ccccc2Cl)sc1C(=O)NCCc1ccc(S(N)(=O)=O)cc1;0.9886171038412634;1.089280965692283;-0.16957679805484424;-0.3851146642402806;-0.4458020348823024;-0.4038847501309328;-0.6209838283181613;-0.49920768260333204;-0.24710536429033883;-0.030729254193150108;-0.48521256726432327;-0.4361122207682917;-0.15220388682955227;-0.40599897147057507;-0.18749999999999997;0.0
Cc1nc(-c2ccccc2Cl)sc1C(=O)N[C@H](C(=O)O)C(C)C;2.2962946887233926;-0.4724592100567906;-0.16957679805484424;-0.3851146642402806;-0.4458020348823024;-0.9731903819644286;-0.6209838283181613;-0.49920768260333204;-0.24710536429033883;-0.030729254193150108;-0.48521256726432327;-0.4361122207682917;6.5701344481423405;-0.40599897147057507;-0.18749999999999997;0.0
Cc1nc(-c2ccccc2Cl)sc1C(=O)O;1.3971709483520578;0.5883369105042423;-0.16957679805484424;-0.3851146642402806;-1.5751643097199564;-0.9731903819644286;-0.6209838283181613;-0.49920768260333204;-0.24710536429033883;-0.030729254193150108;-0.48521256726432327;-0.4361122207682917;-0.15220388682955227;-0.40599897147057507;-0.18749999999999997;0.0
Cc1nc(-c2ccccc2F)c(C(=O)NC(Cc2ccccc2)C(=O)C(N)=O)o1;0.8298073260097982;-0.014221941784364017;-0.16957679805484424;-0.3851146642402806;1.812922514793006;-0.4038847501309328;1.6103478937742153;0.364022567901614;-0.24710536429033883;-0.030729254193150108;2.060952389667274;2.536742788970546;-0.15220388682955227;2.463060426921489;-0.18749999999999997;0.0
Cc1nc(-c2ccccc2F)sc1C(=O)NCCc1ccc(S(N)(=O)=O)cc1;0.9886171038412634;1.0118297928436362;-0.16957679805484424;-0.3851146642402806;-0.4458020348823024;-0.4038847501309328;-0.6209838283181613;-0.49920768260333204;-0.24710536429033883;-0.030729254193150108;-0.48521256726432327;-0.4361122207682917;-0.15220388682955227;-0.40599897147057507;-0.18749999999999997;0.0
Cc1nc(-c2ccccc2F)sc1C(=O)NCc1ccccn1;-0.2868977339872869;-0.2854240437821868;-0.16957679805484424;-0.3851146642402806;0.728183504088674;-0.9731903819644286;-0.6209838283181613;-0.49920768260333204;-0.24710536429033883;-0.030729254193150108;-0.48521256726432327;-0.4361122207682917;-0.15220388682955227;-0.40599897147057507;-0.18749999999999997;1.0
Cc1nc(-c2ccccc2F)sc1C(=O)N[C@H](C(=O)O)C(C)C;2.2962946887233926;-0.6370977773784544;-0.16957679805484424;-0.3851146642402806;-0.4458020348823024;-0.9731903819644286;-0.6209838283181613;-0.49920768260333204;-0.24710536429033883;-0.030729254193150108;-0.48521256726432327;-0.4361122207682917;6.5701344481423405;-0.40599897147057507;-0.18749999999999997;0.0
Cc1nc(-c2ccccc2F)sc1C(=O)Nc1ccc2c(c1)OCCO2;-0.9274194158126922;0.6010006171798149;-0.16957679805484424;-0.3851146642402806;-0.4458020348823024;-0.9731903819644286;-0.6209838283181613;-0.49920768260333204;-0.24710536429033883;-0.030729254193150108;2.060952389667274;1.050315284101127;-0.15220388682955227;-0.40599897147057507;-0.18749999999999997;1.0
Cc1nc(-c2ccccc2OC2CN(C(=O)c3ccoc3)C2)no1;-1.4305802051302958;0.5373146282151346;-0.16957679805484424;-0.3851146642402806;-0.4458020348823024;-0.4038847501309328;-0.6209838283181613;-0.49920768260333204;-0.24710536429033883;-0.030729254193150108;-0.48521256726432327;-0.4361122207682917;-0.15220388682955227;-0.40599897147057507;-0.18749999999999997;1.0
Cc1nc(-c2ccccc2OC2CN(S(=O)(=O)c3ccccc3C)C2)no1;-0.3805562313282031;1.1286711580785076;-0.16957679805484424;-0.3851146642402806;-1.5751643097199564;-0.4038847501309328;-0.6209838283181613;-0.49920768260333204;-0.24710536429033883;-0.030729254193150108;-0.48521256726432327;-0.4361122207682917;-0.15220388682955227;-0.40599897147057507;-0.18749999999999997;1.0
Cc1nc(-c2ccccc2OC2CN(S(=O)(=O)c3cn(C)cn3)C2)no1;-0.3873846375721043;0.668239236378077;-0.16957679805484424;-0.3851146642402806;-1.5751643097199564;-0.9731903819644286;-0.6209838283181613;-0.49920768260333204;-0.24710536429033883;-0.030729254193150108;-0.48521256726432327;-0.4361122207682917;-0.15220388682955227;-0.40599897147057507;-0.18749999999999997;1.0
Cc1nc(-c2ccccc2OCC(=O)NC(C)C)no1;1.0771332248842715;-0.7929559043768322;-0.16957679805484424;-0.3851146642402806;-0.4458020348823024;-0.9731903819644286;-0.6209838283181613;-0.49920768260333204;-0.24710536429033883;-0.030729254193150108;-0.48521256726432327;-0.4361122207682917;-0.15220388682955227;-0.40599897147057507;-0.18749999999999997;0.0
Cc1nc(-c2ccccn2)cc2nn(CC(=O)NCCC3=CCCCC3)c(=O)n12;-0.8524813040720837;0.16775392279794302;-0.16957679805484424;-0.3851146642402806;0.728183504088674;-1.5424960137979244;-0.6209838283181613;-0.49920768260333204;-0.24710536429033883;-0.030729254193150108;-0.48521256726432327;-0.4361122207682917;-0.15220388682955227;-0.40599897147057507;-0.18749999999999997;0.0
Cc1nc(-c2cccnc2)nc2c1CCC(=O)N2Cc1ccccn1;-1.3814777036845647;-0.3691923030126075;-0.16957679805484424;-0.3851146642402806;3.056352019993585;-0.4038847501309328;-0.6209838283181613;-0.49920768260333204;-0.24710536429033883;-0.030729254193150108;-0.48521256726432327;-0.4361122207682917;-0.15220388682955227;-0.40599897147057507;-0.18749999999999997;0.0
Cc1nc(-c2cccnc2)nc2c1CCC(=O)N2Cc1cccnc1;-1.3814777036845647;-0.35592991474654045;-0.16957679805484424;-0.3851146642402806;3.056352019993585;0.16542088170256303;-0.6209838283181613;-0.49920768260333204;-0.24710536429033883;-0.030729254193150108;-0.48521256726432327;-0.4361122207682917;-0.15220388682955227;-0.40599897147057507;-0.18749999999999997;0.0
Cc1nc(-c2cccnc2)nc2c1CCC(=O)N2Cc1cccs1;-1.4305802051302958;-0.5633109243632225;-0.16957679805484424;-0.3851146642402806;1.8823664810226073;-0.4038847501309328;-0.6209838283181613;-0.49920768260333204;-0.24710536429033883;-0.030729254193150108;-0.48521256726432327;-0.4361122207682917;-0.15220388682955227;-0.40599897147057507;-0.18749999999999997;0.0
Cc1nc(-c2cccnc2)nc2c1CCC(=O)N2Cc1ccncc1;-1.3814777036845647;-0.4445823549712855;-0.16957679805484424;-0.3851146642402806;3.056352019993585;0.16542088170256303;-0.6209838283181613;-0.49920768260333204;-0.24710536429033883;-0.030729254193150108;-0.48521256726432327;-0.4361122207682917;-0.15220388682955227;-0.40599897147057507;-0.18749999999999997;0.0
Cc1nc(-c2cccnc2)sc1C(=O)NC(C)(C)C;1.8835045474172531;1.6998607143631845;-0.16957679805484424;-0.3851146642402806;0.728183504088674;-0.9731903819644286;-0.6209838283181613;-0.49920768260333204;-0.24710536429033883;-0.030729254193150108;-0.48521256726432327;-0.4361122207682917;-0.15220388682955227;-0.40599897147057507;-0.18749999999999997;0.0
Cc1nc(-c2cccnc2)sc1C(=O)NC(C)CCc1ccccc1;-0.2801873287872654;1.5517635678783517;-0.16957679805484424;-0.3851146642402806;0.728183504088674;-0.4038847501309328;-0.6209838283181613;-0.49920768260333204;-0.24710536429033883;-0.030729254193150108;-0.48521256726432327;-0.4361122207682917;-0.15220388682955227;-0.40599897147057507;-0.18749999999999997;1.0
Cc1nc(-c2cccnc2)sc1C(=O)NC1C2CC3CC(C2)CC1C3;-2.0576858605830215;-1.4942707674536708;-0.16957679805484424;-0.3851146642402806;0.728183504088674;-0.9731903819644286;-0.6209838283181613;-0.49920768260333204;-0.24710536429033883;-0.030729254193150108;-0.48521256726432327;-0.4361122207682917;-0.15220388682955227;-0.40599897147057507;-0.18749999999999997;0.0
Cc1nc(-c2cccnc2)sc1C(=O)NCCCN1CCOCC1;-0.7261967083610693;0.19175486191250835;-0.16957679805484424;-0.3851146642402806;1.8823664810226073;-0.9731903819644286;-0.6209838283181613;-0.49920768260333204;-0.24710536429033883;-0.030729254193150108;-0.48521256726432327;-0.4361122207682917;-0.15220388682955227;-0.40599897147057507;-0.18749999999999997;1.0
Cc1nc(-c2cccnc2)sc1C(=O)Nc1ccccc1-c1cn2c(CN3CCOCC3)csc2n1;-1.960570688774812;-1.059643576940544;-0.16957679805484424;-0.3851146642402806;2.9189583939823467;-0.4038847501309328;-0.6209838283181613;-0.49920768260333204;-0.24710536429033883;-0.030729254193150108;-0.48521256726432327;-0.4361122207682917;-0.15220388682955227;-0.40599897147057507;-0.18749999999999997;0.0
Cc1nc(-c2cccnc2)sc1CCNS(=O)(=O)c1cc(F)ccc1F;0.6715484152137718;1.0264942904254548;-0.16957679805484424;-0.3851146642402806;-0.40117877074897995;-0.9731903819644286;-0.6209838283181613;-0.49920768260333204;-0.24710536429033883;-0.030729254193150108;-0.48521256726432327;-0.4361122207682917;6.5701344481423405;-0.40599897147057507;-0.18749999999999997;0.0
Cc1nc(-c2cccnc2)sc1CCNS(=O)(=O)c1ccc(Cl)cc1;0.28144884058296243;0.8495736105851246;8.817993498851902;-0.3851146642402806;-0.40117877074897995;-0.9731903819644286;-0.6209838283181613;-0.49920768260333204;4.046856703705712;-0.030729254193150108;-0.48521256726432327;-0.4361122207682917;6.5701344481423405;-0.40599897147057507;5.333333333333333;1.0
Cc1nc(-c2cccnc2)sc1CCNS(=O)(=O)c1ccc2c(c1)CCCC2;-0.7537532630292714;1.0868514970242644;-0.16957679805484424;-0.3851146642402806;-0.40117877074897995;0.16542088170256303;-0.6209838283181613;-0.49920768260333204;-0.24710536429033883;-0.030729254193150108;-0.48521256726432327;-0.4361122207682917;6.5701344481423405;-0.40599897147057507;-0.18749999999999997;0.0
Cc1nc(-c2cccnc2)sc1CCNS(=O)(=O)c1ccc2c(c1)OCCO2;-0.7537532630292714;1.2159418884132724;-0.16957679805484424;-0.3851146642402806;-0.40117877074897995;-0.9731903819644286;-0.6209838283181613;-0.49920768260333204;-0.24710536429033883;-0.030729254193150108;2.060952389667274;2.536742788970546;6.5701344481423405;-0.40599897147057507;-0.18749999999999997;0.0
Cc1nc(-c2cccnc2N2CCC(C(=O)NCCN3CCCCC3)CC2)no1;-1.2189314920021435;-0.755851067626163;-0.16957679805484424;-0.3851146642402806;-0.4458020348823024;-0.9731903819644286;-0.6209838283181613;-0.49920768260333204;-0.24710536429033883;-0.030729254193150108;-0.48521256726432327;-0.4361122207682917;-0.15220388682955227;-0.40599897147057507;-0.18749999999999997;1.0
Cc1nc(-c2cccnc2N2CCC(C(=O)NCCN3CCCCC3C)CC2)no1;-0.8308325162359259;-0.6266189901095672;-0.16957679805484424;-0.3851146642402806;0.708380942051631;-0.9731903819644286;-0.6209838283181613;-0.49920768260333204;-0.24710536429033883;-0.030729254193150108;-0.48521256726432327;-0.4361122207682917;-0.15220388682955227;-0.40599897147057507;-0.18749999999999997;0.0
Cc1nc(-c2cccnc2SCC(=O)NCCC(C)C)no1;0.9607558708959857;-1.195149706983313;-0.16957679805484424;-0.3851146642402806;-0.4458020348823024;-0.9731903819644286;-0.6209838283181613;-0.49920768260333204;-0.24710536429033883;-0.030729254193150108;-0.48521256726432327;-0.4361122207682917;-0.15220388682955227;-0.40599897147057507;-0.18749999999999997;0.0
Cc1nc(-c2cccnc2SCC(=O)NCCC2CCN(C)CC2)no1;-0.27721926494878907;-0.3779723584425034;-0.16957679805484424;-0.3851146642402806;-0.4458020348823024;-0.9731903819644286;-0.6209838283181613;-0.49920768260333204;-0.24710536429033883;-0.030729254193150108;-0.48521256726432327;-0.4361122207682917;-0.15220388682955227;-0.40599897147057507;-0.18749999999999997;1.0
Cc1nc(-c2cccnc2SCC(=O)NCCN2CCCCC2C)no1;-0.2772192649487818;-0.6010178732124372;-0.16957679805484424;-0.3851146642402806;0.708380942051631;-0.9731903819644286;-0.6209838283181613;-0.49920768260333204;-0.24710536429033883;-0.030729254193150108;-0.48521256726432327;-0.4361122207682917;-0.15220388682955227;-0.40599897147057507;-0.18749999999999997;0.0
Cc1nc(-c2cccnc2SCC(=O)NCCN2CCN(C)CC2)no1;-0.27721926494878907;-0.397380385629529;-0.16957679805484424;-0.3851146642402806;0.708380942051631;-0.9731903819644286;-0.6209838283181613;-0.49920768260333204;-0.24710536429033883;-0.030729254193150108;-0.48521256726432327;-0.4361122207682917;-0.15220388682955227;-0.40599897147057507;-0.18749999999999997;0.0
Cc1nc(-c2cccnc2SCC(=O)NCCc2cccnc2)no1;-0.7052695467861081;-0.5417083624454814;-0.16957679805484424;-0.3851146642402806;0.728183504088674;-0.4038847501309328;-0.6209838283181613;-0.49920768260333204;-0.24710536429033883;-0.030729254193150108;-0.48521256726432327;-0.4361122207682917;-0.15220388682955227;-0.40599897147057507;-0.18749999999999997;0.0
Cc1nc(-c2cccnc2SCC(=O)NCc2cc(F)cc(F)c2)no1;0.13151363697316953;-0.5555606850099066;-0.16957679805484424;-0.3851146642402806;-0.4458020348823024;-0.4038847501309328;-0.6209838283181613;-0.49920768260333204;-0.24710536429033883;-0.030729254193150108;-0.48521256726432327;-0.4361122207682917;-0.15220388682955227;-0.40599897147057507;-0.18749999999999997;0.0
Cc1nc(-c2cccnc2SCC(=O)NCc2cccc(C(F)(F)F)c2)no1;0.6090794091994318;-0.35944857840223443;-0.16957679805484424;-0.3851146642402806;-0.4458020348823024;0.16542088170256303;1.6103478937742153;2.090483068911506;-0.24710536429033883;-0.030729254193150108;-0.48521256726432327;-0.4361122207682917;-0.15220388682955227;-0.40599897147057507;-0.18749999999999997;1.0
Cc1nc(-c2cccs2)c(CC(=O)N2CCC3(CC2)OCCO3)s1;-1.2883365057851064;-1.7126768968917643;-0.16957679805484424;1.6258289027286723;-0.4458020348823024;-1.5424960137979244;-0.6209838283181613;-0.49920768260333204;-0.24710536429033883;-0.030729254193150108;2.060952389667274;2.536742788970546;6.5701344481423405;-0.40599897147057507;-0.18749999999999997;1.0
Cc1nc(-c2cccs2)c(CC(=O)N2CCCC2)s1;-0.8638754029332277;-1.1252880111313366;-0.16957679805484424;1.6258289027286723;-0.4458020348823024;-1.5424960137979244;-0.6209838283181613;-0.49920768260333204;-0.24710536429033883;-0.030729254193150108;-0.48521256726432327;-0.4361122207682917;6.5701344481423405;-0.40599897147057507;-0.18749999999999997;0.0
Cc1nc(-c2cccs2)c(CC(=O)N2CCOCC2)s1;-0.8308325162359043;-1.2231763836466196;-0.16957679805484424;-0.3851146642402806;-0.4458020348823024;-1.5424960137979244;-0.6209838283181613;-0.49920768260333204;-0.24710536429033883;-0.030729254193150108;-0.48521256726432327;-0.4361122207682917;6.5701344481423405;-0.40599897147057507;-0.18749999999999997;0.0
Cc1nc(-c2cccs2)c(CC(=O)N2C[C@H](C)C[C@H](C)C2)s1;0.19233751078410677;-3.184763945000024;-0.16957679805484424;-0.3851146642402806;-0.4458020348823024;-1.5424960137979244;-0.6209838283181613;-0.49920768260333204;-0.24710536429033883;-0.030729254193150108;-0.48521256726432327;-0.4361122207682917;6.5701344481423405;-0.40599897147057507;-0.18749999999999997;1.0
Cc1nc(-c2cccs2)c(CC(=O)NC(C)(C)C)s1;1.8835045474172531;0.6736611983169902;-0.16957679805484424;-0.3851146642402806;-0.4458020348823024;-1.5424960137979244;-0.6209838283181613;-0.49920768260333204;-0.24710536429033883;-0.030729254193150108;-0.48521256726432327;-0.4361122207682917;6.5701344481423405;-0.40599897147057507;-0.18749999999999997;0.0
Cc1nc(-c2cccs2)c(CC(=O)NC(C)C)s1;1.2193722130921765;0.31158233359040066;-0.16957679805484424;-0.3851146642402806;-0.4458020348823024;-1.5424960137979244;-0.6209838283181613;-0.49920768260333204;-0.24710536429033883;-0.030729254193150108;-0.48521256726432327;-0.4361122207682917;6.5701344481423405;-0.40599897147057507;-0.18749999999999997;0.0
Cc1nc(-c2cccs2)c(CC(=O)NC2CC2)s1;-0.9005897214858014;0.6729191299770052;-0.16957679805484424;-0.3851146642402806;-0.4458020348823024;-1.5424960137979244;-0.6209838283181613;-0.49920768260333204;-0.24710536429033883;-0.030729254193150108;-0.48521256726432327;-0.4361122207682917;6.5701344481423405;-0.40599897147057507;-0.18749999999999997;0.0
Cc1nc(-c2cccs2)c(CC(=O)NC2CCCC2)s1;-0.8308325162359043;-0.6297062697549771;-0.16957679805484424;-0.3851146642402806;-0.4458020348823024;-1.5424960137979244;-0.6209838283181613;-0.49920768260333204;-0.24710536429033883;-0.030729254193150108;-0.48521256726432327;-0.4361122207682917;6.5701344481423405;-0.40599897147057507;-0.18749999999999997;0.0
Cc1nc(-c2cccs2)c(CC(=O)NC2CCCCC2)s1;-0.8009365711288127;-0.10887683802041152;-0.16957679805484424;-0.3851146642402806;-0.4458020348823024;-1.5424960137979244;-0.6209838283181613;-0.49920768260333204;-0.24710536429033883;-0.030729254193150108;-0.48521256726432327;-0.4361122207682917;6.5701344481423405;-0.40599897147057507;-0.18749999999999997;1.0
Cc1nc(-c2cccs2)c(CC(=O)NC2CCCCCC2)s1;-0.7737584392132657;0.40819837696174355;-0.16957679805484424;-0.3851146642402806;-0.4458020348823024;-1.5424960137979244;-0.6209838283181613;-0.49920768260333204;-0.24710536429033883;-0.030729254193150108;-0.48521256726432327;-0.4361122207682917;6.5701344481423405;-0.40599897147057507;-0.18749999999999997;0.0
Cc1nc(-c2cccs2)c(CC(=O)NCC(C)C)s1;1.1445095877195968;-1.7332699903628859;-0.16957679805484424;-0.3851146642402806;-0.4458020348823024;-1.5424960137979244;-0.6209838283181613;-0.49920768260333204;-0.24710536429033883;-0.030729254193150108;-0.48521256726432327;-0.4361122207682917;6.5701344481423405;-0.40599897147057507;-0.18749999999999997;0.0
Cc1nc(-c2cccs2)c(CC(=O)NCC2CCCO2)s1;-0.8009365711288127;0.4774820293420007;-0.16957679805484424;1.6258289027286723;-0.4458020348823024;-1.5424960137979244;-0.6209838283181613;-0.49920768260333204;-0.24710536429033883;-0.030729254193150108;-0.48521256726432327;-0.4361122207682917;6.5701344481423405;-0.40599897147057507;-0.18749999999999997;0.0
Cc1nc(-c2cccs2)c(CC(=O)NCCC(C)C)s1;1.0771332248842715;0.9389714884031651;-0.16957679805484424;-0.3851146642402806;-0.4458020348823024;-1.5424960137979244;-0.6209838283181613;-0.49920768260333204;-0.24710536429033883;-0.030729254193150108;-0.48521256726432327;-0.4361122207682917;6.5701344481423405;-0.40599897147057507;-0.18749999999999997;0.0
Cc1nc(-c2cccs2)c(CC(=O)NCCc2ccccc2)s1;-0.7489436231164645;0.8738746470918588;-0.16957679805484424;-0.3851146642402806;-0.4458020348823024;-0.9731903819644286;-0.6209838283181613;-0.49920768260333204;-0.24710536429033883;-0.030729254193150108;-0.48521256726432327;-0.4361122207682917;6.5701344481423405;-0.40599897147057507;-0.18749999999999997;0.0
Cc1nc(-c2cccs2)c(CC(=O)NCCc2cccs2)s1;-0.7737584392132657;1.623528236076006;-0.16957679805484424;-0.3851146642402806;-0.4458020348823024;-1.5424960137979244;-0.6209838283181613;-0.49920768260333204;-0.24710536429033883;-0.030729254193150108;-0.48521256726432327;-0.4361122207682917;6.5701344481423405;-0.40599897147057507;-0.18749999999999997;0.0
Cc1nc(-c2cccs2)c(CC(=O)Nc2ccc(Cl)cc2)s1;-0.29071046421457947;0.9213268127902406;-0.16957679805484424;-0.3851146642402806;-0.4458020348823024;-1.5424960137979244;-0.6209838283181613;-0.49920768260333204;-0.24710536429033883;-0.030729254193150108;-0.48521256726432327;-0.4361122207682917;6.5701344481423405;-0.40599897147057507;-0.18749999999999997;1.0
Cc1nc(-c2cccs2)c(CC(=O)Nc2ccc(F)cc2)s1;-0.29071046421457947;1.287587697324114;-0.16957679805484424;-0.3851146642402806;-0.4458020348823024;-1.5424960137979244;-0.6209838283181613;-0.49920768260333204;-0.24710536429033883;-0.030729254193150108;-0.48521256726432327;-0.4361122207682917;6.5701344481423405;-0.40599897147057507;-0.18749999999999997;0.0
Cc1nc(-c2cccs2)c(CC(=O)Nc2ccc3c(c2)OCCO3)s1;-1.3814777036845647;1.2394320598157678;-0.16957679805484424;-0.3851146642402806;-0.4458020348823024;-1.5424960137979244;-0.6209838283181613;-0.49920768260333204;-0.24710536429033883;-0.030729254193150108;2.060952389667274;1.050315284101127;6.5701344481423405;-0.40599897147057507;-0.18749999999999997;1.0
Cc1nc(-c2cccs2)c(CC(=O)Nc2ccc3c(c2)OCO3)s1;-1.4305802051302958;1.2156472279772246;-0.16957679805484424;1.6258289027286723;-0.4458020348823024;-1.5424960137979244;-0.6209838283181613;-0.49920768260333204;-0.24710536429033883;-0.030729254193150108;2.060952389667274;1.050315284101127;6.5701344481423405;-0.40599897147057507;-0.18749999999999997;0.0
Cc1nc(-c2cccs2)c(CC(=O)Nc2cccc(F)c2)s1;-0.29071046421457947;1.1912214125930118;-0.16957679805484424;-0.3851146642402806;-0.4458020348823024;-1.5424960137979244;-0.6209838283181613;-0.49920768260333204;-0.24710536429033883;-0.030729254193150108;-0.48521256726432327;-0.4361122207682917;6.5701344481423405;2.463060426921489;-0.18749999999999997;0.0
Cc1nc(-c2cccs2)c(CC(=O)Nc2ccccc2)s1;-0.8009365711288127;1.2651540019483611;-0.16957679805484424;-0.3851146642402806;-0.4458020348823024;-1.5424960137979244;-0.6209838283181613;-0.49920768260333204;-0.24710536429033883;-0.030729254193150108;-0.48521256726432327;-0.4361122207682917;6.5701344481423405;-0.40599897147057507;-0.18749999999999997;0.0
Cc1nc(-c2cccs2)sc1-c1ccc(SCC(=O)N2CCC(C)CC2)nn1;-0.8756764338965705;-1.0191827616628708;-0.16957679805484424;-0.3851146642402806;-0.4458020348823024;-1.5424960137979244;-0.6209838283181613;-0.49920768260333204;-0.24710536429033883;-0.030729254193150108;-0.48521256726432327;-0.4361122207682917;-0.15220388682955227;-0.40599897147057507;-0.18749999999999997;0.0
Cc1nc(-c2cccs2)sc1-c1ccc(SCC(=O)Nc2ccc(F)c(F)c2)nn1;-0.4765973345702116;-1.0553194044582592;-0.16957679805484424;-0.3851146642402806;-0.4458020348823024;-1.5424960137979244;-0.6209838283181613;-0.49920768260333204;-0.24710536429033883;-0.030729254193150108;-0.48521256726432327;-0.4361122207682917;-0.15220388682955227;2.463060426921489;-0.18749999999999997;0.0
Cc1nc(-c2cccs2)sc1-c1ccc(SCC(=O)Nc2ccc(F)cc2F)nn1;-0.4765973345702116;-1.0481204914759124;-0.16957679805484424;-0.3851146642402806;-0.4458020348823024;-1.5424960137979244;-0.6209838283181613;-0.49920768260333204;-0.24710536429033883;-0.030729254193150108;-0.48521256726432327;-0.4361122207682917;-0.15220388682955227;-0.40599897147057507;-0.18749999999999997;0.0
Cc1nc(-c2ccncc2)nc2c1CC(=O)N2C1CCCCC1;-1.4839524893104412;-0.42529984146816635;-0.16957679805484424;1.6258289027286723;1.8823664810226073;-0.4038847501309328;-0.6209838283181613;-0.49920768260333204;-0.24710536429033883;-0.030729254193150108;-0.48521256726432327;-0.4361122207682917;-0.15220388682955227;-0.40599897147057507;-0.18749999999999997;0.0
Cc1nc(-c2ccncc2)nc2c1CCC(=O)N2CCC1=CCCCC1;-1.336152317734658;-0.9564137579426235;-0.16957679805484424;-0.3851146642402806;1.8823664810226073;-0.4038847501309328;-0.6209838283181613;-0.49920768260333204;-0.24710536429033883;-0.030729254193150108;-0.48521256726432327;-0.4361122207682917;-0.15220388682955227;-0.40599897147057507;-0.18749999999999997;0.0
Cc1nc(-c2ccncc2)nc2c1CCC(=O)N2CCN(C)C;0.17514815514189058;-0.9344281040944006;-0.16957679805484424;-0.3851146642402806;1.8823664810226073;-0.4038847501309328;-0.6209838283181613;-0.49920768260333204;-0.24710536429033883;-0.030729254193150108;-0.48521256726432327;-0.4361122207682917;-0.15220388682955227;-0.40599897147057507;-0.18749999999999997;0.0
Cc1nc(-c2ccncc2)nc2c1CCC(=O)N2CCN1CCOCC1;-1.336152317734658;-0.9546958752909663;-0.16957679805484424;-0.3851146642402806;3.036549457956541;-0.4038847501309328;-0.6209838283181613;-0.49920768260333204;-0.24710536429033883;-0.030729254193150108;-0.48521256726432327;-0.4361122207682917;-0.15220388682955227;-0.40599897147057507;-0.18749999999999997;0.0
Cc1nc(-c2ccncc2)nc2c1CCC(=O)N2Cc1cccnc1;-1.3814777036845647;-0.4480221903382558;-0.16957679805484424;-0.3851146642402806;3.056352019993585;0.16542088170256303;-0.6209838283181613;-0.49920768260333204;-0.24710536429033883;-0.030729254193150108;-0.48521256726432327;-0.4361122207682917;-0.15220388682955227;-0.40599897147057507;-0.18749999999999997;0.0
Cc1nc(-c2ccncc2)nc2c1CCC(=O)N2Cc1ccco1;-1.4305802051302958;-0.43016941497462546;-0.16957679805484424;-0.3851146642402806;1.8823664810226073;-0.4038847501309328;-0.6209838283181613;-0.49920768260333204;-0.24710536429033883;-0.030729254193150108;-0.48521256726432327;-0.4361122207682917;-0.15220388682955227;-0.40599897147057507;-0.18749999999999997;0.0
Cc1nc(-c2ccncc2)sc1C(=O)O;0.7953798261765794;1.197969146654316;-0.16957679805484424;-0.3851146642402806;-0.40117877074897995;-0.9731903819644286;-0.6209838283181613;-0.49920768260333204;-0.24710536429033883;-0.030729254193150108;-0.48521256726432327;-0.4361122207682917;-0.15220388682955227;-0.40599897147057507;-0.18749999999999997;0.0
Cc1nc(-c2cn(C(C)C)c3ncccc23)sc1C(=O)NC(C)C;1.0449791999674516;0.32477049383183765;-0.16957679805484424;-0.3851146642402806;-0.4458020348823024;-0.4038847501309328;-0.6209838283181613;-0.49920768260333204;-0.24710536429033883;-0.030729254193150108;-0.48521256726432327;-0.4361122207682917;-0.15220388682955227;-0.40599897147057507;-0.18749999999999997;0.0
Cc1nc(-c2cn(C(C)C)c3ncccc23)sc1C(=O)NCCN1CCOCC1;-0.4860311161420673;-0.8969925196142541;-0.16957679805484424;-0.3851146642402806;0.708380942051631;-0.4038847501309328;-0.6209838283181613;-0.49920768260333204;-0.24710536429033883;-0.030729254193150108;-0.48521256726432327;-0.4361122207682917;-0.15220388682955227;-0.40599897147057507;-0.18749999999999997;0.0
Cc1nc(-c2cn(C3CCCN(C(=O)COc4ccccc4)C3)nn2)no1;-1.2941843677810418;-0.7443197771900057;-0.16957679805484424;-0.3851146642402806;-0.4458020348823024;-1.5424960137979244;-0.6209838283181613;-0.49920768260333204;-0.24710536429033883;-0.030729254193150108;-0.48521256726432327;-0.4361122207682917;-0.15220388682955227;-0.40599897147057507;-0.18749999999999997;1.0
Cc1nc(-c2cn(C3CCCN(C(=O)c4ccc(OC(F)(F)F)cc4)C3)nn2)no1;-0.008567193428380367;0.25709073239432656;-0.16957679805484424;-0.3851146642402806;-0.4458020348823024;-0.9731903819644286;-0.6209838283181613;-0.49920768260333204;-0.24710536429033883;-0.030729254193150108;2.060952389667274;1.050315284101127;-0.15220388682955227;-0.40599897147057507;-0.18749999999999997;1.0
Cc1nc(-c2cn3c(n2)-c2ccc(-c4cnn(C(C)(C)C(N)=O)c4)cc2OCC3)n(C(C)C)n1;0.09646530878476807;-1.4328049264522014;-0.16957679805484424;-0.3851146642402806;0.657005475036045;0.16542088170256303;-0.6209838283181613;-0.49920768260333204;-0.24710536429033883;-0.030729254193150108;-0.48521256726432327;-0.4361122207682917;-0.15220388682955227;-0.40599897147057507;-0.18749999999999997;0.0
Cc1nc(-c2cnc(NC(C)C)n(C)c2=O)ccc1Oc1ccnc(-c2cnn(C)c2)c1;0.20469236015193068;-0.9126462153412941;-0.16957679805484424;-0.3851146642402806;2.906779948291492;-0.4038847501309328;-0.6209838283181613;-0.49920768260333204;-0.24710536429033883;-0.030729254193150108;-0.48521256726432327;-0.4361122207682917;-0.15220388682955227;-0.40599897147057507;-0.18749999999999997;0.0
Cc1nc(-c2cnccn2)n(CC(=O)Nc2ccc(F)c(Cl)c2)c(=O)c1C;0.9063128811947481;1.2839833384095474;4.3242083503985285;-0.3851146642402806;2.9333347132107983;-0.9731903819644286;-0.6209838283181613;-0.49920768260333204;-0.24710536429033883;-0.030729254193150108;-0.48521256726432327;-0.4361122207682917;-0.15220388682955227;-0.40599897147057507;5.333333333333333;0.0
Cc1nc(-c2cnccn2)nc2c1CC(=O)N2C1CCCCC1;-1.4839524893104412;-0.35459661207512766;-0.16957679805484424;1.6258289027286723;1.8823664810226073;-0.9731903819644286;-0.6209838283181613;-0.49920768260333204;-0.24710536429033883;-0.030729254193150108;-0.48521256726432327;-0.4361122207682917;-0.15220388682955227;-0.40599897147057507;-0.18749999999999997;0.0
Cc1nc(-c2cnccn2)nc2c1CC(=O)N2CC1CCCO1;-1.4839524893104412;-0.07384989426246279;-0.16957679805484424;3.636772469697625;1.8823664810226073;-0.9731903819644286;-0.6209838283181613;-0.49920768260333204;-0.24710536429033883;-0.030729254193150108;-0.48521256726432327;-0.4361122207682917;-0.15220388682955227;-0.40599897147057507;-0.18749999999999997;0.0
Cc1nc(-c2cnn(C)c2)nc2c1[nH]c1ncc(-c3ccc(N4CCN(C)CC4)cc3)cc12;-1.7983162526957974;-0.9148970868852508;-0.16957679805484424;-0.3851146642402806;-0.472356799801609;0.7347265135360589;-0.6209838283181613;-0.49920768260333204;-0.24710536429033883;-0.030729254193150108;-0.48521256726432327;-0.4361122207682917;-0.15220388682955227;-0.40599897147057507;-0.18749999999999997;1.0
Cc1nc(-c2cnn(C)c2-c2ccc(C(F)(F)F)cn2)c2c(N3CCC3)ncnn12;-0.5720739908437572;-1.0385306397168483;-0.16957679805484424;-0.3851146642402806;0.7016287391693671;-0.4038847501309328;-0.6209838283181613;-0.49920768260333204;-0.24710536429033883;-0.030729254193150108;-0.48521256726432327;-0.4361122207682917;-0.15220388682955227;-0.40599897147057507;-0.18749999999999997;0.0
Cc1nc(-c2csc(S(=O)(=O)N3CC=C(c4ccccc4)CC3)c2)no1;-0.7961175394940629;-0.06840797998249547;-0.16957679805484424;-0.3851146642402806;-1.5751643097199564;-0.4038847501309328;-0.6209838283181613;-0.49920768260333204;-0.24710536429033883;-0.030729254193150108;-0.48521256726432327;-0.4361122207682917;6.5701344481423405;-0.40599897147057507;-0.18749999999999997;1.0
Cc1nc(-c2csc(S(=O)(=O)N3CCC(C(=O)N4CCCC4)CC3)c2)no1;-0.3805562313282103;-0.39792726780634996;-0.16957679805484424;1.6258289027286723;-0.4458020348823024;-0.9731903819644286;-0.6209838283181613;-0.49920768260333204;-0.24710536429033883;-0.030729254193150108;-0.48521256726432327;-0.4361122207682917;6.5701344481423405;-0.40599897147057507;-0.18749999999999997;0.0
Cc1nc(-c2csc(S(=O)(=O)N3CCC(C(=O)N4CCCCC4)CC3)c2)no1;-0.374215568387447;-0.4577015591061959;-0.16957679805484424;-0.3851146642402806;-0.4458020348823024;-0.9731903819644286;-0.6209838283181613;-0.49920768260333204;-0.24710536429033883;-0.030729254193150108;-0.48521256726432327;-0.4361122207682917;6.5701344481423405;-0.40599897147057507;-0.18749999999999997;0.0
Cc1nc(-c2csc(S(=O)(=O)N3CCC(C(=O)N4CCCCCC4)CC3)c2)no1;-0.36831219254605563;-0.5468949510883452;-0.16957679805484424;-0.3851146642402806;-0.4458020348823024;-0.9731903819644286;-0.6209838283181613;-0.49920768260333204;-0.24710536429033883;-0.030729254193150108;-0.48521256726432327;-0.4361122207682917;6.5701344481423405;-0.40599897147057507;-0.18749999999999997;0.0
Cc1nc(-c2csc(S(=O)(=O)N3CCC(C(=O)NC4CCCCC4)CC3)c2)no1;-0.36831219254605563;-0.046154499223133125;-0.16957679805484424;-0.3851146642402806;-0.4458020348823024;-0.9731903819644286;-0.6209838283181613;-0.49920768260333204;-0.24710536429033883;-0.030729254193150108;-0.48521256726432327;-0.4361122207682917;6.5701344481423405;-0.40599897147057507;-0.18749999999999997;1.0
Cc1nc(-c2csc(S(=O)(=O)N3CCCC(C(=O)NCc4cccs4)C3)c2)no1;-0.36831219254605563;-0.3854491206299046;-0.16957679805484424;-0.3851146642402806;-0.4458020348823024;-0.9731903819644286;-0.6209838283181613;-0.49920768260333204;-0.24710536429033883;-0.030729254193150108;2.060952389667274;2.536742788970546;6.5701344481423405;-0.40599897147057507;-0.18749999999999997;0.0
Cc1nc(-c2csc(S(=O)(=O)N3CCCC(C(=O)Nc4ccccc4)C3)c2)no1;-0.36831219254605563;-1.225542192108291;-0.16957679805484424;-0.3851146642402806;-0.4458020348823024;-0.9731903819644286;-0.6209838283181613;-0.49920768260333204;-0.24710536429033883;-0.030729254193150108;2.060952389667274;2.536742788970546;6.5701344481423405;-0.40599897147057507;-0.18749999999999997;0.0
Cc1nc(-c2csc(S(=O)(=O)N3CCCCCC3)c2)sc1C(=O)N1CCCC1;-0.37421556838743975;-1.0972023075049309;-0.16957679805484424;1.6258289027286723;-0.4458020348823024;-0.9731903819644286;-0.6209838283181613;-0.49920768260333204;-0.24710536429033883;-0.030729254193150108;-0.48521256726432327;-0.4361122207682917;6.5701344481423405;-0.40599897147057507;-0.18749999999999997;0.0
Cc1nc(-c2csc(S(=O)(=O)N3CCN(C(=O)c4ccco4)CC3)c2)no1;-0.3805562313282103;0.28447670779621864;-0.16957679805484424;-0.3851146642402806;-0.4458020348823024;-0.9731903819644286;-0.6209838283181613;-0.49920768260333204;-0.24710536429033883;-0.030729254193150108;-0.48521256726432327;-0.4361122207682917;6.5701344481423405;-0.40599897147057507;-0.18749999999999997;0.0
Cc1nc(-c2csc(S(=O)(=O)N3CCN(c4ccccc4F)CC3)c2)no1;-0.3805562313282103;0.0011480376215835017;-0.16957679805484424;-0.3851146642402806;-1.5751643097199564;-0.9731903819644286;1.6103478937742153;0.364022567901614;-0.24710536429033883;-0.030729254193150108;-0.48521256726432327;-0.4361122207682917;6.5701344481423405;-0.40599897147057507;-0.18749999999999997;1.0
Cc1nc(-c2csc(S(=O)(=O)N3CCOCC3)c2)sc1C(=O)N1CCCCC1;-0.374215568387447;-1.2482985938072204;-0.16957679805484424;-0.3851146642402806;-0.4458020348823024;-0.9731903819644286;-0.6209838283181613;-0.49920768260333204;-0.24710536429033883;-0.030729254193150108;-0.48521256726432327;-0.4361122207682917;6.5701344481423405;-0.40599897147057507;-0.18749999999999997;0.0
Cc1nc(-c2csc(S(=O)(=O)NC3CCCC3)c2)sc1C(=O)N1CCCC1;-0.3805562313282103;-0.6325118516396189;-0.16957679805484424;1.6258289027286723;-0.4458020348823024;-0.9731903819644286;-0.6209838283181613;-0.49920768260333204;-0.24710536429033883;-0.030729254193150108;-0.48521256726432327;-0.4361122207682917;6.5701344481423405;-0.40599897147057507;-0.18749999999999997;0.0
Cc1nc(-c2csc(S(=O)(=O)NCc3ccc(F)cc3Cl)c2)sc1C;1.131613276580648;-3.022651204922878;8.817993498851902;-0.3851146642402806;-1.5751643097199564;-0.4038847501309328;1.6103478937742153;0.364022567901614;-0.24710536429033883;-0.030729254193150108;-0.48521256726432327;-0.4361122207682917;6.5701344481423405;-0.40599897147057507;5.333333333333333;1.0
Cc1nc(-c2csc(S(=O)(=O)NCc3cccnc3)c2)sc1C(=O)N1CCCC1;-0.3683121925460484;-1.0899615906432913;-0.16957679805484424;1.6258289027286723;0.728183504088674;-0.4038847501309328;-0.6209838283181613;-0.49920768260333204;-0.24710536429033883;-0.030729254193150108;-0.48521256726432327;-0.4361122207682917;6.5701344481423405;-0.40599897147057507;-0.18749999999999997;0.0
Cc1nc(-c2csc(S(=O)(=O)Nc3ccc(Br)cc3F)c2)no1;0.7856222522834303;-0.028250212414406586;-0.16957679805484424;-0.3851146642402806;-0.46286595987428214;-0.9731903819644286;-0.6209838283181613;-0.49920768260333204;-0.24710536429033883;-0.030729254193150108;-0.48521256726432327;-0.4361122207682917;6.5701344481423405;-0.40599897147057507;-0.18749999999999997;1.0
Cc1nc(-c2csc(S(=O)(=O)Nc3ccc(C)c(Cl)c3)c2)no1;0.7856222522834303;-0.43889292634108806;8.817993498851902;-0.3851146642402806;-0.46286595987428214;-0.4038847501309328;-0.6209838283181613;-0.49920768260333204;-0.24710536429033883;-0.030729254193150108;-0.48521256726432327;-0.4361122207682917;6.5701344481423405;-0.40599897147057507;5.333333333333333;1.0
Cc1nc(-c2csc(S(=O)(=O)Nc3cccc(Cl)c3C)c2)no1;0.7856222522834303;-1.5511764770974588;8.817993498851902;-0.3851146642402806;-0.46286595987428214;-0.4038847501309328;-0.6209838283181613;-0.49920768260333204;-0.24710536429033883;-0.030729254193150108;-0.48521256726432327;-0.4361122207682917;6.5701344481423405;-0.40599897147057507;5.333333333333333;1.0
Cc1nc(-c2csc(S(=O)(=O)Nc3cccc4c3CCCC4)c2)no1;-0.8198415343143514;-2.4411531772048862;-0.16957679805484424;-0.3851146642402806;-0.46286595987428214;0.16542088170256303;-0.6209838283181613;-0.49920768260333204;-0.24710536429033883;-0.030729254193150108;-0.48521256726432327;-0.4361122207682917;6.5701344481423405;-0.40599897147057507;-0.18749999999999997;1.0
Cc1nc(-c2csc(S(=O)(=O)Nc3ccccc3F)c2)no1;0.34751245552430693;-1.451387424287636;-0.16957679805484424;-0.3851146642402806;-0.46286595987428214;-0.9731903819644286;-0.6209838283181613;-0.49920768260333204;-0.24710536429033883;-0.030729254193150108;-0.48521256726432327;-0.4361122207682917;6.5701344481423405;-0.40599897147057507;-0.18749999999999997;0.0
Cc1nc(-c2nc(-c3ccc(OC(F)(F)F)cc3)no2)nn1Cc1cccc(N2CCC(S(C)(=O)=O)CC2)c1;0.14560463943671703;0.7409108058306717;-0.16957679805484424;-0.3851146642402806;-1.5751643097199564;-0.4038847501309328;-0.6209838283181613;-0.49920768260333204;-0.24710536429033883;-0.030729254193150108;-0.48521256726432327;-0.4361122207682917;-0.15220388682955227;-0.40599897147057507;-0.18749999999999997;1.0
Cc1nc(-c2nn(CCN3CCCCC3)c3ccccc23)no1;-1.9459983784396186;-1.6706286540498534;-0.16957679805484424;-0.3851146642402806;-0.472356799801609;-0.9731903819644286;-0.6209838283181613;-0.49920768260333204;-0.24710536429033883;-0.030729254193150108;-0.48521256726432327;-0.4361122207682917;-0.15220388682955227;-0.40599897147057507;-0.18749999999999997;1.0
Cc1nc(-c2nnn(-c3ccc(F)cc3)c2C)sc1C(=O)NCC(C)C;0.9489794408171084;-0.2060798220502822;-0.16957679805484424;-0.3851146642402806;-0.4458020348823024;-1.5424960137979244;1.6103478937742153;0.364022567901614;-0.24710536429033883;-0.030729254193150108;-0.48521256726432327;-0.4361122207682917;-0.15220388682955227;-0.40599897147057507;-0.18749999999999997;0.0
Cc1nc(-c2nnn(-c3ccc(F)cc3)c2C)sc1C(=O)NCCCOC(C)C;0.829807326009791;0.8857625726764337;-0.16957679805484424;-0.3851146642402806;-0.4458020348823024;-1.5424960137979244;1.6103478937742153;0.364022567901614;-0.24710536429033883;-0.030729254193150108;2.060952389667274;1.050315284101127;-0.15220388682955227;-0.40599897147057507;-0.18749999999999997;0.0
Cc1nc(-c2nnn(-c3ccccc3)c2C)sc1C(=O)NC1CCCCC1;-0.9005897214858158;0.10701847229705151;-0.16957679805484424;-0.3851146642402806;-0.4458020348823024;-1.5424960137979244;-0.6209838283181613;-0.49920768260333204;-0.24710536429033883;-0.030729254193150108;-0.48521256726432327;-0.4361122207682917;-0.15220388682955227;-0.40599897147057507;-0.18749999999999997;1.0
Cc1nc(-c2nnn(-c3ccccc3)c2C)sc1C(=O)NC1CCCCCC1;-0.8756764338965705;-0.425636822335255;-0.16957679805484424;-0.3851146642402806;-0.4458020348823024;-1.5424960137979244;-0.6209838283181613;-0.49920768260333204;-0.24710536429033883;-0.030729254193150108;-0.48521256726432327;-0.4361122207682917;-0.15220388682955227;-0.40599897147057507;-0.18749999999999997;1.0
Cc1nc(-c2nnn(-c3ccccc3)c2C)sc1C(=O)NCC(C)C;0.5699771072104345;-0.23448339339562244;-0.16957679805484424;-0.3851146642402806;-0.4458020348823024;-1.5424960137979244;-0.6209838283181613;-0.49920768260333204;-0.24710536429033883;-0.030729254193150108;-0.48521256726432327;-0.4361122207682917;-0.15220388682955227;-0.40599897147057507;-0.18749999999999997;0.0
Cc1nc(-n2cccc2)sc1C(=O)N1CCC(O)(c2ccc(Cl)cc2)CC1;-0.3805562313282103;0.7855159593798332;4.3242083503985285;-0.3851146642402806;-0.4458020348823024;-0.9731903819644286;-0.6209838283181613;-0.49920768260333204;-0.24710536429033883;-0.030729254193150108;2.060952389667274;1.050315284101127;-0.15220388682955227;-0.40599897147057507;5.333333333333333;1.0
Cc1nc(-n2cccc2)sc1C(=O)N1CCCC(C(=O)O)C1;0.19233751078410677;-0.29128435648945333;-0.16957679805484424;-0.3851146642402806;0.6835602399553516;-1.5424960137979244;-0.6209838283181613;-0.49920768260333204;-0.24710536429033883;-0.030729254193150108;2.060952389667274;2.536742788970546;-0.15220388682955227;-0.40599897147057507;-0.18749999999999997;0.0
Cc1nc(-n2cccc2)sc1C(=O)NC1CCCCC1;-0.8308325162359043;0.08924792628482384;-0.16957679805484424;-0.3851146642402806;-0.4458020348823024;-1.5424960137979244;-0.6209838283181613;-0.49920768260333204;-0.24710536429033883;-0.030729254193150108;-0.48521256726432327;-0.4361122207682917;-0.15220388682955227;-0.40599897147057507;-0.18749999999999997;0.0
Cc1nc(-n2cccc2)sc1C(=O)NC1CCN(Cc2ccccc2)CC1;-1.2941843677810418;1.3550704905510356;-0.16957679805484424;-0.3851146642402806;0.708380942051631;-0.9731903819644286;-0.6209838283181613;-0.49920768260333204;-0.24710536429033883;-0.030729254193150108;-0.48521256726432327;-0.4361122207682917;-0.15220388682955227;-0.40599897147057507;-0.18749999999999997;1.0
Cc1nc(-n2nc(C)c(CC(=O)N3CCCC3)c2C)sc1C;0.675385485782793;0.10862285158392444;-0.16957679805484424;1.6258289027286723;-0.4458020348823024;-0.9731903819644286;-0.6209838283181613;-0.49920768260333204;-0.24710536429033883;-0.030729254193150108;-0.48521256726432327;-0.4361122207682917;-0.15220388682955227;-0.40599897147057507;-0.18749999999999997;0.0
Cc1nc(-n2nc(C)c(CC(=O)N3CCCCC3)c2O)sc1C;0.6371940442710681;-0.6858711533863079;-0.16957679805484424;-0.3851146642402806;-0.4458020348823024;-0.9731903819644286;-0.6209838283181613;-0.49920768260333204;-0.24710536429033883;-0.030729254193150108;-0.48521256726432327;-0.4361122207682917;-0.15220388682955227;-0.40599897147057507;-0.18749999999999997;0.0
Cc1nc(-n2nc(C)c(CC(=O)N3CCCCCC3)c2C)sc1C;0.602185222885316;-0.23910107717962317;-0.16957679805484424;-0.3851146642402806;-0.4458020348823024;-0.9731903819644286;-0.6209838283181613;-0.49920768260333204;-0.24710536429033883;-0.030729254193150108;-0.48521256726432327;-0.4361122207682917;-0.15220388682955227;-0.40599897147057507;-0.18749999999999997;0.0
Cc1nc(-n2nc(C)c(CC(=O)N3CCCCCC3)c2O)sc1C;0.602185222885316;-0.9694774275752035;-0.16957679805484424;-0.3851146642402806;-0.4458020348823024;-0.9731903819644286;-0.6209838283181613;-0.49920768260333204;-0.24710536429033883;-0.030729254193150108;-0.48521256726432327;-0.4361122207682917;-0.15220388682955227;-0.40599897147057507;-0.18749999999999997;0.0
Cc1nc(-n2nc(C)c(CC(=O)N3CCN(c4ccc(F)cc4)CC3)c2O)sc1C;0.23187302876118812;0.004287913446675742;-0.16957679805484424;-0.3851146642402806;-0.4458020348823024;-0.9731903819644286;-0.6209838283181613;-0.49920768260333204;-0.24710536429033883;-0.030729254193150108;-0.48521256726432327;-0.4361122207682917;-0.15220388682955227;-0.40599897147057507;-0.18749999999999997;1.0
Cc1nc(-n2nc(C)c(CC(=O)N3CCOCC3)c2O)sc1C;0.6371940442710681;-0.4295499890600352;-0.16957679805484424;-0.3851146642402806;-0.4458020348823024;-0.9731903819644286;-0.6209838283181613;-0.49920768260333204;-0.24710536429033883;-0.030729254193150108;-0.48521256726432327;-0.4361122207682917;-0.15220388682955227;-0.40599897147057507;-0.18749999999999997;0.0
Cc1nc(-n2nc(C)c(CC(=O)NC(C)C)c2O)sc1C;2.534324437076756;-1.5453995092058257;-0.16957679805484424;-0.3851146642402806;-0.4458020348823024;-0.9731903819644286;-0.6209838283181613;-0.49920768260333204;-0.24710536429033883;-0.030729254193150108;-0.48521256726432327;-0.4361122207682917;-0.15220388682955227;-0.40599897147057507;-0.18749999999999997;0.0
Cc1nc(-n2nc(C)c(CC(=O)Nc3ccc(Cl)cc3)c2C)sc1C;0.9950593252092772;-1.2563593107409872;-0.16957679805484424;-0.3851146642402806;-0.4458020348823024;-0.9731903819644286;-0.6209838283181613;-0.49920768260333204;-0.24710536429033883;-0.030729254193150108;-0.48521256726432327;-0.4361122207682917;-0.15220388682955227;-0.40599897147057507;-0.18749999999999997;0.0
Cc1nc(-n2nc(C)c(CCC(=O)N3CCCCC3)c2O)sc1C;0.602185222885316;-2.1438617173818906;-0.16957679805484424;-0.3851146642402806;-0.4458020348823024;-0.9731903819644286;-0.6209838283181613;-0.49920768260333204;-0.24710536429033883;-0.030729254193150108;2.060952389667274;1.050315284101127;-0.15220388682955227;-0.40599897147057507;-0.18749999999999997;1.0
Cc1nc(-n2nc(C)c(CCC(=O)NCc3ccccc3)c2O)sc1C;0.5402465388951426;-1.055265017654397;-0.16957679805484424;-0.3851146642402806;-0.4458020348823024;-0.4038847501309328;-0.6209838283181613;-0.49920768260333204;-0.24710536429033883;-0.030729254193150108;2.060952389667274;1.050315284101127;-0.15220388682955227;-0.40599897147057507;-0.18749999999999997;0.0
Cc1nc(-n2nc(C)c(CCC(=O)Nc3ccc(Cl)cc3)c2O)sc1C;0.9489794408171084;-1.5011945129631659;-0.16957679805484424;-0.3851146642402806;-0.4458020348823024;-0.9731903819644286;-0.6209838283181613;-0.49920768260333204;-0.24710536429033883;-0.030729254193150108;2.060952389667274;1.050315284101127;-0.15220388682955227;-0.40599897147057507;-0.18749999999999997;0.0
Cc1nc(-n2nc(C)c(CCC(=O)Nc3ccccc3)c2O)sc1C;0.5699771072104345;-1.241148332176942;-0.16957679805484424;-0.3851146642402806;-0.4458020348823024;-0.9731903819644286;-0.6209838283181613;-0.49920768260333204;-0.24710536429033883;-0.030729254193150108;2.060952389667274;1.050315284101127;-0.15220388682955227;-0.40599897147057507;-0.18749999999999997;0.0
Cc1nc(-n2nc(C)c(CCC(C)C)c2O)sc1C(=O)N1CCCC1;0.9950593252092556;1.281083352954209;-0.16957679805484424;1.6258289027286723;-0.4458020348823024;-0.9731903819644286;-0.6209838283181613;-0.49920768260333204;-0.24710536429033883;-0.030729254193150108;-0.48521256726432327;-0.4361122207682917;-0.15220388682955227;-0.40599897147057507;-0.18749999999999997;0.0
Cc1nc(-n2nc(C)c(Cc3ccc(Cl)cc3)c2O)sc1C(=O)N1CCCCC1;-0.11958092821202199;0.21586994256843886;-0.16957679805484424;-0.3851146642402806;-0.4458020348823024;-0.4038847501309328;-0.6209838283181613;-0.49920768260333204;-0.24710536429033883;-0.030729254193150108;-0.48521256726432327;-0.4361122207682917;-0.15220388682955227;-0.40599897147057507;-0.18749999999999997;0.0
Cc1nc(-n2nc(C)c(Cc3ccccc3)c2C)sc1C(=O)N1CCCC1;-0.5069950751905897;1.5703072639849043;-0.16957679805484424;1.6258289027286723;-0.4458020348823024;-0.4038847501309328;-0.6209838283181613;-0.49920768260333204;-0.24710536429033883;-0.030729254193150108;-0.48521256726432327;-0.4361122207682917;-0.15220388682955227;-0.40599897147057507;-0.18749999999999997;0.0
Cc1nc(-n2nc(C)c(Cc3ccccc3)c2C)sc1C(=O)N1CCCCC1;-0.4961387392547461;0.9891357971653438;-0.16957679805484424;-0.3851146642402806;-0.4458020348823024;-0.4038847501309328;-0.6209838283181613;-0.49920768260333204;-0.24710536429033883;-0.030729254193150108;-0.48521256726432327;-0.4361122207682917;-0.15220388682955227;-0.40599897147057507;-0.18749999999999997;0.0
Cc1nc(-n2nc(C)c(Cc3ccccc3)c2C)sc1C(=O)N1CCN(CCO)CC1;-0.12496394374588732;1.1878464621493505;-0.16957679805484424;-0.3851146642402806;0.708380942051631;-0.4038847501309328;-0.6209838283181613;-0.49920768260333204;-0.24710536429033883;-0.030729254193150108;-0.48521256726432327;-0.4361122207682917;-0.15220388682955227;-0.40599897147057507;-0.18749999999999997;0.0
Cc1nc(-n2nc(C)c(Cc3ccccc3)c2C)sc1C(=O)N1CCOCC1;-0.4961387392547461;1.698393553410143;-0.16957679805484424;-0.3851146642402806;-0.4458020348823024;-0.4038847501309328;-0.6209838283181613;-0.49920768260333204;-0.24710536429033883;-0.030729254193150108;-0.48521256726432327;-0.4361122207682917;6.5701344481423405;-0.40599897147057507;-0.18749999999999997;0.0
Cc1nc(-n2nc(C)c(Cc3ccccc3)c2O)sc1C(=O)NCc1ccccc1;-0.47659733457022607;-1.296269717288548;-0.16957679805484424;-0.3851146642402806;-0.4458020348823024;0.16542088170256303;-0.6209838283181613;-0.49920768260333204;-0.24710536429033883;-0.030729254193150108;-0.48521256726432327;-0.4361122207682917;-0.15220388682955227;-0.40599897147057507;-0.18749999999999997;0.0
Cc1nc(/C(N)=N/OC(=O)C2CC2)no1;0.7953798261765794;0.3629831262920895;-0.16957679805484424;-0.3851146642402806;-1.5751643097199564;-1.5424960137979244;-0.6209838283181613;-0.49920768260333204;-0.24710536429033883;-0.030729254193150108;-0.48521256726432327;-0.4361122207682917;-0.15220388682955227;-0.40599897147057507;-0.18749999999999997;0.0
Cc1nc(=O)c(-c2ccccc2)c(C)n1-c1ccc(C(=O)O)cc1;0.602185222885316;-0.9683031893843979;-0.16957679805484424;-0.3851146642402806;-0.4458020348823024;0.16542088170256303;-0.6209838283181613;-0.49920768260333204;-0.24710536429033883;-0.030729254193150108;-0.48521256726432327;-0.4361122207682917;-0.15220388682955227;-0.40599897147057507;-0.18749999999999997;0.0
Cc1nc(=O)c(-c2ccccc2)c(C)n1-c1cccc(C(=O)O)c1;0.602185222885316;0.5931904258853823;-0.16957679805484424;-0.3851146642402806;-0.4458020348823024;0.16542088170256303;-0.6209838283181613;-0.49920768260333204;-0.24710536429033883;-0.030729254193150108;-0.48521256726432327;-0.4361122207682917;-0.15220388682955227;-0.40599897147057507;-0.18749999999999997;0.0
Cc1nc(=O)c(-c2ccccc2)c(C)n1-c1ccccc1C(=O)O;0.6021852228853233;0.3218792310288277;-0.16957679805484424;-0.3851146642402806;-0.4458020348823024;0.16542088170256303;-0.6209838283181613;-0.49920768260333204;-0.24710536429033883;-0.030729254193150108;-0.48521256726432327;-0.4361122207682917;-0.15220388682955227;-0.40599897147057507;-0.18749999999999997;0.0
Cc1nc(=O)c(-c2ccccc2)c(C)n1-c1ccccc1O;0.19233751078410677;0.038795627793076416;-0.16957679805484424;-0.3851146642402806;0.6299868994021683;-0.4038847501309328;-0.6209838283181613;-0.49920768260333204;-0.24710536429033883;-0.030729254193150108;-0.48521256726432327;-0.4361122207682917;-0.15220388682955227;-0.40599897147057507;-0.18749999999999997;0.0
Cc1nc(=O)c(-c2ccccc2)c(C)n1CCCn1ccnc1;-0.2868977339872869;-1.1374560244617906;-0.16957679805484424;-0.3851146642402806;-0.4458020348823024;-0.4038847501309328;-0.6209838283181613;-0.49920768260333204;-0.24710536429033883;-0.030729254193150108;-0.48521256726432327;-0.4361122207682917;-0.15220388682955227;-0.40599897147057507;-0.18749999999999997;1.0
Cc1nc(=O)c(Nc2ccc(C(=O)O)cc2)nn1-c1cc(Cl)ccc1Cl;0.9489794408171084;-0.4210703300087873;-0.16957679805484424;-0.3851146642402806;-0.4458020348823024;-0.9731903819644286;-0.6209838283181613;-0.49920768260333204;4.046856703705712;-0.030729254193150108;-0.48521256726432327;-0.4361122207682917;-0.15220388682955227;-0.40599897147057507;-0.18749999999999997;0.0
Cc1nc(C#Cc2ccnc(Cl)c2)c(C)n1-c1ccc(F)cc1;0.17514815514189058;0.4725718773000636;-0.16957679805484424;-0.3851146642402806;-0.49937537543548566;-0.9731903819644286;-0.6209838283181613;-0.49920768260333204;-0.24710536429033883;-0.030729254193150108;-0.48521256726432327;-0.4361122207682917;-0.15220388682955227;-0.40599897147057507;-0.18749999999999997;1.0
Cc1nc(C#Cc2ccnc(Cl)c2)c(C)n1-c1ccc(OC(F)(F)F)cc1;1.0327517250571203;-0.15371144357467287;-0.16957679805484424;-0.3851146642402806;-0.49937537543548566;-0.9731903819644286;-0.6209838283181613;-0.49920768260333204;-0.24710536429033883;-0.030729254193150108;-0.48521256726432327;-0.4361122207682917;-0.15220388682955227;-0.40599897147057507;-0.18749999999999997;1.0
Cc1nc(C#N)c(N2CCC(Cc3ccccc3)CC2)o1;-0.8009365711288127;0.9441381653566865;-0.16957679805484424;-0.3851146642402806;-1.5751643097199564;-0.9731903819644286;-0.6209838283181613;-0.49920768260333204;-0.24710536429033883;-0.030729254193150108;-0.48521256726432327;-0.4361122207682917;-0.15220388682955227;-0.40599897147057507;-0.18749999999999997;1.0
Cc1nc(C#N)c(N2CCN(c3ccccc3)CC2)o1;-0.8308325162359043;1.540174036932057;-0.16957679805484424;-0.3851146642402806;-1.5751643097199564;-1.5424960137979244;-0.6209838283181613;-0.49920768260333204;-0.24710536429033883;-0.030729254193150108;-0.48521256726432327;-0.4361122207682917;-0.15220388682955227;-0.40599897147057507;-0.18749999999999997;1.0
Cc1nc(C#N)c(NCCCn2ccnc2)o1;0.05280038851199068;0.39065164736864944;-0.16957679805484424;-0.3851146642402806;-1.5751643097199564;-1.5424960137979244;-0.6209838283181613;-0.49920768260333204;-0.24710536429033883;-0.030729254193150108;-0.48521256726432327;-0.4361122207682917;-0.15220388682955227;-0.40599897147057507;-0.18749999999999997;1.0
Cc1nc(C#N)c(NCCN2CCOCC2)o1;0.05280038851199068;0.24629663395096785;-0.16957679805484424;-0.3851146642402806;-0.4209813327860232;-1.5424960137979244;-0.6209838283181613;-0.49920768260333204;-0.24710536429033883;-0.030729254193150108;-0.48521256726432327;-0.4361122207682917;-0.15220388682955227;-0.40599897147057507;-0.18749999999999997;0.0
Cc1nc(C(=O)N(CCCN2CCN(C)CC2)C2CCOCC2)co1;-0.2801873287872654;-0.47016713558276774;-0.16957679805484424;-0.3851146642402806;-0.4458020348823024;-1.5424960137979244;-0.6209838283181613;-0.49920768260333204;-0.24710536429033883;-0.030729254193150108;2.060952389667274;1.050315284101127;-0.15220388682955227;-0.40599897147057507;-0.18749999999999997;1.0
Cc1nc(C(=O)N2CC(c3nc(C4CCN(S(C)(=O)=O)CC4)no3)C2)co1;0.013038414967015756;1.1388293779281806;-0.16957679805484424;-0.3851146642402806;-0.4458020348823024;-1.5424960137979244;-0.6209838283181613;-0.49920768260333204;-0.24710536429033883;-0.030729254193150108;2.060952389667274;1.050315284101127;-0.15220388682955227;-0.40599897147057507;-0.18749999999999997;1.0
Cc1nc(C(=O)N2CC3(C)CC2CC(C)(C)C3)nn1-c1ccccc1;0.16687685305471922;0.08678355940677074;-0.16957679805484424;1.6258289027286723;-0.4458020348823024;-1.5424960137979244;-0.6209838283181613;-0.49920768260333204;-0.24710536429033883;-0.030729254193150108;-0.48521256726432327;-0.4361122207682917;-0.15220388682955227;-0.40599897147057507;-0.18749999999999997;0.0
Cc1nc(C(=O)N2CC3(C2)C(c2nc(Cc4ccccc4F)no2)CCS3(=O)=O)co1;-0.45004479387144597;1.9772936708761317;-0.16957679805484424;1.6258289027286723;-0.4458020348823024;-0.9731903819644286;-0.6209838283181613;-0.49920768260333204;-0.24710536429033883;-0.030729254193150108;2.060952389667274;2.536742788970546;-0.15220388682955227;2.463060426921489;-0.18749999999999997;0.0
Cc1nc(C(=O)N2CCC(F)(F)C(COCc3cccnc3)C2)co1;0.28144884058294795;0.7751332053608725;-0.16957679805484424;-0.3851146642402806;0.728183504088674;-0.9731903819644286;-0.6209838283181613;-0.49920768260333204;-0.24710536429033883;-0.030729254193150108;2.060952389667274;1.050315284101127;-0.15220388682955227;2.463060426921489;-0.18749999999999997;1.0
Cc1nc(C(=O)N2CCC(O)(c3ccc(Cl)cc3)CC2)c(C(C)C)s1;1.131613276580648;0.4342875715344345;4.3242083503985285;-0.3851146642402806;-0.4458020348823024;-0.9731903819644286;-0.6209838283181613;-0.49920768260333204;-0.24710536429033883;-0.030729254193150108;2.060952389667274;1.050315284101127;-0.15220388682955227;-0.40599897147057507;5.333333333333333;0.0
Cc1nc(C(=O)N2CCC3(CCC(=O)N3Cc3ccc(F)cc3)CC2)co1;-0.3805562313282103;0.08236860742831563;-0.16957679805484424;1.6258289027286723;0.6835602399553516;-0.9731903819644286;1.6103478937742153;0.364022567901614;-0.24710536429033883;-0.030729254193150108;-0.48521256726432327;-0.4361122207682917;-0.15220388682955227;-0.40599897147057507;-0.18749999999999997;0.0
Cc1nc(C(=O)N2CCN(Cc3ccc4c(c3)OCO4)CC2)c(C)n1C1CCN(C)CC1;-0.9877862280481818;-0.8508516761205523;-0.16957679805484424;1.6258289027286723;0.708380942051631;-0.9731903819644286;-0.6209838283181613;-0.49920768260333204;-0.24710536429033883;-0.030729254193150108;-0.48521256726432327;-0.4361122207682917;-0.15220388682955227;-0.40599897147057507;-0.18749999999999997;0.0
Cc1nc(C(=O)N2C[C@@H](COc3ccccc3)[C@H](C(N)=O)C2)co1;0.15939124580318756;0.05804643346473627;-0.16957679805484424;1.6258289027286723;0.6835602399553516;-1.5424960137979244;-0.6209838283181613;-0.49920768260333204;-0.24710536429033883;-0.030729254193150108;2.060952389667274;2.536742788970546;-0.15220388682955227;-0.40599897147057507;-0.18749999999999997;0.0
Cc1nc(C(=O)N2C[C@@H](F)C[C@H]2Cn2cc(C(=O)N(C)C)nn2)co1;0.9950593252092556;-0.6754976602451565;-0.16957679805484424;1.6258289027286723;0.6835602399553516;-1.5424960137979244;1.6103478937742153;1.22725281840656;-0.24710536429033883;-0.030729254193150108;-0.48521256726432327;-0.4361122207682917;-0.15220388682955227;-0.40599897147057507;-0.18749999999999997;0.0
Cc1nc(C(=O)NCC(=O)O)c(O)c2ccc(Oc3ccccc3)cc12;0.5402465388951354;-0.5692048140252277;-0.16957679805484424;-0.3851146642402806;0.6835602399553516;-0.4038847501309328;-0.6209838283181613;-0.49920768260333204;-0.24710536429033883;-0.030729254193150108;2.060952389667274;1.050315284101127;-0.15220388682955227;-0.40599897147057507;-0.18749999999999997;0.0
Cc1nc(C(=O)NCCCN2CCCC2)c(C)n1C1CCN(S(C)(=O)=O)CC1;0.9886171038412634;-1.3977883162699927;-0.16957679805484424;1.6258289027286723;-0.4458020348823024;-1.5424960137979244;-0.6209838283181613;-0.49920768260333204;-0.24710536429033883;-0.030729254193150108;-0.48521256726432327;-0.4361122207682917;-0.15220388682955227;-0.40599897147057507;-0.18749999999999997;0.0
Cc1nc(C(=O)NCCCOC(C)C)c(C)n1C1CCN(C)CC1;1.7493626967366709;-1.171774595277751;-0.16957679805484424;-0.3851146642402806;-0.4458020348823024;-1.5424960137979244;-0.6209838283181613;-0.49920768260333204;-0.24710536429033883;-0.030729254193150108;2.060952389667274;1.050315284101127;-0.15220388682955227;-0.40599897147057507;-0.18749999999999997;0.0
Cc1nc(C(=O)NCCCc2nc3ccccc3n2C)c(C(C)C)s1;0.5699771072104345;0.2699329814452464;-0.16957679805484424;-0.3851146642402806;-0.4458020348823024;-1.5424960137979244;-0.6209838283181613;-0.49920768260333204;-0.24710536429033883;-0.030729254193150108;-0.48521256726432327;-0.4361122207682917;-0.15220388682955227;-0.40599897147057507;-0.18749999999999997;0.0
Cc1nc(C(=O)NCCc2c[nH]c3ccccc23)c(C(C)C)s1;0.17514815514189058;1.6605225486216189;-0.16957679805484424;-0.3851146642402806;-0.4458020348823024;-0.4038847501309328;-0.6209838283181613;-0.49920768260333204;-0.24710536429033883;-0.030729254193150108;-0.48521256726432327;-0.4361122207682917;-0.15220388682955227;-0.40599897147057507;-0.18749999999999997;1.0
Cc1nc(C(=O)NCCc2c[nH]c3ccccc23)c(C)s1;-0.2948863116063802;1.5465698104818293;-0.16957679805484424;-0.3851146642402806;-0.4458020348823024;-0.4038847501309328;-0.6209838283181613;-0.49920768260333204;-0.24710536429033883;-0.030729254193150108;-0.48521256726432327;-0.4361122207682917;-0.15220388682955227;-0.40599897147057507;-0.18749999999999997;1.0
Cc1nc(C(=O)NCCc2ccccn2)c(C)n1C1CCN(S(C)(=O)=O)CC1;0.9886171038412634;-1.048245072298823;-0.16957679805484424;-0.3851146642402806;0.728183504088674;-1.5424960137979244;-0.6209838283181613;-0.49920768260333204;-0.24710536429033883;-0.030729254193150108;-0.48521256726432327;-0.4361122207682917;-0.15220388682955227;-0.40599897147057507;-0.18749999999999997;0.0
Cc1nc(C(=O)NCCc2ccncc2)c(C)n1C1CCN(S(C)(=O)=O)CC1;0.9886171038412634;-0.9537231800014891;-0.16957679805484424;-0.3851146642402806;0.728183504088674;-0.9731903819644286;-0.6209838283181613;-0.49920768260333204;-0.24710536429033883;-0.030729254193150108;-0.48521256726432327;-0.4361122207682917;-0.15220388682955227;-0.40599897147057507;-0.18749999999999997;0.0
Cc1nc(C(=O)Nc2cc(F)ccc2Cl)c(C)o1;1.809764182535012;-1.0592254099682201;-0.16957679805484424;-0.3851146642402806;-0.4458020348823024;-1.5424960137979244;-0.6209838283181613;-0.49920768260333204;4.046856703705712;-0.030729254193150108;-0.48521256726432327;-0.4361122207682917;-0.15220388682955227;2.463060426921489;-0.18749999999999997;0.0
Cc1nc(C(=O)Nc2cccc(C(=O)c3nccn3C)c2)c(C(C)C)s1;0.9489794408171084;-1.154809227008565;-0.16957679805484424;-0.3851146642402806;0.6835602399553516;-0.9731903819644286;-0.6209838283181613;-0.49920768260333204;-0.24710536429033883;-0.030729254193150108;-0.48521256726432327;-0.4361122207682917;-0.15220388682955227;-0.40599897147057507;-0.18749999999999997;0.0
Cc1nc(C(=O)Nc2ccccc2O)c(Cc2ccccc2)s1;-0.2868977339872869;-1.1648133357083024;-0.16957679805484424;-0.3851146642402806;-0.4458020348823024;-0.9731903819644286;-0.6209838283181613;-0.49920768260333204;-0.24710536429033883;-0.030729254193150108;-0.48521256726432327;-0.4361122207682917;-0.15220388682955227;-0.40599897147057507;-0.18749999999999997;0.0
Cc1nc(C(=O)Nc2cnn(C)c2)c(-c2cccc(F)c2)s1;0.19233751078410677;-0.40432444230743997;-0.16957679805484424;-0.3851146642402806;0.657005475036045;-0.9731903819644286;1.6103478937742153;0.364022567901614;-0.24710536429033883;-0.030729254193150108;-0.48521256726432327;-0.4361122207682917;-0.15220388682955227;-0.40599897147057507;-0.18749999999999997;0.0
Cc1nc(C(=O)Nc2nc3c(s2)CCC3)c(C(C)C)s1;0.2318730287612026;-1.5216628721310235;-0.16957679805484424;-0.3851146642402806;0.8065775467381363;-1.5424960137979244;-0.6209838283181613;-0.49920768260333204;-0.24710536429033883;-0.030729254193150108;-0.48521256726432327;-0.4361122207682917;-0.15220388682955227;-0.40599897147057507;-0.18749999999999997;0.0
Cc1nc(C(=O)Nc2nccs2)c(-c2ccccc2Cl)s1;-0.2948863116063802;-0.2799263147271677;4.3242083503985285;-0.3851146642402806;0.8065775467381363;-0.9731903819644286;-0.6209838283181613;-0.49920768260333204;4.046856703705712;-0.030729254193150108;-0.48521256726432327;-0.4361122207682917;-0.15220388682955227;-0.40599897147057507;5.333333333333333;0.0
Cc1nc(C(=O)Nc2nnc[nH]2)c(-c2ccccc2Cl)s1;-0.2948863116063802;0.14766525063142308;4.3242083503985285;-0.3851146642402806;0.8065775467381363;-0.9731903819644286;-0.6209838283181613;-0.49920768260333204;4.046856703705712;-0.030729254193150108;-0.48521256726432327;-0.4361122207682917;-0.15220388682955227;-0.40599897147057507;5.333333333333333;0.0
Cc1nc(C(=O)O)c(C)o1;4.047804511001554;0.06743189128518064;-0.16957679805484424;-0.3851146642402806;-1.5751643097199564;-1.5424960137979244;-0.6209838283181613;-0.49920768260333204;-0.24710536429033883;-0.030729254193150108;-0.48521256726432327;-0.4361122207682917;-0.15220388682955227;-0.40599897147057507;-0.18749999999999997;1.0
Cc1nc(C(=O)O)c(C)s1;4.047804511001554;0.06743189128518064;-0.16957679805484424;-0.3851146642402806;-1.5751643097199564;-1.5424960137979244;-0.6209838283181613;-0.49920768260333204;-0.24710536429033883;-0.030729254193150108;-0.48521256726432327;-0.4361122207682917;-0.15220388682955227;-0.40599897147057507;-0.18749999999999997;1.0
Cc1nc(C(=O)O)co1;3.3393341476701472;0.06743189128518064;-0.16957679805484424;-0.3851146642402806;-1.5751643097199564;-1.5424960137979244;-0.6209838283181613;-0.49920768260333204;-0.24710536429033883;-0.030729254193150108;-0.48521256726432327;-0.4361122207682917;-0.15220388682955227;-0.40599897147057507;-0.18749999999999997;1.0
Cc1nc(C(=O)O)nn1-c1cccc(F)c1;1.3971709483520578;0.30390650783085227;-0.16957679805484424;-0.3851146642402806;-1.5751643097199564;-1.5424960137979244;1.6103478937742153;0.364022567901614;-0.24710536429033883;-0.030729254193150108;-0.48521256726432327;-0.4361122207682917;-0.15220388682955227;-0.40599897147057507;-0.18749999999999997;1.0
Cc1nc(C(C)C)nc(N2CCN(C(=O)CC(C)C)CC2)c1Cc1ccc([N+](=O)[O-])cc1;1.3971709483520431;1.9638835879257757;-0.16957679805484424;-0.3851146642402806;1.9366447060446763;-0.4038847501309328;-0.6209838283181613;-0.49920768260333204;-0.24710536429033883;-0.030729254193150108;-0.48521256726432327;-0.4361122207682917;-0.15220388682955227;-0.40599897147057507;-0.18749999999999997;0.0
Cc1nc(C(C)C)nc(N2CCN(C(=O)N(C)C)CC2)c1Cc1ccccc1F;1.196257513939829;0.21471495152740028;-0.16957679805484424;-0.3851146642402806;-1.5751643097199564;-0.4038847501309328;1.6103478937742153;2.090483068911506;-0.24710536429033883;-0.030729254193150108;-0.48521256726432327;-0.4361122207682917;-0.15220388682955227;-0.40599897147057507;-0.18749999999999997;0.0
Cc1nc(C(C)C)nc(N2CCN(C(=O)c3ccco3)CC2)c1Cc1ccccc1F;-0.12496394374588732;1.6992787066031516;-0.16957679805484424;-0.3851146642402806;-0.4458020348823024;-0.4038847501309328;1.6103478937742153;2.090483068911506;-0.24710536429033883;-0.030729254193150108;-0.48521256726432327;-0.4361122207682917;-0.15220388682955227;-0.40599897147057507;-0.18749999999999997;1.0
Cc1nc(C(C)C)nc2c1CCC(=O)N2CC1CCCO1;0.21116394791605234;-0.0763993052865578;-0.16957679805484424;1.6258289027286723;0.708380942051631;-0.9731903819644286;-0.6209838283181613;-0.49920768260333204;-0.24710536429033883;-0.030729254193150108;-0.48521256726432327;-0.4361122207682917;-0.15220388682955227;-0.40599897147057507;-0.18749999999999997;0.0
Cc1nc(C(C)C)ncc1C(=O)Nc1ccc(Br)cc1F;2.0282741775543234;1.3159574666347926;-0.16957679805484424;-0.3851146642402806;-0.4458020348823024;-0.9731903819644286;-0.6209838283181613;-0.49920768260333204;-0.24710536429033883;-0.030729254193150108;-0.48521256726432327;-0.4361122207682917;-0.15220388682955227;-0.40599897147057507;-0.18749999999999997;0.0
Cc1nc(C)c(-c2ccc([C@H]3CC[C@H](CC(=O)O)CC3)cc2)nc1C(N)=O;0.9063128811947481;-0.14502909006819883;-0.16957679805484424;-0.3851146642402806;1.8575457789263279;-0.4038847501309328;-0.6209838283181613;-0.49920768260333204;-0.24710536429033883;-0.030729254193150108;-0.48521256726432327;-0.4361122207682917;-0.15220388682955227;-0.40599897147057507;-0.18749999999999997;0.0
Cc1nc(C)c(-c2csc(Nc3ccc(O)c(C(=O)O)c3)n2)s1;0.6371940442710681;-0.7273970707692243;-0.16957679805484424;-0.3851146642402806;-1.5751643097199564;-0.9731903819644286;-0.6209838283181613;-0.49920768260333204;-0.24710536429033883;-0.030729254193150108;-0.48521256726432327;-0.4361122207682917;-0.15220388682955227;-0.40599897147057507;-0.18749999999999997;1.0
Cc1nc(C)c(-c2nc(-c3ccc(S(=O)(=O)N4CCCCC4)cc3)no2)s1;-0.3805562313282103;-0.5772996045363218;-0.16957679805484424;-0.3851146642402806;-1.5751643097199564;-0.9731903819644286;-0.6209838283181613;-0.49920768260333204;-0.24710536429033883;-0.030729254193150108;-0.48521256726432327;-0.4361122207682917;-0.15220388682955227;-0.40599897147057507;-0.18749999999999997;1.0
Cc1nc(C)c(C(=O)N2CC(Cc3nncn3C3CCCC3)C2)s1;-0.9877862280481674;0.6105660335856317;-0.16957679805484424;-0.3851146642402806;-0.4458020348823024;-1.5424960137979244;-0.6209838283181613;-0.49920768260333204;-0.24710536429033883;-0.030729254193150108;-0.48521256726432327;-0.4361122207682917;-0.15220388682955227;-0.40599897147057507;-0.18749999999999997;1.0
Cc1nc(C)c(C(=O)N2CC3(CC(C(=O)N4CCCC4)N(C)C3)C2)s1;0.0303229016833341;1.3466306594858004;-0.16957679805484424;3.636772469697625;1.8377432168892849;-1.5424960137979244;-0.6209838283181613;-0.49920768260333204;-0.24710536429033883;-0.030729254193150108;-0.48521256726432327;-0.4361122207682917;-0.15220388682955227;-0.40599897147057507;-0.18749999999999997;0.0
Cc1nc(C)c(C(=O)N2CC3(CC(C(=O)NC(C)C)N(C)C3)C2)s1;1.630016876394748;0.6725603415346045;-0.16957679805484424;1.6258289027286723;1.8377432168892849;-1.5424960137979244;-0.6209838283181613;-0.49920768260333204;-0.24710536429033883;-0.030729254193150108;-0.48521256726432327;-0.4361122207682917;-0.15220388682955227;-0.40599897147057507;-0.18749999999999997;0.0
Cc1nc(C)c(C(=O)N2CC3(CC(CCOCc4cccc(F)c4)CO3)C2)s1;-0.374215568387447;-1.0578999737015118;-0.16957679805484424;1.6258289027286723;-0.4458020348823024;-0.9731903819644286;-0.6209838283181613;-0.49920768260333204;-0.24710536429033883;-0.030729254193150108;-0.48521256726432327;-0.4361122207682917;6.5701344481423405;-0.40599897147057507;-0.18749999999999997;0.0
Cc1nc(C)c(C(=O)N2CC3(CC(c4nc(-c5ccccc5)no4)N(C)C3)C2)s1;-0.9512502588378089;-0.515678824952439;-0.16957679805484424;1.6258289027286723;0.708380942051631;-0.9731903819644286;-0.6209838283181613;-0.49920768260333204;-0.24710536429033883;-0.030729254193150108;-0.48521256726432327;-0.4361122207682917;-0.15220388682955227;-0.40599897147057507;-0.18749999999999997;0.0
Cc1nc(C)c(C(=O)N2CC3(CN(Cc4ccccc4)CC3C(=O)NC(C)C)C2)s1;0.3456679882373412;1.6611944889189396;-0.16957679805484424;1.6258289027286723;1.8377432168892844;-0.9731903819644286;-0.6209838283181613;-0.49920768260333204;-0.24710536429033883;-0.030729254193150108;-0.48521256726432327;-0.4361122207682917;-0.15220388682955227;-0.40599897147057507;-0.18749999999999997;0.0
Cc1nc(C)c(C(=O)N2CCC(Cc3ccc(CCNS(C)(=O)=O)cc3)CC2)s1;0.9475262496058027;0.9305940276203228;-0.16957679805484424;-0.3851146642402806;-0.4458020348823024;-0.4038847501309328;-0.6209838283181613;-0.49920768260333204;-0.24710536429033883;-0.030729254193150108;-0.48521256726432327;-0.4361122207682917;-0.15220388682955227;-0.40599897147057507;-0.18749999999999997;0.0
Cc1nc(C)c(C(=O)N2CCC(N3C(=O)C4(CCCCC4)C3c3ccccc3)CC2)s1;-0.9029771885248628;2.5524996271219114;-0.16957679805484424;-0.3851146642402806;0.6835602399553516;-0.9731903819644286;-0.6209838283181613;-0.49920768260333204;-0.24710536429033883;-0.030729254193150108;-0.48521256726432327;-0.4361122207682917;-0.15220388682955227;-0.40599897147057507;-0.18749999999999997;0.0
Cc1nc(C)c(C(=O)N2CCC(N3C(=O)N(C)CC34CCOCC4)CC2)s1;0.013038414967015756;2.92176686223552;-0.16957679805484424;1.6258289027286723;-0.4458020348823024;-1.5424960137979244;-0.6209838283181613;-0.49920768260333204;-0.24710536429033883;-0.030729254193150108;2.060952389667274;1.050315284101127;-0.15220388682955227;-0.40599897147057507;-0.18749999999999997;1.0
Cc1nc(C)c(C(=O)N2CCC3(CC2)CC(N2CCN(C(C)C)CC2)CCO3)s1;-0.0018620046160175495;0.5849771145206368;-0.16957679805484424;-0.3851146642402806;1.8625639189855634;-1.5424960137979244;-0.6209838283181613;-0.49920768260333204;-0.24710536429033883;-0.030729254193150108;2.060952389667274;1.050315284101127;-0.15220388682955227;-0.40599897147057507;-0.18749999999999997;1.0
Cc1nc(C)c(C(=O)N2CCC3(CC2)CC(OCC(=O)N(C)C)CCO3)s1;1.0327517250571203;1.2526785792568746;-0.16957679805484424;-0.3851146642402806;0.6835602399553516;-1.5424960137979244;-0.6209838283181613;-0.49920768260333204;-0.24710536429033883;-0.030729254193150108;2.060952389667274;1.050315284101127;-0.15220388682955227;-0.40599897147057507;-0.18749999999999997;0.0
Cc1nc(C)c(C(=O)N2CCC3(CC2)CN(c2ncccn2)CC3CO)s1;-0.3805562313282031;-0.07074345225796806;-0.16957679805484424;1.6258289027286723;-0.4458020348823024;-1.5424960137979244;-0.6209838283181613;-0.49920768260333204;-0.24710536429033883;-0.030729254193150108;-0.48521256726432327;-0.4361122207682917;-0.15220388682955227;-0.40599897147057507;-0.18749999999999997;0.0
Cc1nc(C)c(C(=O)N2CCCC(CC3CC3)(c3noc(-c4ccccn4)n3)C2)s1;-1.2805443541751642;-0.14687390016470098;-0.16957679805484424;-0.3851146642402806;0.728183504088674;-1.5424960137979244;-0.6209838283181613;-0.49920768260333204;-0.24710536429033883;-0.030729254193150108;-0.48521256726432327;-0.4361122207682917;-0.15220388682955227;-0.40599897147057507;-0.18749999999999997;1.0
Cc1nc(C)c(C(=O)N2CCCC(CCc3noc(-c4ccccn4)n3)C2)s1;-0.8756764338965705;-0.3724668823409062;-0.16957679805484424;-0.3851146642402806;0.728183504088674;-1.5424960137979244;-0.6209838283181613;-0.49920768260333204;-0.24710536429033883;-0.030729254193150108;-0.48521256726432327;-0.4361122207682917;-0.15220388682955227;-0.40599897147057507;-0.18749999999999997;0.0
Cc1nc(C)c(C(=O)N2CCCC(N(CCCN3CCOCC3)C(=O)C3CC3)C2)s1;-0.4765973345702188;-0.34041457936308117;-0.16957679805484424;-0.3851146642402806;1.8377432168892844;-1.5424960137979244;-0.6209838283181613;-0.49920768260333204;-0.24710536429033883;-0.030729254193150108;-0.48521256726432327;-0.4361122207682917;-0.15220388682955227;-0.40599897147057507;-0.18749999999999997;0.0
Cc1nc(C)c(C(=O)N2CCCC(n3c(C)cnc3-c3ccccc3)C2)s1;-0.5069950751905897;2.44760670478799;-0.16957679805484424;-0.3851146642402806;-0.4458020348823024;-0.9731903819644286;-0.6209838283181613;-0.49920768260333204;-0.24710536429033883;-0.030729254193150108;-0.48521256726432327;-0.4361122207682917;-0.15220388682955227;-0.40599897147057507;-0.18749999999999997;0.0
Cc1nc(C)c(C(=O)N2CCCC(n3c(C)cnc3-c3cccnc3)C2)s1;-0.5069950751905897;1.9733621826476215;-0.16957679805484424;-0.3851146642402806;0.728183504088674;-0.9731903819644286;-0.6209838283181613;-0.49920768260333204;-0.24710536429033883;-0.030729254193150108;-0.48521256726432327;-0.4361122207682917;-0.15220388682955227;-0.40599897147057507;-0.18749999999999997;0.0
Cc1nc(C)c(C(=O)N2CCCC(n3c(C)cnc3C3CCC3)C2)s1;-0.5313132676868793;2.724042650691193;-0.16957679805484424;-0.3851146642402806;-0.4458020348823024;-1.5424960137979244;-0.6209838283181613;-0.49920768260333204;-0.24710536429033883;-0.030729254193150108;-0.48521256726432327;-0.4361122207682917;-0.15220388682955227;-0.40599897147057507;-0.18749999999999997;0.0
Cc1nc(C)c(C(=O)N2CCOc3ccc(CCC(=O)NCC4CC4)cc3C2)s1;-0.4860311161420673;1.6256289944930222;-0.16957679805484424;-0.3851146642402806;0.6835602399553516;-0.4038847501309328;-0.6209838283181613;-0.49920768260333204;-0.24710536429033883;-0.030729254193150108;-0.48521256726432327;-0.4361122207682917;6.5701344481423405;-0.40599897147057507;-0.18749999999999997;0.0
Cc1nc(C)c(C(=O)N2CCOc3ccc(NC(=O)C4CC4)cc3C2)s1;-0.5186865138907263;0.20010055817711625;-0.16957679805484424;-0.3851146642402806;0.6835602399553516;-0.9731903819644286;-0.6209838283181613;-0.49920768260333204;-0.24710536429033883;-0.030729254193150108;-0.48521256726432327;-0.4361122207682917;6.5701344481423405;-0.40599897147057507;-0.18749999999999997;0.0
Cc1nc(C)c(C(=O)N2CCc3c(sc4ncnc(N(C)C)c34)C2)s1;-0.10623104968803655;3.2915279487497218;-0.16957679805484424;-0.3851146642402806;-0.4458020348823024;-0.4038847501309328;-0.6209838283181613;-0.49920768260333204;-0.24710536429033883;-0.030729254193150108;-0.48521256726432327;-0.4361122207682917;-0.15220388682955227;-0.40599897147057507;-0.18749999999999997;1.0
Cc1nc(C)c(C(=O)N2C[C@@H](F)C[C@H]2Cn2cc(C(N)=O)nn2)s1;1.04497919996743;0.5564419065943026;-0.16957679805484424;1.6258289027286723;0.6835602399553516;-1.5424960137979244;1.6103478937742153;0.364022567901614;-0.24710536429033883;-0.030729254193150108;-0.48521256726432327;-0.4361122207682917;-0.15220388682955227;-0.40599897147057507;-0.18749999999999997;0.0
Cc1nc(C)c(C(=O)N2C[C@@H](NS(C)(=O)=O)C[C@H]2c2nc(-c3ccccc3)n[nH]2)s1;0.3456679882373195;0.8998348827032703;-0.16957679805484424;1.6258289027286723;0.7552020797225507;-0.9731903819644286;-0.6209838283181613;-0.49920768260333204;-0.24710536429033883;-0.030729254193150108;-0.48521256726432327;-0.4361122207682917;6.5701344481423405;-0.40599897147057507;-0.18749999999999997;0.0
Cc1nc(C)c(C(=O)N2C[C@@H](Oc3ccccc3)C[C@H]2C(=O)NC2CC2)s1;-0.5069950751905897;3.121865485844593;-0.16957679805484424;1.6258289027286723;0.6835602399553516;-1.5424960137979244;-0.6209838283181613;-0.49920768260333204;-0.24710536429033883;-0.030729254193150108;-0.48521256726432327;-0.4361122207682917;6.5701344481423405;-0.40599897147057507;-0.18749999999999997;0.0
Cc1nc(C)c(C(=O)N2C[C@@H](Oc3cccnc3)C[C@H]2C(=O)N2CCOCC2)s1;-0.4860311161420673;2.727395633216286;-0.16957679805484424;1.6258289027286723;1.8575457789263279;-1.5424960137979244;-0.6209838283181613;-0.49920768260333204;-0.24710536429033883;-0.030729254193150108;-0.48521256726432327;-0.4361122207682917;6.5701344481423405;-0.40599897147057507;-0.18749999999999997;0.0
Cc1nc(C)c(C(=O)N2Cc3cc(CN4CCOCC4)ccc3OC[C@@H]2C)s1;-0.49613873925473884;1.5078174427167503;-0.16957679805484424;-0.3851146642402806;0.708380942051631;-0.4038847501309328;-0.6209838283181613;-0.49920768260333204;-0.24710536429033883;-0.030729254193150108;-0.48521256726432327;-0.4361122207682917;6.5701344481423405;-0.40599897147057507;-0.18749999999999997;0.0
Cc1nc(C)c(C(=O)N2[C@@H]3CC[C@H]2C[C@H](c2nc(-c4ccncc4)no2)C3)s1;-1.479433716841625;0.009241083080336913;-0.16957679805484424;1.6258289027286723;0.728183504088674;-0.9731903819644286;-0.6209838283181613;-0.49920768260333204;-0.24710536429033883;-0.030729254193150108;-0.48521256726432327;-0.4361122207682917;-0.15220388682955227;-0.40599897147057507;-0.18749999999999997;0.0
Cc1nc(C)c(C(=O)N2[C@@H]3CC[C@H]2Cc2nn(CC4CC4)c(=O)n2C3)s1;-1.1688866647546294;0.9498496989206464;-0.16957679805484424;1.6258289027286723;0.6299868994021683;-1.5424960137979244;-0.6209838283181613;-0.49920768260333204;-0.24710536429033883;-0.030729254193150108;-0.48521256726432327;-0.4361122207682917;-0.15220388682955227;-0.40599897147057507;-0.18749999999999997;0.0
Cc1nc(C)c(C(=O)NC2CCCCCCCCCCC2)s1;0.47770789589729945;0.3848045806817889;-0.16957679805484424;-0.3851146642402806;-0.4458020348823024;-1.5424960137979244;-0.6209838283181613;-0.49920768260333204;-0.24710536429033883;-0.030729254193150108;-0.48521256726432327;-0.4361122207682917;-0.15220388682955227;-0.40599897147057507;-0.18749999999999997;0.0
Cc1nc(C)c(C(=O)NC2CCc3nn(CC4CC4)c(=O)n3CC2)s1;-0.5313132676868793;0.11545071580823565;-0.16957679805484424;-0.3851146642402806;0.6299868994021683;-1.5424960137979244;-0.6209838283181613;-0.49920768260333204;-0.24710536429033883;-0.030729254193150108;-0.48521256726432327;-0.4361122207682917;-0.15220388682955227;-0.40599897147057507;-0.18749999999999997;1.0
Cc1nc(C)c(C(=O)NCC2CN(Cc3ccccc3)C(=O)CO2)s1;0.1448948892115773;0.4058228049246497;-0.16957679805484424;-0.3851146642402806;0.6835602399553516;-0.9731903819644286;-0.6209838283181613;-0.49920768260333204;-0.24710536429033883;-0.030729254193150108;-0.48521256726432327;-0.4361122207682917;6.5701344481423405;-0.40599897147057507;-0.18749999999999997;0.0
Cc1nc(C)c(C(=O)NCCN(C2CCOCC2)C2CCN(S(C)(=O)=O)CC2)s1;0.9475262496058099;1.3923832578867397;-0.16957679805484424;-0.3851146642402806;0.708380942051631;-1.5424960137979244;-0.6209838283181613;-0.49920768260333204;-0.24710536429033883;-0.030729254193150108;-0.48521256726432327;-0.4361122207682917;-0.15220388682955227;-0.40599897147057507;-0.18749999999999997;0.0
Cc1nc(C)c(C(=O)NCCc2nc3ccccc3[nH]2)s1;-0.2948863116063802;1.1625890402027148;-0.16957679805484424;-0.3851146642402806;-0.4458020348823024;-1.5424960137979244;-0.6209838283181613;-0.49920768260333204;-0.24710536429033883;-0.030729254193150108;-0.48521256726432327;-0.4361122207682917;-0.15220388682955227;-0.40599897147057507;-0.18749999999999997;0.0
Cc1nc(C)c(C(=O)NCCn2c(C)cnc2-c2ccccc2)s1;0.15939124580318756;2.352742055863669;-0.16957679805484424;-0.3851146642402806;-0.4458020348823024;-0.9731903819644286;-0.6209838283181613;-0.49920768260333204;-0.24710536429033883;-0.030729254193150108;-0.48521256726432327;-0.4361122207682917;-0.15220388682955227;-0.40599897147057507;-0.18749999999999997;1.0
Cc1nc(C)c(C(=O)NCCn2c(C)cnc2C2CC2)s1;0.21116394791605234;1.840351710994599;-0.16957679805484424;-0.3851146642402806;-0.4458020348823024;-1.5424960137979244;-0.6209838283181613;-0.49920768260333204;-0.24710536429033883;-0.030729254193150108;-0.48521256726432327;-0.4361122207682917;-0.15220388682955227;-0.40599897147057507;-0.18749999999999997;1.0
Cc1nc(C)c(C(=O)NCc2nnn3c2CN(C)C(=O)C3C)s1;1.0992399334002312;-0.0460282948939251;-0.16957679805484424;-0.3851146642402806;0.6835602399553516;-1.5424960137979244;-0.6209838283181613;-0.49920768260333204;-0.24710536429033883;-0.030729254193150108;-0.48521256726432327;-0.4361122207682917;-0.15220388682955227;-0.40599897147057507;-0.18749999999999997;0.0
Cc1nc(C)c(C(=O)NCc2nnn3c2CNC(=O)C3)s1;0.21116394791605234;-0.14952205231822985;-0.16957679805484424;-0.3851146642402806;0.6835602399553516;-1.5424960137979244;-0.6209838283181613;-0.49920768260333204;-0.24710536429033883;-0.030729254193150108;-0.48521256726432327;-0.4361122207682917;-0.15220388682955227;-0.40599897147057507;-0.18749999999999997;0.0
Cc1nc(C)c(C(=O)Nc2ccc(F)cc2C)s1;1.809764182535012;-1.7072804370334231;-0.16957679805484424;-0.3851146642402806;-0.4458020348823024;-0.9731903819644286;-0.6209838283181613;-0.49920768260333204;-0.24710536429033883;-0.030729254193150108;-0.48521256726432327;-0.4361122207682917;-0.15220388682955227;-0.40599897147057507;-0.18749999999999997;0.0
Cc1nc(C)c(C(=O)Nc2ccc(N(C)C)cc2)s1;1.7038282956128101;-0.559756566774038;-0.16957679805484424;-0.3851146642402806;-0.4458020348823024;-1.5424960137979244;-0.6209838283181613;-0.49920768260333204;-0.24710536429033883;-0.030729254193150108;-0.48521256726432327;-0.4361122207682917;-0.15220388682955227;-0.40599897147057507;-0.18749999999999997;0.0
Cc1nc(C)c(C(=O)Nc2cccc([N+](=O)[O-])c2)s1;1.7038282956128101;-1.2844972920944533;-0.16957679805484424;-0.3851146642402806;1.9366447060446763;-1.5424960137979244;-0.6209838283181613;-0.49920768260333204;-0.24710536429033883;-0.030729254193150108;-0.48521256726432327;-0.4361122207682917;-0.15220388682955227;-0.40599897147057507;-0.18749999999999997;0.0
Cc1nc(C)c(C(=O)Nc2nc(-c3ccc(-c4ccccc4)cc3)cs2)s1;-0.9005897214858158;-0.24289311258341043;-0.16957679805484424;-0.3851146642402806;0.8065775467381363;0.16542088170256303;-0.6209838283181613;-0.49920768260333204;-0.24710536429033883;-0.030729254193150108;-0.48521256726432327;-0.4361122207682917;-0.15220388682955227;-0.40599897147057507;-0.18749999999999997;0.0
Cc1nc(C)c(C(=O)Nc2nc(-c3ccc(Cl)cc3)c(C)s2)s1;0.6371940442710681;-2.1628425881198594;-0.16957679805484424;-0.3851146642402806;0.8065775467381363;-0.9731903819644286;-0.6209838283181613;-0.49920768260333204;4.046856703705712;-0.030729254193150108;-0.48521256726432327;-0.4361122207682917;-0.15220388682955227;-0.40599897147057507;-0.18749999999999997;0.0
Cc1nc(C)c(C(=O)Nc2nc(-c3ccc(Cl)cc3)cs2)s1;0.19233751078410677;-0.669578143894099;-0.16957679805484424;-0.3851146642402806;0.8065775467381363;-0.9731903819644286;-0.6209838283181613;-0.49920768260333204;4.046856703705712;-0.030729254193150108;-0.48521256726432327;-0.4361122207682917;-0.15220388682955227;-0.40599897147057507;-0.18749999999999997;0.0
Cc1nc(C)c(C(=O)Nc2nc(-c3ccccc3)c(C)s2)s1;0.19233751078410677;-1.1275164139478726;-0.16957679805484424;-0.3851146642402806;0.8065775467381363;-0.9731903819644286;-0.6209838283181613;-0.49920768260333204;-0.24710536429033883;-0.030729254193150108;-0.48521256726432327;-0.4361122207682917;-0.15220388682955227;-0.40599897147057507;-0.18749999999999997;0.0
Cc1nc(C)c(C(=O)Nc2nc3c(s2)CCC3)s1;-0.31019775204296585;-2.105789632421194;-0.16957679805484424;-0.3851146642402806;0.8065775467381363;-1.5424960137979244;-0.6209838283181613;-0.49920768260333204;-0.24710536429033883;-0.030729254193150108;-0.48521256726432327;-0.4361122207682917;-0.15220388682955227;-0.40599897147057507;-0.18749999999999997;1.0
Cc1nc(C)c(C(=O)Nc2nc3c(s2)CCCC3)s1;-0.30455669504000715;-1.7503724924084516;-0.16957679805484424;-0.3851146642402806;0.8065775467381363;-1.5424960137979244;-0.6209838283181613;-0.49920768260333204;-0.24710536429033883;-0.030729254193150108;-0.48521256726432327;-0.4361122207682917;-0.15220388682955227;-0.40599897147057507;-0.18749999999999997;1.0
Cc1nc(C)c(C(=O)Nc2nnc(CC(C)C)s2)s1;1.7038282956128101;-1.0496048972720318;-0.16957679805484424;-0.3851146642402806;0.8065775467381363;-1.5424960137979244;-0.6209838283181613;-0.49920768260333204;-0.24710536429033883;-0.030729254193150108;-0.48521256726432327;-0.4361122207682917;-0.15220388682955227;-0.40599897147057507;-0.18749999999999997;0.0
Cc1nc(C)c(C(=O)O)s1;4.047804511001554;0.06743189128518064;-0.16957679805484424;-0.3851146642402806;-1.5751643097199564;-1.5424960137979244;-0.6209838283181613;-0.49920768260333204;-0.24710536429033883;-0.030729254193150108;-0.48521256726432327;-0.4361122207682917;-0.15220388682955227;-0.40599897147057507;-0.18749999999999997;1.0
Cc1nc(C)c(C)nc1C;4.047804511001554;0.06743189128518064;-0.16957679805484424;-0.3851146642402806;0.7728067682219961;-1.5424960137979244;-0.6209838283181613;-0.49920768260333204;-0.24710536429033883;-0.030729254193150108;-0.48521256726432327;-0.4361122207682917;-0.15220388682955227;-0.40599897147057507;-0.18749999999999997;0.0
Cc1nc(C)c(CCNS(=O)(=O)c2ccc(I)cc2)s1;1.7791784365970473;-1.3398379408967382;-0.16957679805484424;-0.3851146642402806;-1.5751643097199564;-1.5424960137979244;-0.6209838283181613;-0.49920768260333204;-0.24710536429033883;-0.030729254193150108;-0.48521256726432327;-0.4361122207682917;6.5701344481423405;-0.40599897147057507;-0.18749999999999997;1.0
Cc1nc(C)c(Cc2c(F)cccc2Cl)c(N2CCN(C(=O)NC(C)(C)C)CC2)n1;1.617645148984125;2.704135684514102;-0.16957679805484424;-0.3851146642402806;-1.5751643097199564;-0.4038847501309328;1.6103478937742153;2.090483068911506;4.046856703705712;-0.030729254193150108;-0.48521256726432327;-0.4361122207682917;-0.15220388682955227;-0.40599897147057507;-0.18749999999999997;1.0
Cc1nc(C)c(Cc2ccc(Cl)cc2)c(N2CCN(C(=O)C3CCOC3)CC2)n1;-0.4860311161420673;1.2472453678083342;-0.16957679805484424;1.6258289027286723;-0.4458020348823024;-0.4038847501309328;-0.6209838283181613;-0.49920768260333204;-0.24710536429033883;-0.030729254193150108;-0.48521256726432327;-0.4361122207682917;-0.15220388682955227;-0.40599897147057507;-0.18749999999999997;0.0
Cc1nc(C)c(Cc2ccc([N+](=O)[O-])cc2)c(N2CCN(C(=O)CC(C)(C)C)CC2)n1;1.5589140903399;2.5475727774654544;-0.16957679805484424;-0.3851146642402806;1.9366447060446763;-0.4038847501309328;-0.6209838283181613;-0.49920768260333204;-0.24710536429033883;-0.030729254193150108;-0.48521256726432327;-0.4361122207682917;-0.15220388682955227;-0.40599897147057507;-0.18749999999999997;0.0
Cc1nc(C)c(Cc2ccc([N+](=O)[O-])cc2)c(N2CCN(C(=O)NC(C)(C)C)CC2)n1;1.5589140903399;2.2873567078416226;-0.16957679805484424;-0.3851146642402806;0.807282431207023;-0.4038847501309328;-0.6209838283181613;-0.49920768260333204;-0.24710536429033883;-0.030729254193150108;-0.48521256726432327;-0.4361122207682917;-0.15220388682955227;-0.40599897147057507;-0.18749999999999997;0.0
Cc1nc(C)c(Cc2cccc(F)c2)c(N2CCN(CC(C)O)CC2)n1;0.5402465388951354;-0.13214168701394619;-0.16957679805484424;-0.3851146642402806;-0.4209813327860232;-0.4038847501309328;-0.6209838283181613;-0.49920768260333204;-0.24710536429033883;-0.030729254193150108;-0.48521256726432327;-0.4361122207682917;-0.15220388682955227;-0.40599897147057507;-0.18749999999999997;0.0
Cc1nc(C)c(Cc2ccccc2)c(N2CCN(C(=O)c3cccc([N+](=O)[O-])c3)CC2)n1;-0.12740312265966564;1.1773705736093258;-0.16957679805484424;-0.3851146642402806;1.9366447060446763;0.16542088170256303;-0.6209838283181613;-0.49920768260333204;-0.24710536429033883;-0.030729254193150108;2.060952389667274;2.536742788970546;-0.15220388682955227;-0.40599897147057507;-0.18749999999999997;0.0
Cc1nc(C)c(Cc2ccccc2)c(N2CCN(CC(O)COC(C)C)CC2)n1;0.46335713807975293;-1.3792336014023712;-0.16957679805484424;-0.3851146642402806;-0.4209813327860232;-0.4038847501309328;-0.6209838283181613;-0.49920768260333204;-0.24710536429033883;-0.030729254193150108;-0.48521256726432327;-0.4361122207682917;-0.15220388682955227;-0.40599897147057507;-0.18749999999999997;0.0
Cc1nc(C)c(Cc2ccccc2)c(N2CCN(CC(O)COCC(C)C)CC2)n1;0.44114464451086516;0.7766980221423551;-0.16957679805484424;-0.3851146642402806;-0.4209813327860232;-0.4038847501309328;-0.6209838283181613;-0.49920768260333204;-0.24710536429033883;-0.030729254193150108;-0.48521256726432327;-0.4361122207682917;-0.15220388682955227;-0.40599897147057507;-0.18749999999999997;0.0
Cc1nc(C)c(Cc2ccccc2C)c(N2CCN(CC(C)(C)O)CC2)n1;1.0327517250571203;-0.31554114987556875;-0.16957679805484424;-0.3851146642402806;-0.4209813327860232;0.16542088170256303;-0.6209838283181613;-0.49920768260333204;-0.24710536429033883;-0.030729254193150108;-0.48521256726432327;-0.4361122207682917;-0.15220388682955227;-0.40599897147057507;-0.18749999999999997;0.0
Cc1nc(C)c(Cc2ccccc2Cl)c(N2CCN(C(=O)c3ccc(Cl)cc3)CC2)n1;-0.12496394374588732;1.018593750130925;4.3242083503985285;-0.3851146642402806;-0.4458020348823024;0.16542088170256303;-0.6209838283181613;-0.49920768260333204;4.046856703705712;-0.030729254193150108;-0.48521256726432327;-0.4361122207682917;-0.15220388682955227;-0.40599897147057507;5.333333333333333;1.0
Cc1nc(C)c(Cc2ccccc2Cl)c(N2CCN(CC(O)COC(C)(C)C)CC2)n1;1.2161058500182482;-1.9698084548301056;-0.16957679805484424;-0.3851146642402806;-0.4209813327860232;-0.4038847501309328;-0.6209838283181613;-0.49920768260333204;4.046856703705712;-0.030729254193150108;-0.48521256726432327;-0.4361122207682917;-0.15220388682955227;-0.40599897147057507;-0.18749999999999997;0.0
Cc1nc(C)c(Cc2ccccc2F)c(N2CCN(C(=O)NC(C)C)CC2)n1;0.8666939329739644;1.6327805033140108;-0.16957679805484424;-0.3851146642402806;-1.5751643097199564;-0.4038847501309328;1.6103478937742153;2.090483068911506;-0.24710536429033883;-0.030729254193150108;-0.48521256726432327;-0.4361122207682917;-0.15220388682955227;-0.40599897147057507;-0.18749999999999997;1.0
Cc1nc(C)c(Cc2ccccc2F)c(N2CCN(C(=O)c3ccc(Br)cc3)CC2)n1;-0.12496394374588732;0.9389516553155566;-0.16957679805484424;-0.3851146642402806;-0.4458020348823024;0.16542088170256303;1.6103478937742153;2.090483068911506;-0.24710536429033883;32.54228019054596;-0.48521256726432327;-0.4361122207682917;-0.15220388682955227;-0.40599897147057507;-0.18749999999999997;1.0
Cc1nc(C)c(Cc2ccccc2F)c(N2CCN(C(=O)c3ccc(C(F)(F)F)cc3)CC2)n1;0.5936771888571577;0.39751946424506707;-0.16957679805484424;-0.3851146642402806;-0.4458020348823024;0.7347265135360589;1.6103478937742153;2.090483068911506;-0.24710536429033883;-0.030729254193150108;-0.48521256726432327;-0.4361122207682917;-0.15220388682955227;-0.40599897147057507;-0.18749999999999997;1.0
Cc1nc(C)c2c(n1)N(Cc1ccc(-c3ccccc3-c3nn[nH]n3)cc1)C(=O)CC2;-1.355909583178265;-0.3251255623442907;-0.16957679805484424;-0.3851146642402806;0.708380942051631;1.3040321453695547;-0.6209838283181613;-0.49920768260333204;-0.24710536429033883;-0.030729254193150108;-0.48521256726432327;-0.4361122207682917;-0.15220388682955227;-0.40599897147057507;-0.18749999999999997;0.0
Cc1nc(C)c2c(n1)N(Cc1cccnc1)C(=O)CC2;-0.2994797437373544;-0.5518254784405814;-0.16957679805484424;-0.3851146642402806;1.8823664810226073;-0.4038847501309328;-0.6209838283181613;-0.49920768260333204;-0.24710536429033883;-0.030729254193150108;-0.48521256726432327;-0.4361122207682917;-0.15220388682955227;-0.40599897147057507;-0.18749999999999997;1.0
Cc1nc(C)n(CC(=O)N2CCN(c3sc(C(F)(F)F)nc3-c3cnc(C(F)(F)F)nc3)C[C@H]2C)n1;1.5298334504824278;-3.0987665437834484;-0.16957679805484424;-0.3851146642402806;-0.4458020348823024;-0.9731903819644286;-0.6209838283181613;-0.49920768260333204;-0.24710536429033883;-0.030729254193150108;-0.48521256726432327;-0.4361122207682917;-0.15220388682955227;-0.40599897147057507;-0.18749999999999997;1.0
Cc1nc(C)n(CCCN)n1;2.695270181005237;0.35349164365036745;-0.16957679805484424;-0.3851146642402806;-0.472356799801609;-1.5424960137979244;-0.6209838283181613;-0.49920768260333204;-0.24710536429033883;-0.030729254193150108;-0.48521256726432327;-0.4361122207682917;-0.15220388682955227;-0.40599897147057507;-0.18749999999999997;1.0
Cc1nc(C2(C)CCN(C(=O)c3cc(C)n(Cc4ccc(F)cc4)c3C)CC2)no1;0.34566798823732675;1.2844141240555285;-0.16957679805484424;-0.3851146642402806;-0.4458020348823024;-0.4038847501309328;1.6103478937742153;0.364022567901614;-0.24710536429033883;-0.030729254193150108;-0.48521256726432327;-0.4361122207682917;-0.15220388682955227;-0.40599897147057507;-0.18749999999999997;0.0
Cc1nc(C2(C)CCN(C(=O)c3ccc(Cc4c(C)noc4C)o3)CC2)no1;0.005322126254377383;1.2324946674277664;-0.16957679805484424;-0.3851146642402806;-0.4458020348823024;-0.9731903819644286;-0.6209838283181613;-0.49920768260333204;-0.24710536429033883;-0.030729254193150108;-0.48521256726432327;-0.4361122207682917;-0.15220388682955227;-0.40599897147057507;-0.18749999999999997;1.0
Cc1nc(C2(C)CCN(S(=O)(=O)c3cc(C)c(C)cc3C)CC2)no1;1.693249445950854;0.9884407251868261;-0.16957679805484424;-0.3851146642402806;-1.5751643097199564;0.16542088170256303;-0.6209838283181613;-0.49920768260333204;-0.24710536429033883;-0.030729254193150108;-0.48521256726432327;-0.4361122207682917;-0.15220388682955227;-0.40599897147057507;-0.18749999999999997;0.0
Cc1nc(C2(C)CCN(S(=O)(=O)c3ccc(Cl)cc3C)CC2)no1;1.3294665986578018;1.6428366658884626;8.817993498851902;-0.3851146642402806;-1.5751643097199564;-0.9731903819644286;-0.6209838283181613;-0.49920768260333204;4.046856703705712;-0.030729254193150108;-0.48521256726432327;-0.4361122207682917;-0.15220388682955227;-0.40599897147057507;5.333333333333333;0.0
Cc1nc(C2(C)CCN(S(=O)(=O)c3ccc(F)c(C)c3)CC2)no1;1.3294665986578018;0.8864716725178364;-0.16957679805484424;-0.3851146642402806;-1.5751643097199564;-0.9731903819644286;1.6103478937742153;0.364022567901614;-0.24710536429033883;-0.030729254193150108;-0.48521256726432327;-0.4361122207682917;-0.15220388682955227;2.463060426921489;-0.18749999999999997;0.0
Cc1nc(C2(CC3CC3)CCCN(C(=O)CCn3c(=O)oc4ccccc43)C2)no1;-1.2805443541751642;0.3221999799114535;-0.16957679805484424;-0.3851146642402806;0.6299868994021683;-1.5424960137979244;-0.6209838283181613;-0.49920768260333204;-0.24710536429033883;-0.030729254193150108;2.060952389667274;2.536742788970546;-0.15220388682955227;-0.40599897147057507;-0.18749999999999997;0.0
Cc1nc(C2(CC3CC3)CCCN(C(=O)c3ccc(C)c(C)c3)C2)no1;-0.3873846375721043;-0.3246164516974794;-0.16957679805484424;-0.3851146642402806;-0.4458020348823024;0.16542088170256303;-0.6209838283181613;-0.49920768260333204;-0.24710536429033883;-0.030729254193150108;-0.48521256726432327;-0.4361122207682917;-0.15220388682955227;-0.40599897147057507;-0.18749999999999997;1.0
Cc1nc(C2(CC3CC3)CCCN(C(=O)c3cccc4[nH]ccc34)C2)no1;-1.7938641877135193;-0.1765694170603049;-0.16957679805484424;-0.3851146642402806;-0.4458020348823024;-0.4038847501309328;-0.6209838283181613;-0.49920768260333204;-0.24710536429033883;-0.030729254193150108;-0.48521256726432327;-0.4361122207682917;-0.15220388682955227;-0.40599897147057507;-0.18749999999999997;1.0
Cc1nc(C2(CC3CC3)CCCN(C(=O)c3ccco3)C2)no1;-1.335524281298079;-0.8362719214593647;-0.16957679805484424;-0.3851146642402806;-0.4458020348823024;-1.5424960137979244;-0.6209838283181613;-0.49920768260333204;-0.24710536429033883;-0.030729254193150108;-0.48521256726432327;-0.4361122207682917;-0.15220388682955227;-0.40599897147057507;-0.18749999999999997;1.0
Cc1nc(C2(CC3CC3)CCCN(C(=O)c3cccs3)C2)no1;-1.335524281298079;-0.12858258033773945;-0.16957679805484424;-0.3851146642402806;-0.4458020348823024;-1.5424960137979244;-0.6209838283181613;-0.49920768260333204;-0.24710536429033883;-0.030729254193150108;-0.48521256726432327;-0.4361122207682917;-0.15220388682955227;-0.40599897147057507;-0.18749999999999997;1.0
Cc1nc(C2(CC3CC3)CCCN(C(=O)c3nn(C)c4ccccc34)C2)no1;-1.3575105459743186;-0.15551999125168026;-0.16957679805484424;-0.3851146642402806;0.657005475036045;-0.9731903819644286;-0.6209838283181613;-0.49920768260333204;-0.24710536429033883;-0.030729254193150108;-0.48521256726432327;-0.4361122207682917;-0.15220388682955227;-0.40599897147057507;-0.18749999999999997;1.0
Cc1nc(C2(CC3CC3)CCCN(S(=O)(=O)c3cc(F)ccc3C)C2)no1;0.13947725882940964;-1.239339174960897;-0.16957679805484424;-0.3851146642402806;-1.5751643097199564;-0.9731903819644286;-0.6209838283181613;-0.49920768260333204;-0.24710536429033883;-0.030729254193150108;-0.48521256726432327;-0.4361122207682917;6.5701344481423405;-0.40599897147057507;-0.18749999999999997;1.0
Cc1nc(C2(CC3CC3)CCN(C(=O)CCc3nc(-c4ccccc4)no3)CC2)no1;-1.588593669168159;0.021243421944563613;-0.16957679805484424;-0.3851146642402806;-0.4458020348823024;-0.9731903819644286;-0.6209838283181613;-0.49920768260333204;-0.24710536429033883;-0.030729254193150108;-0.48521256726432327;-0.4361122207682917;-0.15220388682955227;-0.40599897147057507;-0.18749999999999997;1.0
Cc1nc(C2(CC3CC3)CCN(C(=O)NCc3ccccc3)CC2)no1;-1.2048504414160215;-0.7678201752398769;-0.16957679805484424;-0.3851146642402806;-1.5751643097199564;-0.9731903819644286;-0.6209838283181613;-0.49920768260333204;-0.24710536429033883;-0.030729254193150108;-0.48521256726432327;-0.4361122207682917;-0.15220388682955227;-0.40599897147057507;-0.18749999999999997;1.0
Cc1nc(C2(CC3CC3)CCN(C(=O)c3ccc4ncccc4c3)CC2)no1;-1.737048240616143;-0.1450257677226783;-0.16957679805484424;-0.3851146642402806;0.728183504088674;-0.4038847501309328;-0.6209838283181613;-0.49920768260333204;-0.24710536429033883;-0.030729254193150108;-0.48521256726432327;-0.4361122207682917;-0.15220388682955227;-0.40599897147057507;-0.18749999999999997;1.0
Cc1nc(C2=C(N)N(CCCc3ccccc3)CC2=O)sc1C;0.17514815514189058;0.6049343406111354;-0.16957679805484424;1.6258289027286723;-0.4458020348823024;-0.9731903819644286;-0.6209838283181613;-0.49920768260333204;-0.24710536429033883;-0.030729254193150108;-0.48521256726432327;-0.4361122207682917;-0.15220388682955227;-0.40599897147057507;-0.18749999999999997;0.0
Cc1nc(C2=C(N)N(CCc3ccccc3F)CC2=O)sc1C;0.6371940442710681;1.5612866263505307;-0.16957679805484424;1.6258289027286723;-0.4458020348823024;-0.9731903819644286;-0.6209838283181613;-0.49920768260333204;-0.24710536429033883;-0.030729254193150108;-0.48521256726432327;-0.4361122207682917;-0.15220388682955227;-0.40599897147057507;-0.18749999999999997;0.0
Cc1nc(C2=C(N)N(Cc3ccc(Cl)cc3Cl)CC2=O)sc1C;1.0992399334002456;2.937270699432993;-0.16957679805484424;1.6258289027286723;-0.4458020348823024;-0.9731903819644286;-0.6209838283181613;-0.49920768260333204;4.046856703705712;-0.030729254193150108;-0.48521256726432327;-0.4361122207682917;-0.15220388682955227;-0.40599897147057507;-0.18749999999999997;0.0
Cc1nc(C2=C(N)N(c3ccc(N(C)C)cc3)CC2=O)sc1C;1.0992399334002456;0.5608645980805125;-0.16957679805484424;1.6258289027286723;-0.4458020348823024;-1.5424960137979244;-0.6209838283181613;-0.49920768260333204;-0.24710536429033883;-0.030729254193150108;-0.48521256726432327;-0.4361122207682917;-0.15220388682955227;-0.40599897147057507;-0.18749999999999997;0.0
Cc1nc(C2=C(N)N(c3ccc(Oc4ccccc4)cc3)CC2=O)sc1C;-0.5069950751905825;2.1896841480950067;-0.16957679805484424;1.6258289027286723;-0.4458020348823024;-1.5424960137979244;-0.6209838283181613;-0.49920768260333204;-0.24710536429033883;-0.030729254193150108;-0.48521256726432327;-0.4361122207682917;-0.15220388682955227;-0.40599897147057507;-0.18749999999999997;0.0
Cc1nc(C2=C(N)N(c3ccccc3)CC2=O)sc1C;0.2318730287612026;1.822509513900055;-0.16957679805484424;1.6258289027286723;-0.4458020348823024;-1.5424960137979244;-0.6209838283181613;-0.49920768260333204;-0.24710536429033883;-0.030729254193150108;-0.48521256726432327;-0.4361122207682917;-0.15220388682955227;-0.40599897147057507;-0.18749999999999997;0.0
Cc1nc(C2=CCN(CC(=O)NCCN3CCCCC3)CC2)no1;-0.7261967083610693;1.1964489036114698;-0.16957679805484424;-0.3851146642402806;0.708380942051631;-1.5424960137979244;-0.6209838283181613;-0.49920768260333204;-0.24710536429033883;-0.030729254193150108;-0.48521256726432327;-0.4361122207682917;-0.15220388682955227;-0.40599897147057507;-0.18749999999999997;0.0
Cc1nc(C2CC2)nc(N2CCN(C(=O)C3CC3)CC2)c1Cc1ccc([N+](=O)[O-])cc1;-1.013101342856606;0.3937113168427754;-0.16957679805484424;-0.3851146642402806;1.9366447060446763;-0.4038847501309328;-0.6209838283181613;-0.49920768260333204;-0.24710536429033883;-0.030729254193150108;-0.48521256726432327;-0.4361122207682917;-0.15220388682955227;-0.40599897147057507;-0.18749999999999997;0.0
Cc1nc(C2CC2)nc(N2CCN(C(=O)N(C)C)CC2)c1Cc1ccc(Cl)cc1Cl;0.23187302876118812;0.4459377711047334;-0.16957679805484424;-0.3851146642402806;-1.5751643097199564;-0.4038847501309328;-0.6209838283181613;-0.49920768260333204;4.046856703705712;-0.030729254193150108;-0.48521256726432327;-0.4361122207682917;-0.15220388682955227;-0.40599897147057507;-0.18749999999999997;1.0
Cc1nc(C2CC2)nc(N2CCN(C(=O)NC(C)(C)C)CC2)c1Cc1ccccc1F;0.32796845090752225;2.5517995254860426;-0.16957679805484424;-0.3851146642402806;-1.5751643097199564;-0.4038847501309328;1.6103478937742153;2.090483068911506;-0.24710536429033883;-0.030729254193150108;-0.48521256726432327;-0.4361122207682917;-0.15220388682955227;-0.40599897147057507;-0.18749999999999997;1.0
Cc1nc(C2CC2)nc(N2CCN(C(=O)NC(C)C)CC2)c1Cc1c(F)cccc1Cl;0.21784429657576446;2.0263225256130672;-0.16957679805484424;-0.3851146642402806;-1.5751643097199564;-0.4038847501309328;1.6103478937742153;2.090483068911506;4.046856703705712;-0.030729254193150108;-0.48521256726432327;-0.4361122207682917;-0.15220388682955227;-0.40599897147057507;-0.18749999999999997;1.0
Cc1nc(C2CC2)nc(N2CCN(C(=O)c3ccc(F)cc3)CC2)c1Cc1ccc([N+](=O)[O-])cc1;-0.6168901958437569;1.3130380280179357;-0.16957679805484424;-0.3851146642402806;1.9366447060446763;0.16542088170256303;1.6103478937742153;0.364022567901614;-0.24710536429033883;-0.030729254193150108;-0.48521256726432327;-0.4361122207682917;-0.15220388682955227;2.463060426921489;-0.18749999999999997;0.0
Cc1nc(C2CC23CCN(C(=O)NC2CCCCC2)CC3)no1;-1.335524281298079;0.13643670126316498;-0.16957679805484424;-0.3851146642402806;-1.5751643097199564;-1.5424960137979244;-0.6209838283181613;-0.49920768260333204;-0.24710536429033883;-0.030729254193150108;-0.48521256726432327;-0.4361122207682917;-0.15220388682955227;-0.40599897147057507;-0.18749999999999997;1.0
Cc1nc(C2CC3(CCN(C(=O)Cc4ccccc4C)CC3)CN2C)no1;-0.3805562313282031;0.17346497728775293;-0.16957679805484424;1.6258289027286723;0.708380942051631;-0.4038847501309328;-0.6209838283181613;-0.49920768260333204;-0.24710536429033883;-0.030729254193150108;-0.48521256726432327;-0.4361122207682917;-0.15220388682955227;-0.40599897147057507;-0.18749999999999997;0.0
Cc1nc(C2CC3(CCN(C(=O)NC4CCCC4)CC3)CN2C)no1;-0.8198415343143514;0.295034115332223;-0.16957679805484424;1.6258289027286723;-0.4209813327860232;-1.5424960137979244;-0.6209838283181613;-0.49920768260333204;-0.24710536429033883;-0.030729254193150108;-0.48521256726432327;-0.4361122207682917;-0.15220388682955227;-0.40599897147057507;-0.18749999999999997;0.0
Cc1nc(C2CC3(CCN(C(=O)Nc4ccccc4Br)CC3)CN2C)no1;-0.3805562313282031;-0.713791442869082;-0.16957679805484424;1.6258289027286723;-0.4209813327860232;-1.5424960137979244;-0.6209838283181613;-0.49920768260333204;-0.24710536429033883;-0.030729254193150108;-0.48521256726432327;-0.4361122207682917;-0.15220388682955227;-0.40599897147057507;-0.18749999999999997;0.0
Cc1nc(C2CC3(CCN(C(=O)c4cncnc4)CC3)CN2C)no1;-0.8198415343143514;-0.7821996080089161;-0.16957679805484424;1.6258289027286723;0.708380942051631;-0.9731903819644286;-0.6209838283181613;-0.49920768260333204;-0.24710536429033883;-0.030729254193150108;-0.48521256726432327;-0.4361122207682917;-0.15220388682955227;-0.40599897147057507;-0.18749999999999997;0.0
Cc1nc(C2CC3(CCN(C(=O)c4cocn4)CC3)CN2C)no1;-0.8455425287029924;-0.07832009725108449;-0.16957679805484424;1.6258289027286723;0.708380942051631;-1.5424960137979244;-0.6209838283181613;-0.49920768260333204;-0.24710536429033883;-0.030729254193150108;-0.48521256726432327;-0.4361122207682917;-0.15220388682955227;-0.40599897147057507;-0.18749999999999997;0.0
Cc1nc(C2CC3(CCN(Cc4scnc4C)CC3)CN2C)no1;-0.8455425287029924;0.11984996181163239;-0.16957679805484424;1.6258289027286723;0.7332016441479101;-1.5424960137979244;-0.6209838283181613;-0.49920768260333204;-0.24710536429033883;-0.030729254193150108;-0.48521256726432327;-0.4361122207682917;-0.15220388682955227;-0.40599897147057507;-0.18749999999999997;0.0
Cc1nc(C2CN(C(=O)Cn3c(=O)oc4cc(Cl)ccc43)CC23CCC3)n[nH]1;-0.9779728513324941;0.24842907478707452;4.3242083503985285;1.6258289027286723;1.8309910140070214;-1.5424960137979244;-0.6209838283181613;-0.49920768260333204;-0.24710536429033883;-0.030729254193150108;-0.48521256726432327;-0.4361122207682917;-0.15220388682955227;-0.40599897147057507;5.333333333333333;0.0
Cc1nc(C2CN(C(=O)c3c[nH]nc3-c3ccc(F)cc3)CC23CCC3)n[nH]1;-1.3575105459743186;0.9140977566065888;-0.16957679805484424;1.6258289027286723;1.9562061943274034;-0.4038847501309328;1.6103478937742153;0.364022567901614;-0.24710536429033883;-0.030729254193150108;-0.48521256726432327;-0.4361122207682917;-0.15220388682955227;-0.40599897147057507;-0.18749999999999997;0.0
Cc1nc(C2CN(C(=O)c3cc(-c4ccccc4Cl)n[nH]3)CC23CCC3)n[nH]1;-1.3575105459743186;1.5608145920985206;-0.16957679805484424;1.6258289027286723;1.9562061943274034;-0.9731903819644286;-0.6209838283181613;-0.49920768260333204;-0.24710536429033883;-0.030729254193150108;-0.48521256726432327;-0.4361122207682917;-0.15220388682955227;-0.40599897147057507;-0.18749999999999997;0.0
Cc1nc(CC(=O)N2CCC(C(N)=O)CC2)cs1;1.2193722130921765;-1.2567760646865571;-0.16957679805484424;-0.3851146642402806;0.6835602399553516;-1.5424960137979244;-0.6209838283181613;-0.49920768260333204;-0.24710536429033883;-0.030729254193150108;-0.48521256726432327;-0.4361122207682917;-0.15220388682955227;-0.40599897147057507;-0.18749999999999997;0.0
Cc1nc(CC(=O)NC(C)c2ccccc2)sc1C(=O)NCC(C)C;1.6712674821077338;-0.7870383961431058;-0.16957679805484424;-0.3851146642402806;0.6835602399553516;-0.9731903819644286;-0.6209838283181613;-0.49920768260333204;-0.24710536429033883;-0.030729254193150108;-0.48521256726432327;-0.4361122207682917;-0.15220388682955227;-0.40599897147057507;-0.18749999999999997;0.0
Cc1nc(CC(=O)NC[C@H]2CC[C@H](C(=O)O)CC2)cs1;1.0771332248842715;0.48385358932650496;-0.16957679805484424;-0.3851146642402806;0.6835602399553516;-1.5424960137979244;-0.6209838283181613;-0.49920768260333204;-0.24710536429033883;-0.030729254193150108;-0.48521256726432327;-0.4361122207682917;-0.15220388682955227;-0.40599897147057507;-0.18749999999999997;0.0
Cc1nc(CC(=O)NCc2ccc(F)cc2Cl)sc1C(=O)NCc1ccccc1;0.4633571380797457;0.30000103412911133;4.3242083503985285;-0.3851146642402806;0.6835602399553516;-0.4038847501309328;1.6103478937742153;0.364022567901614;-0.24710536429033883;-0.030729254193150108;-0.48521256726432327;-0.4361122207682917;-0.15220388682955227;-0.40599897147057507;5.333333333333333;0.0
Cc1nc(CC(=O)N[C@@H](Cc2ccccc2)C(=O)O)cs1;1.0161736585094583;-0.27730725043568405;-0.16957679805484424;-0.3851146642402806;-0.4458020348823024;-0.9731903819644286;-0.6209838283181613;-0.49920768260333204;-0.24710536429033883;-0.030729254193150108;-0.48521256726432327;-0.4361122207682917;-0.15220388682955227;-0.40599897147057507;-0.18749999999999997;0.0
Cc1nc(CC(=O)Nc2c(F)cccc2F)sc1C(=O)NCc1ccc(F)cc1;0.829807326009791;-0.5440770209677267;-0.16957679805484424;-0.3851146642402806;0.6835602399553516;-0.9731903819644286;1.6103478937742153;0.364022567901614;-0.24710536429033883;-0.030729254193150108;-0.48521256726432327;-0.4361122207682917;-0.15220388682955227;-0.40599897147057507;-0.18749999999999997;0.0
Cc1nc(CC(=O)Nc2ccc(C)c(Cl)c2)cs1;1.2193722130921765;0.10343299362008153;4.3242083503985285;-0.3851146642402806;-0.4458020348823024;-0.9731903819644286;-0.6209838283181613;-0.49920768260333204;-0.24710536429033883;-0.030729254193150108;-0.48521256726432327;-0.4361122207682917;-0.15220388682955227;-0.40599897147057507;5.333333333333333;0.0
Cc1nc(CC(=O)Nc2ccc(F)c(Cl)c2)sc1C(=O)NCc1ccc(F)cc1;0.829807326009791;0.1896371458740061;4.3242083503985285;-0.3851146642402806;0.6835602399553516;-0.9731903819644286;1.6103478937742153;0.364022567901614;-0.24710536429033883;-0.030729254193150108;-0.48521256726432327;-0.4361122207682917;-0.15220388682955227;-0.40599897147057507;5.333333333333333;0.0
Cc1nc(CC(=O)Nc2ccc(F)c(F)c2)sc1C(=O)NCC(C)C;2.0963497001065767;-0.7899713230175133;-0.16957679805484424;-0.3851146642402806;0.6835602399553516;-1.5424960137979244;-0.6209838283181613;-0.49920768260333204;-0.24710536429033883;-0.030729254193150108;-0.48521256726432327;-0.4361122207682917;-0.15220388682955227;2.463060426921489;-0.18749999999999997;0.0
Cc1nc(CC(=O)Nc2ccc(F)c(F)c2)sc1C(=O)NCc1ccc(F)cc1;0.829807326009791;-0.5147335183616162;-0.16957679805484424;-0.3851146642402806;0.6835602399553516;-0.9731903819644286;1.6103478937742153;0.364022567901614;-0.24710536429033883;-0.030729254193150108;-0.48521256726432327;-0.4361122207682917;-0.15220388682955227;2.463060426921489;-0.18749999999999997;0.0
Cc1nc(CC(=O)Nc2ccc(F)cc2F)cs1;1.2193722130921765;0.16370689412060438;-0.16957679805484424;-0.3851146642402806;-0.4458020348823024;-1.5424960137979244;-0.6209838283181613;-0.49920768260333204;-0.24710536429033883;-0.030729254193150108;-0.48521256726432327;-0.4361122207682917;-0.15220388682955227;-0.40599897147057507;-0.18749999999999997;0.0
Cc1nc(CC(=O)Nc2ccc(OCC(C)C)cc2)cs1;1.0161736585094583;0.6421984001572492;-0.16957679805484424;-0.3851146642402806;-0.4458020348823024;-1.5424960137979244;-0.6209838283181613;-0.49920768260333204;-0.24710536429033883;-0.030729254193150108;-0.48521256726432327;-0.4361122207682917;-0.15220388682955227;-0.40599897147057507;-0.18749999999999997;0.0
Cc1nc(CC(=O)Nc2ccc(S(=O)(=O)Nc3ccccn3)cc2)cs1;0.26281551329179875;-0.4650024863603612;-0.16957679805484424;-0.3851146642402806;0.6664963149633719;-1.5424960137979244;-0.6209838283181613;-0.49920768260333204;-0.24710536429033883;-0.030729254193150108;-0.48521256726432327;-0.4361122207682917;-0.15220388682955227;-0.40599897147057507;-0.18749999999999997;0.0
Cc1nc(CC(=O)Nc2cccc(F)c2)sc1C(=O)NCc1ccc(F)cc1;0.48715623833213995;-0.540767335127109;-0.16957679805484424;-0.3851146642402806;0.6835602399553516;-0.9731903819644286;1.6103478937742153;0.364022567901614;-0.24710536429033883;-0.030729254193150108;-0.48521256726432327;-0.4361122207682917;-0.15220388682955227;2.463060426921489;-0.18749999999999997;0.0
Cc1nc(CC(=O)Nc2cccc(F)c2)sc1C(=O)NCc1ccccc1;0.11912358860427424;-0.5445694006538274;-0.16957679805484424;-0.3851146642402806;0.6835602399553516;-0.9731903819644286;-0.6209838283181613;-0.49920768260333204;-0.24710536429033883;-0.030729254193150108;-0.48521256726432327;-0.4361122207682917;-0.15220388682955227;2.463060426921489;-0.18749999999999997;0.0
Cc1nc(CC(=O)Nc2ccccc2)sc1C(=O)NCC(C)C;1.3722029104650375;-0.7486097946986644;-0.16957679805484424;-0.3851146642402806;0.6835602399553516;-1.5424960137979244;-0.6209838283181613;-0.49920768260333204;-0.24710536429033883;-0.030729254193150108;-0.48521256726432327;-0.4361122207682917;-0.15220388682955227;-0.40599897147057507;-0.18749999999999997;0.0
Cc1nc(CC(=O)Nc2ccccc2)sc1C(=O)NCc1ccc(F)cc1;0.11912358860428872;-0.4928110819413239;-0.16957679805484424;-0.3851146642402806;0.6835602399553516;-0.9731903819644286;1.6103478937742153;0.364022567901614;-0.24710536429033883;-0.030729254193150108;-0.48521256726432327;-0.4361122207682917;-0.15220388682955227;-0.40599897147057507;-0.18749999999999997;0.0
Cc1nc(CC(=O)Nc2nc(-c3ccc(Br)cc3)cs2)cs1;-0.29071046421457947;0.4862494124295687;-0.16957679805484424;-0.3851146642402806;-0.4458020348823024;-0.9731903819644286;-0.6209838283181613;-0.49920768260333204;-0.24710536429033883;32.54228019054596;-0.48521256726432327;-0.4361122207682917;-0.15220388682955227;-0.40599897147057507;-0.18749999999999997;1.0
Cc1nc(CC(=O)Nc2nc(-c3ccc(F)cc3)c(C)s2)cs1;0.17514815514189058;1.4792122561308518;-0.16957679805484424;-0.3851146642402806;-0.4458020348823024;-0.9731903819644286;1.6103478937742153;0.364022567901614;-0.24710536429033883;-0.030729254193150108;-0.48521256726432327;-0.4361122207682917;-0.15220388682955227;-0.40599897147057507;-0.18749999999999997;1.0
Cc1nc(CC(=O)Nc2nc(-c3ccc(F)cc3)cs2)cs1;-0.29071046421457947;0.5975676968006602;-0.16957679805484424;-0.3851146642402806;-0.4458020348823024;-0.9731903819644286;1.6103478937742153;0.364022567901614;-0.24710536429033883;-0.030729254193150108;-0.48521256726432327;-0.4361122207682917;-0.15220388682955227;-0.40599897147057507;-0.18749999999999997;1.0
Cc1nc(CC(=O)Nc2nc(-c3ccccc3)c(C)s2)cs1;-0.29071046421457947;1.421456498330048;-0.16957679805484424;-0.3851146642402806;-0.4458020348823024;-0.9731903819644286;-0.6209838283181613;-0.49920768260333204;-0.24710536429033883;-0.030729254193150108;-0.48521256726432327;-0.4361122207682917;-0.15220388682955227;-0.40599897147057507;-0.18749999999999997;1.0
Cc1nc(CC(=O)Nc2nc3ccc(S(N)(=O)=O)cc3s2)cs1;0.7856222522834303;0.9988870926724424;-0.16957679805484424;-0.3851146642402806;-0.4458020348823024;-1.5424960137979244;-0.6209838283181613;-0.49920768260333204;-0.24710536429033883;-0.030729254193150108;-0.48521256726432327;-0.4361122207682917;-0.15220388682955227;-0.40599897147057507;-0.18749999999999997;0.0
Cc1nc(CC(=O)Nc2nc3ccccc3s2)cs1;-0.8638754029332277;0.919118239266828;-0.16957679805484424;-0.3851146642402806;-0.4458020348823024;-1.5424960137979244;-0.6209838283181613;-0.49920768260333204;-0.24710536429033883;-0.030729254193150108;-0.48521256726432327;-0.4361122207682917;-0.15220388682955227;-0.40599897147057507;-0.18749999999999997;0.0
Cc1nc(CC(=O)Nc2nccs2)cs1;0.08690946284517252;0.6218273803522112;-0.16957679805484424;-0.3851146642402806;-0.4458020348823024;-1.5424960137979244;-0.6209838283181613;-0.49920768260333204;-0.24710536429033883;-0.030729254193150108;-0.48521256726432327;-0.4361122207682917;-0.15220388682955227;-0.40599897147057507;-0.18749999999999997;1.0
Cc1nc(CC(=O)Nc2nnc(C3CCCO3)s2)cs1;-0.8308325162359043;0.7060184284709662;-0.16957679805484424;1.6258289027286723;-0.4458020348823024;-1.5424960137979244;-0.6209838283181613;-0.49920768260333204;-0.24710536429033883;-0.030729254193150108;-0.48521256726432327;-0.4361122207682917;-0.15220388682955227;-0.40599897147057507;-0.18749999999999997;0.0
Cc1nc(CC2CCOC3(CCN(C(=O)CC4CC4)CC3)C2)no1;-1.2883365057851064;0.49157316425945846;-0.16957679805484424;-0.3851146642402806;-0.4458020348823024;-1.5424960137979244;-0.6209838283181613;-0.49920768260333204;-0.24710536429033883;-0.030729254193150108;2.060952389667274;1.050315284101127;-0.15220388682955227;-0.40599897147057507;-0.18749999999999997;1.0
Cc1nc(CC2CCOC3(CCN(C(=O)Cn4c(=O)oc5ccccc54)CC3)C2)no1;-1.2457854288465073;-0.33798452670134543;-0.16957679805484424;-0.3851146642402806;0.6299868994021683;-1.5424960137979244;-0.6209838283181613;-0.49920768260333204;-0.24710536429033883;-0.030729254193150108;2.060952389667274;1.050315284101127;-0.15220388682955227;-0.40599897147057507;-0.18749999999999997;1.0
Cc1nc(CC2CCOC3(CCN(C(=O)NC4CCCCC4)CC3)C2)no1;-1.167745523918648;-0.06408953987542325;-0.16957679805484424;-0.3851146642402806;-1.5751643097199564;-1.5424960137979244;-0.6209838283181613;-0.49920768260333204;-0.24710536429033883;-0.030729254193150108;2.060952389667274;1.050315284101127;-0.15220388682955227;-0.40599897147057507;-0.18749999999999997;1.0
Cc1nc(CC2CCOC3(CCN(C(=O)Nc4cccc(F)c4C)CC3)C2)no1;-0.3683121925460484;-0.226470278263809;-0.16957679805484424;-0.3851146642402806;-1.5751643097199564;-0.9731903819644286;1.6103478937742153;0.364022567901614;-0.24710536429033883;-0.030729254193150108;2.060952389667274;1.050315284101127;-0.15220388682955227;2.463060426921489;-0.18749999999999997;1.0
Cc1nc(CC2CCOC3(CCN(C(=O)c4cc(-c5ccc(C)c(C)c5)n[nH]4)CC3)C2)no1;-0.8605553994619587;-0.40918598868431144;-0.16957679805484424;-0.3851146642402806;0.7552020797225507;0.16542088170256303;-0.6209838283181613;-0.49920768260333204;-0.24710536429033883;-0.030729254193150108;2.060952389667274;1.050315284101127;-0.15220388682955227;-0.40599897147057507;-0.18749999999999997;1.0
Cc1nc(CC2CCOC3(CCN(C(=O)c4ccc(C)s4)CC3)C2)no1;-0.7961175394940629;0.5240063084997997;-0.16957679805484424;-0.3851146642402806;-0.4458020348823024;-1.5424960137979244;-0.6209838283181613;-0.49920768260333204;-0.24710536429033883;-0.030729254193150108;2.060952389667274;1.050315284101127;-0.15220388682955227;-0.40599897147057507;-0.18749999999999997;1.0
Cc1nc(CC2CCOC3(CCN(C(=O)c4ccc(Cn5ccnc5)o4)CC3)C2)no1;-1.588593669168159;0.6179995196005443;-0.16957679805484424;-0.3851146642402806;-0.4458020348823024;-1.5424960137979244;-0.6209838283181613;-0.49920768260333204;-0.24710536429033883;-0.030729254193150108;2.060952389667274;1.050315284101127;-0.15220388682955227;-0.40599897147057507;-0.18749999999999997;1.0
Cc1nc(CC2CCOC3(CCN(C(=O)c4ccccc4OC(F)(F)F)CC3)C2)no1;0.09528436491762096;0.33541061682106543;-0.16957679805484424;-0.3851146642402806;-0.4458020348823024;-0.9731903819644286;1.6103478937742153;2.090483068911506;-0.24710536429033883;-0.030729254193150108;2.060952389667274;1.050315284101127;-0.15220388682955227;2.463060426921489;-0.18749999999999997;1.0
Cc1nc(CC2CCOC3(CCN(C(=O)c4ccncc4)CC3)C2)no1;-1.2048504414160215;0.44250575356400046;-0.16957679805484424;-0.3851146642402806;0.728183504088674;-0.9731903819644286;-0.6209838283181613;-0.49920768260333204;-0.24710536429033883;-0.030729254193150108;2.060952389667274;1.050315284101127;-0.15220388682955227;-0.40599897147057507;-0.18749999999999997;1.0
Cc1nc(CC2CCOC3(CCN(C(=O)c4ccncc4F)CC3)C2)no1;-0.7741508776234364;0.4282898359537242;-0.16957679805484424;-0.3851146642402806;0.728183504088674;-0.9731903819644286;-0.6209838283181613;-0.49920768260333204;-0.24710536429033883;-0.030729254193150108;2.060952389667274;1.050315284101127;-0.15220388682955227;-0.40599897147057507;-0.18749999999999997;0.0
Cc1nc(CC2CCOC3(CCN(C(=O)c4cnn(C)c4C)CC3)C2)no1;-0.3805562313282103;0.49217380917977666;-0.16957679805484424;-0.3851146642402806;0.657005475036045;-0.9731903819644286;-0.6209838283181613;-0.49920768260333204;-0.24710536429033883;-0.030729254193150108;2.060952389667274;1.050315284101127;-0.15220388682955227;-0.40599897147057507;-0.18749999999999997;0.0
Cc1nc(CC2CCOC3(CCN(C(=O)c4ncccn4)CC3)C2)no1;-1.2048504414160215;0.2741751942749388;-0.16957679805484424;-0.3851146642402806;-0.4458020348823024;-1.5424960137979244;-0.6209838283181613;-0.49920768260333204;-0.24710536429033883;-0.030729254193150108;2.060952389667274;1.050315284101127;-0.15220388682955227;-0.40599897147057507;-0.18749999999999997;1.0
Cc1nc(CC2CCOC3(CCN(S(=O)(=O)c4ccc5c(c4)CCCC5)CC3)C2)no1;-1.1356612745147567;-0.8310191283971348;-0.16957679805484424;-0.3851146642402806;-1.5751643097199564;-0.4038847501309328;-0.6209838283181613;-0.49920768260333204;-0.24710536429033883;-0.030729254193150108;2.060952389667274;2.536742788970546;-0.15220388682955227;-0.40599897147057507;-0.18749999999999997;1.0
Cc1nc(CCC2CCCN2C(=O)NCCc2ccccc2)no1;-0.7261967083610693;0.45273441359192007;-0.16957679805484424;1.6258289027286723;-1.5751643097199564;-0.9731903819644286;-0.6209838283181613;-0.49920768260333204;-0.24710536429033883;-0.030729254193150108;-0.48521256726432327;-0.4361122207682917;-0.15220388682955227;-0.40599897147057507;-0.18749999999999997;1.0
Cc1nc(CCC2CCCN2C(=O)Nc2ccc3c(c2)OCCO3)no1;-1.336152317734658;-0.23174155383318173;-0.16957679805484424;1.6258289027286723;-1.5751643097199564;-1.5424960137979244;-0.6209838283181613;-0.49920768260333204;-0.24710536429033883;-0.030729254193150108;2.060952389667274;1.050315284101127;-0.15220388682955227;-0.40599897147057507;-0.18749999999999997;1.0
Cc1nc(CCC2CCCN2C(=O)c2cc(F)ccc2F)no1;0.17514815514189058;0.2289177478149871;-0.16957679805484424;1.6258289027286723;-0.4458020348823024;-0.9731903819644286;-0.6209838283181613;-0.49920768260333204;-0.24710536429033883;-0.030729254193150108;-0.48521256726432327;-0.4361122207682917;-0.15220388682955227;-0.40599897147057507;-0.18749999999999997;0.0
Cc1nc(CCC2CCCN2C(=O)c2cccnc2)no1;-0.8009365711288127;-0.06710354662355707;-0.16957679805484424;1.6258289027286723;0.728183504088674;-0.9731903819644286;-0.6209838283181613;-0.49920768260333204;-0.24710536429033883;-0.030729254193150108;-0.48521256726432327;-0.4361122207682917;-0.15220388682955227;-0.40599897147057507;-0.18749999999999997;0.0
Cc1nc(CCC2CCCN2C(=O)c2cccs2)no1;-0.8308325162359043;0.6351272008049539;-0.16957679805484424;1.6258289027286723;-0.4458020348823024;-1.5424960137979244;-0.6209838283181613;-0.49920768260333204;-0.24710536429033883;-0.030729254193150108;-0.48521256726432327;-0.4361122207682917;-0.15220388682955227;-0.40599897147057507;-0.18749999999999997;0.0
Cc1nc(CCC2CCCN2C(=O)c2ccsc2)no1;-0.8308325162359043;0.21682306658494427;-0.16957679805484424;1.6258289027286723;-0.4458020348823024;-0.9731903819644286;-0.6209838283181613;-0.49920768260333204;-0.24710536429033883;-0.030729254193150108;-0.48521256726432327;-0.4361122207682917;-0.15220388682955227;-0.40599897147057507;-0.18749999999999997;0.0
Cc1nc(CCC2CCN(C(=O)C(C)C)CC2)no1;1.1445095877195968;-0.6558065506680791;-0.16957679805484424;-0.3851146642402806;-0.4458020348823024;-1.5424960137979244;-0.6209838283181613;-0.49920768260333204;-0.24710536429033883;-0.030729254193150108;-0.48521256726432327;-0.4361122207682917;-0.15220388682955227;-0.40599897147057507;-0.18749999999999997;0.0
Cc1nc(CCC2CCN(C(=O)CCc3c(C)noc3C)C2)no1;0.15939124580318756;-1.6334528594156275;-0.16957679805484424;1.6258289027286723;-0.4458020348823024;-0.9731903819644286;-0.6209838283181613;-0.49920768260333204;-0.24710536429033883;-0.030729254193150108;2.060952389667274;1.050315284101127;-0.15220388682955227;-0.40599897147057507;-0.18749999999999997;1.0
Cc1nc(CCC2CCN(C(=O)CCc3ccccc3)C2)no1;-0.7489436231164645;-0.7576411196158521;-0.16957679805484424;1.6258289027286723;-0.4458020348823024;-0.9731903819644286;-0.6209838283181613;-0.49920768260333204;-0.24710536429033883;-0.030729254193150108;-0.48521256726432327;-0.4361122207682917;-0.15220388682955227;-0.40599897147057507;-0.18749999999999997;0.0
Cc1nc(CCC2CCN(C(=O)Cc3cccc(Cl)c3)C2)no1;-0.2868977339872869;-0.9979448667486358;4.3242083503985285;1.6258289027286723;-0.4458020348823024;-0.9731903819644286;-0.6209838283181613;-0.49920768260333204;4.046856703705712;-0.030729254193150108;-0.48521256726432327;-0.4361122207682917;-0.15220388682955227;-0.40599897147057507;5.333333333333333;0.0
Cc1nc(CCC2CCN(C(=O)Cc3ccccc3C)C2)no1;-0.2868977339872869;-0.6859411219714604;-0.16957679805484424;1.6258289027286723;-0.4458020348823024;-0.4038847501309328;-0.6209838283181613;-0.49920768260333204;-0.24710536429033883;-0.030729254193150108;-0.48521256726432327;-0.4361122207682917;-0.15220388682955227;-0.40599897147057507;-0.18749999999999997;0.0
Cc1nc(CCC2CCN(C(=O)Cc3cccs3)C2)no1;-0.8009365711288127;-0.6097665381900178;-0.16957679805484424;1.6258289027286723;-0.4458020348823024;-1.5424960137979244;-0.6209838283181613;-0.49920768260333204;-0.24710536429033883;-0.030729254193150108;-0.48521256726432327;-0.4361122207682917;-0.15220388682955227;-0.40599897147057507;-0.18749999999999997;0.0
Cc1nc(CCC2CCN(C(=O)NC3CCCC3)CC2)no1;-0.7737584392132657;-0.18763065815432073;-0.16957679805484424;-0.3851146642402806;-1.5751643097199564;-1.5424960137979244;-0.6209838283181613;-0.49920768260333204;-0.24710536429033883;-0.030729254193150108;-0.48521256726432327;-0.4361122207682917;-0.15220388682955227;-0.40599897147057507;-0.18749999999999997;1.0
Cc1nc(CCC2CCN(C(=O)Nc3ccccc3C(F)(F)F)C2)no1;0.6715484152137718;-0.6935413362400581;-0.16957679805484424;1.6258289027286723;-1.5751643097199564;-0.9731903819644286;1.6103478937742153;2.090483068911506;-0.24710536429033883;-0.030729254193150108;-0.48521256726432327;-0.4361122207682917;-0.15220388682955227;2.463060426921489;-0.18749999999999997;1.0
Cc1nc(CCC2CCN(C(=O)Nc3ccccc3C(F)(F)F)CC2)no1;0.6391570787618942;-0.728641350159786;-0.16957679805484424;-0.3851146642402806;-1.5751643097199564;-0.9731903819644286;1.6103478937742153;2.090483068911506;-0.24710536429033883;-0.030729254193150108;-0.48521256726432327;-0.4361122207682917;-0.15220388682955227;2.463060426921489;-0.18749999999999997;1.0
Cc1nc(CCC2CCN(C(=O)Nc3ccccc3Cl)C2)no1;-0.2868977339872869;-1.075656319871517;-0.16957679805484424;1.6258289027286723;-1.5751643097199564;-1.5424960137979244;-0.6209838283181613;-0.49920768260333204;-0.24710536429033883;-0.030729254193150108;-0.48521256726432327;-0.4361122207682917;-0.15220388682955227;-0.40599897147057507;-0.18749999999999997;1.0
Cc1nc(CCC2CCN(C(=O)c3cccnc3C)C2)no1;-0.29071046421457947;-0.2796644471809228;-0.16957679805484424;1.6258289027286723;0.728183504088674;-0.9731903819644286;-0.6209838283181613;-0.49920768260333204;-0.24710536429033883;-0.030729254193150108;-0.48521256726432327;-0.4361122207682917;-0.15220388682955227;-0.40599897147057507;-0.18749999999999997;0.0
Cc1nc(CCC2CCN(S(=O)(=O)N(C)C)C2)no1;1.8835045474172531;-0.24201454165148348;-0.16957679805484424;1.6258289027286723;-1.5751643097199564;-1.5424960137979244;-0.6209838283181613;-0.49920768260333204;-0.24710536429033883;-0.030729254193150108;-0.48521256726432327;-0.4361122207682917;-0.15220388682955227;-0.40599897147057507;-0.18749999999999997;0.0
Cc1nc(CCC2CCN(S(=O)(=O)c3ccc(Cl)s3)C2)no1;0.34751245552430693;-0.9897948348092255;-0.16957679805484424;1.6258289027286723;-1.5751643097199564;-1.5424960137979244;-0.6209838283181613;-0.49920768260333204;-0.24710536429033883;-0.030729254193150108;-0.48521256726432327;-0.4361122207682917;-0.15220388682955227;-0.40599897147057507;-0.18749999999999997;0.0
Cc1nc(CCN(C(=O)CCc2ccccc2)C2CCN(C)CC2)no1;-0.27721926494878907;-0.5140412452494423;-0.16957679805484424;-0.3851146642402806;-0.4458020348823024;-0.9731903819644286;-0.6209838283181613;-0.49920768260333204;-0.24710536429033883;-0.030729254193150108;-0.48521256726432327;-0.4361122207682917;-0.15220388682955227;-0.40599897147057507;-0.18749999999999997;1.0
Cc1nc(CCN(C(=O)Cc2ccccc2Cl)C2CCN(C)CC2)no1;0.13151363697316953;-1.716096550316484;-0.16957679805484424;-0.3851146642402806;-0.4458020348823024;-0.9731903819644286;-0.6209838283181613;-0.49920768260333204;-0.24710536429033883;-0.030729254193150108;-0.48521256726432327;-0.4361122207682917;-0.15220388682955227;-0.40599897147057507;-0.18749999999999997;1.0
Cc1nc(CCN(C(=O)Cn2c(=O)oc3ccccc32)C2CCN(C)CC2)no1;-0.48603111614206007;-1.2293900814466796;-0.16957679805484424;-0.3851146642402806;0.6299868994021683;-1.5424960137979244;-0.6209838283181613;-0.49920768260333204;-0.24710536429033883;-0.030729254193150108;-0.48521256726432327;-0.4361122207682917;-0.15220388682955227;-0.40599897147057507;-0.18749999999999997;0.0
Cc1nc(CCN(C(=O)c2cc(-c3ccc(C)c(C)c3)n[nH]2)C2CCN(C)CC2)no1;-0.12496394374588732;-0.057157222806647;-0.16957679805484424;-0.3851146642402806;0.7552020797225507;0.16542088170256303;-0.6209838283181613;-0.49920768260333204;-0.24710536429033883;-0.030729254193150108;-0.48521256726432327;-0.4361122207682917;-0.15220388682955227;-0.40599897147057507;-0.18749999999999997;1.0
Cc1nc(CCN(C(=O)c2ccc(F)c(Cl)c2)C2CCN(C)CC2)no1;0.5402465388951354;-0.5638131181345671;-0.16957679805484424;-0.3851146642402806;-0.4458020348823024;-0.9731903819644286;1.6103478937742153;0.364022567901614;-0.24710536429033883;-0.030729254193150108;-0.48521256726432327;-0.4361122207682917;-0.15220388682955227;2.463060426921489;-0.18749999999999997;0.0
Cc1nc(CCN(C2CCN(C)CC2)S(=O)(=O)c2ccc(C)c(F)c2)no1;1.0327517250571203;-0.8628035098099122;-0.16957679805484424;-0.3851146642402806;-1.5751643097199564;-0.9731903819644286;-0.6209838283181613;-0.49920768260333204;-0.24710536429033883;-0.030729254193150108;-0.48521256726432327;-0.4361122207682917;6.5701344481423405;-0.40599897147057507;-0.18749999999999997;0.0
Cc1nc(CCN(C2CN(C(=O)Cc3c(C)noc3C)C2)S(C)(=O)=O)no1;1.4263463713523463;0.4973614277220743;-0.16957679805484424;-0.3851146642402806;-0.4458020348823024;-0.9731903819644286;-0.6209838283181613;-0.49920768260333204;-0.24710536429033883;-0.030729254193150108;-0.48521256726432327;-0.4361122207682917;6.5701344481423405;-0.40599897147057507;-0.18749999999999997;0.0
Cc1nc(CCN(C2CN(C(=O)Nc3cccc(F)c3C)C2)S(C)(=O)=O)no1;1.3681547984830877;0.24743915238067973;-0.16957679805484424;-0.3851146642402806;-1.5751643097199564;-0.9731903819644286;1.6103478937742153;0.364022567901614;-0.24710536429033883;-0.030729254193150108;-0.48521256726432327;-0.4361122207682917;6.5701344481423405;2.463060426921489;-0.18749999999999997;1.0
Cc1nc(CCN(C2CN(C(=O)c3ccc(C)s3)C2)S(C)(=O)=O)no1;1.131613276580648;-0.6080046732317969;-0.16957679805484424;-0.3851146642402806;-0.4458020348823024;-1.5424960137979244;-0.6209838283181613;-0.49920768260333204;-0.24710536429033883;-0.030729254193150108;-0.48521256726432327;-0.4361122207682917;6.5701344481423405;-0.40599897147057507;-0.18749999999999997;0.0
Cc1nc(CCN(C2CN(C(=O)c3ncccc3C)C2)S(C)(=O)=O)no1;1.0802813171357377;0.3799807414064639;-0.16957679805484424;-0.3851146642402806;0.728183504088674;-0.9731903819644286;-0.6209838283181613;-0.49920768260333204;-0.24710536429033883;-0.030729254193150108;-0.48521256726432327;-0.4361122207682917;6.5701344481423405;-0.40599897147057507;-0.18749999999999997;0.0
Cc1nc(CCN(C2CN(S(=O)(=O)c3ccc(F)cc3)C2)S(C)(=O)=O)no1;1.552785215214733;-0.8177018384025886;-0.16957679805484424;-0.3851146642402806;-1.5751643097199564;-1.5424960137979244;1.6103478937742153;0.364022567901614;-0.24710536429033883;-0.030729254193150108;-0.48521256726432327;-0.4361122207682917;6.5701344481423405;2.463060426921489;-0.18749999999999997;1.0
Cc1nc(CCNC(=O)C(C)Oc2ccc(C)c(C)c2)cs1;1.4438038458946647;-0.14366914806895464;-0.16957679805484424;-0.3851146642402806;-0.4458020348823024;-0.4038847501309328;-0.6209838283181613;-0.49920768260333204;-0.24710536429033883;-0.030729254193150108;-0.48521256726432327;-0.4361122207682917;-0.15220388682955227;-0.40599897147057507;-0.18749999999999997;0.0
Cc1nc(CCNC(=O)C(C)Oc2ccccc2F)cs1;1.0161736585094583;-0.09642787150303139;-0.16957679805484424;-0.3851146642402806;-0.4458020348823024;-1.5424960137979244;1.6103478937742153;0.364022567901614;-0.24710536429033883;-0.030729254193150108;-0.48521256726432327;-0.4361122207682917;-0.15220388682955227;2.463060426921489;-0.18749999999999997;0.0
Cc1nc(CCNC(=O)C2CCCN2C(=O)c2cccc(F)c2)cs1;0.1448948892115773;0.6415226612351791;-0.16957679805484424;1.6258289027286723;0.6835602399553516;-0.9731903819644286;-0.6209838283181613;-0.49920768260333204;-0.24710536429033883;-0.030729254193150108;-0.48521256726432327;-0.4361122207682917;-0.15220388682955227;-0.40599897147057507;-0.18749999999999997;0.0
Cc1nc(CCNC(=O)C2CCCN2S(=O)(=O)c2ccc(C(C)(C)C)cc2)cs1;1.4316953611318597;2.2589063197259955;-0.16957679805484424;1.6258289027286723;-0.4458020348823024;-0.9731903819644286;-0.6209838283181613;-0.49920768260333204;-0.24710536429033883;-0.030729254193150108;-0.48521256726432327;-0.4361122207682917;-0.15220388682955227;-0.40599897147057507;-0.18749999999999997;0.0
Cc1nc(CCNC(=O)C2CCCN2S(=O)(=O)c2ccc(Cl)cc2)cs1;0.6715484152137646;0.9285606763378769;8.817993498851902;1.6258289027286723;-0.4458020348823024;-1.5424960137979244;-0.6209838283181613;-0.49920768260333204;4.046856703705712;-0.030729254193150108;-0.48521256726432327;-0.4361122207682917;-0.15220388682955227;-0.40599897147057507;5.333333333333333;0.0
Cc1nc(CCNC(=O)C2CCN(C(=O)CSc3ccccc3)CC2)cs1;-0.2744710576909446;-0.18547648567037642;-0.16957679805484424;-0.3851146642402806;0.6835602399553516;-1.5424960137979244;-0.6209838283181613;-0.49920768260333204;-0.24710536429033883;-0.030729254193150108;-0.48521256726432327;-0.4361122207682917;-0.15220388682955227;-0.40599897147057507;-0.18749999999999997;1.0
Cc1nc(CCNC(=O)C2CCN(C(=O)c3ccc(Br)o3)CC2)cs1;0.1448948892115773;-0.1985592828977883;-0.16957679805484424;-0.3851146642402806;0.6835602399553516;-1.5424960137979244;-0.6209838283181613;-0.49920768260333204;-0.24710536429033883;-0.030729254193150108;-0.48521256726432327;-0.4361122207682917;-0.15220388682955227;-0.40599897147057507;-0.18749999999999997;0.0
Cc1nc(CCNC(=O)C2CCN(S(=O)(=O)c3ccc(Cl)s3)CC2)cs1;0.6715484152137646;-0.2700075332520968;-0.16957679805484424;-0.3851146642402806;-0.4458020348823024;-1.5424960137979244;-0.6209838283181613;-0.49920768260333204;-0.24710536429033883;-0.030729254193150108;-0.48521256726432327;-0.4361122207682917;6.5701344481423405;-0.40599897147057507;-0.18749999999999997;0.0
Cc1nc(CCNC(=O)C2CCN(S(=O)(=O)c3ccc(F)c(Cl)c3)CC2)cs1;0.9886171038412561;-0.11359738092877553;-0.16957679805484424;-0.3851146642402806;-0.4458020348823024;-1.5424960137979244;1.6103478937742153;0.364022567901614;-0.24710536429033883;-0.030729254193150108;-0.48521256726432327;-0.4361122207682917;6.5701344481423405;2.463060426921489;-0.18749999999999997;0.0
Cc1nc(CCNC(=O)CC(C)(C)C)no1;3.3313027081468674;0.21032765986689833;-0.16957679805484424;-0.3851146642402806;-0.4458020348823024;-1.5424960137979244;-0.6209838283181613;-0.49920768260333204;-0.24710536429033883;-0.030729254193150108;-0.48521256726432327;-0.4361122207682917;-0.15220388682955227;-0.40599897147057507;-0.18749999999999997;0.0
Cc1nc(CCNC(=O)CCC2CCCC2)no1;0.03858827420649825;-0.105283634265622;-0.16957679805484424;-0.3851146642402806;-0.4458020348823024;-1.5424960137979244;-0.6209838283181613;-0.49920768260333204;-0.24710536429033883;-0.030729254193150108;-0.48521256726432327;-0.4361122207682917;-0.15220388682955227;-0.40599897147057507;-0.18749999999999997;1.0
Cc1nc(CCNC(=O)CCc2ccccc2)no1;0.025872171933162907;-0.0664011683809679;-0.16957679805484424;-0.3851146642402806;-0.4458020348823024;-0.9731903819644286;-0.6209838283181613;-0.49920768260333204;-0.24710536429033883;-0.030729254193150108;-0.48521256726432327;-0.4361122207682917;-0.15220388682955227;-0.40599897147057507;-0.18749999999999997;1.0
Cc1nc(CCNC(=O)COc2ccc(C(C)(C)C)cc2)cs1;1.5206311184773997;-1.6442702435474004;-0.16957679805484424;-0.3851146642402806;-0.4458020348823024;-0.9731903819644286;-0.6209838283181613;-0.49920768260333204;-0.24710536429033883;-0.030729254193150108;-0.48521256726432327;-0.4361122207682917;-0.15220388682955227;-0.40599897147057507;-0.18749999999999997;0.0
Cc1nc(CCNC(=O)COc2ccc(C(C)C)cc2)cs1;0.9607558708959857;-1.3138015953237112;-0.16957679805484424;-0.3851146642402806;-0.4458020348823024;-0.9731903819644286;-0.6209838283181613;-0.49920768260333204;-0.24710536429033883;-0.030729254193150108;-0.48521256726432327;-0.4361122207682917;-0.15220388682955227;-0.40599897147057507;-0.18749999999999997;0.0
Cc1nc(CCNC(=O)COc2ccc(Cl)cc2)cs1;0.5457804523857217;-0.8608589468498172;-0.16957679805484424;-0.3851146642402806;-0.4458020348823024;-1.5424960137979244;-0.6209838283181613;-0.49920768260333204;-0.24710536429033883;-0.030729254193150108;-0.48521256726432327;-0.4361122207682917;-0.15220388682955227;-0.40599897147057507;-0.18749999999999997;0.0
Cc1nc(CCNC(=O)NC2CCCC2)no1;0.05280038851199068;0.06931537076203939;-0.16957679805484424;-0.3851146642402806;-1.5751643097199564;-1.5424960137979244;-0.6209838283181613;-0.49920768260333204;-0.24710536429033883;-0.030729254193150108;-0.48521256726432327;-0.4361122207682917;-0.15220388682955227;-0.40599897147057507;-0.18749999999999997;1.0
Cc1nc(CCNC(=O)NCc2ccc(OC(F)(F)F)cc2)no1;1.4488124189997176;0.27989424904029025;-0.16957679805484424;-0.3851146642402806;-1.5751643097199564;-0.9731903819644286;-0.6209838283181613;-0.49920768260333204;-0.24710536429033883;-0.030729254193150108;-0.48521256726432327;-0.4361122207682917;-0.15220388682955227;-0.40599897147057507;-0.18749999999999997;1.0
Cc1nc(CCNC(=O)[C@H]2CSCN2S(=O)(=O)c2ccc(Cl)cc2)cs1;0.6715484152137646;1.0508833957120847;8.817993498851902;1.6258289027286723;-0.4458020348823024;-1.5424960137979244;-0.6209838283181613;-0.49920768260333204;4.046856703705712;-0.030729254193150108;-0.48521256726432327;-0.4361122207682917;-0.15220388682955227;-0.40599897147057507;5.333333333333333;0.0
Cc1nc(CCNC(=O)[C@H]2CSCN2S(=O)(=O)c2ccc(F)c(Cl)c2)cs1;1.0327517250571203;-0.14224683340198227;-0.16957679805484424;1.6258289027286723;-0.4458020348823024;-1.5424960137979244;1.6103478937742153;0.364022567901614;-0.24710536429033883;-0.030729254193150108;-0.48521256726432327;-0.4361122207682917;-0.15220388682955227;2.463060426921489;-0.18749999999999997;0.0
Cc1nc(CCNC(=O)[C@H]2CSCN2S(=O)(=O)c2ccc(F)cc2)cs1;0.6715484152137646;0.5630435429324087;-0.16957679805484424;1.6258289027286723;-0.4458020348823024;-1.5424960137979244;1.6103478937742153;0.364022567901614;-0.24710536429033883;-0.030729254193150108;-0.48521256726432327;-0.4361122207682917;-0.15220388682955227;2.463060426921489;-0.18749999999999997;0.0
Cc1nc(CCNC(=O)c2ccnn2C)no1;0.6779212973338195;0.247718726938655;-0.16957679805484424;-0.3851146642402806;0.657005475036045;-1.5424960137979244;-0.6209838283181613;-0.49920768260333204;-0.24710536429033883;-0.030729254193150108;-0.48521256726432327;-0.4361122207682917;-0.15220388682955227;-0.40599897147057507;-0.18749999999999997;0.0
Cc1nc(CCNC(=O)c2oc3ccc(Cl)cc3c2C)cs1;0.19233751078410677;0.4782792331833663;-0.16957679805484424;-0.3851146642402806;-0.4458020348823024;-0.4038847501309328;-0.6209838283181613;-0.49920768260333204;-0.24710536429033883;-0.030729254193150108;-0.48521256726432327;-0.4361122207682917;-0.15220388682955227;-0.40599897147057507;-0.18749999999999997;1.0
Cc1nc(CCNC(=O)c2oc3ccccc3c2C)cs1;-0.2948863116063802;0.4602298192144882;-0.16957679805484424;-0.3851146642402806;-0.4458020348823024;-0.4038847501309328;-0.6209838283181613;-0.49920768260333204;-0.24710536429033883;-0.030729254193150108;-0.48521256726432327;-0.4361122207682917;-0.15220388682955227;-0.40599897147057507;-0.18749999999999997;0.0
Cc1nc(CCNS(=O)(=O)c2ccc(Cl)c(C)c2)no1;1.7791784365970473;-0.497494746623677;8.817993498851902;-0.3851146642402806;-1.5751643097199564;-0.9731903819644286;-0.6209838283181613;-0.49920768260333204;4.046856703705712;-0.030729254193150108;-0.48521256726432327;-0.4361122207682917;6.5701344481423405;-0.40599897147057507;5.333333333333333;0.0
Cc1nc(CCOC2CCCN(C(=O)CCCc3ccccc3)C2)no1;-0.6859521668707549;0.03323278229530961;-0.16957679805484424;-0.3851146642402806;-0.4458020348823024;-0.9731903819644286;-0.6209838283181613;-0.49920768260333204;-0.24710536429033883;-0.030729254193150108;-0.48521256726432327;-0.4361122207682917;-0.15220388682955227;-0.40599897147057507;-0.18749999999999997;1.0
Cc1nc(CCOC2CCCN(C(=O)c3ccsc3)C2)no1;-0.7737584392132657;-0.19226790139615194;-0.16957679805484424;-0.3851146642402806;-0.4458020348823024;-0.9731903819644286;-0.6209838283181613;-0.49920768260333204;-0.24710536429033883;-0.030729254193150108;-0.48521256726432327;-0.4361122207682917;-0.15220388682955227;-0.40599897147057507;-0.18749999999999997;1.0
Cc1nc(CCOC2CCCN(S(=O)(=O)c3cccnc3)C2)no1;-0.14115903193376583;-0.0813584820240045;-0.16957679805484424;-0.3851146642402806;-0.40117877074897995;-1.5424960137979244;-0.6209838283181613;-0.49920768260333204;-0.24710536429033883;-0.030729254193150108;-0.48521256726432327;-0.4361122207682917;-0.15220388682955227;-0.40599897147057507;-0.18749999999999997;1.0
Cc1nc(CCOC2CCCNC2)no1;-0.6215609004862271;-0.060775809723511;-0.16957679805484424;-0.3851146642402806;-1.5751643097199564;-1.5424960137979244;-0.6209838283181613;-0.49920768260333204;-0.24710536429033883;-0.030729254193150108;-0.48521256726432327;-0.4361122207682917;-0.15220388682955227;-0.40599897147057507;-0.18749999999999997;1.0
Cc1nc(CCOC2CCN(C(=O)C3CCC3)CC2)no1;-0.8009365711288127;0.442759226243206;-0.16957679805484424;-0.3851146642402806;-0.4458020348823024;-1.5424960137979244;-0.6209838283181613;-0.49920768260333204;-0.24710536429033883;-0.030729254193150108;2.060952389667274;1.050315284101127;-0.15220388682955227;-0.40599897147057507;-0.18749999999999997;0.0
Cc1nc(CCOC2CCN(C(=O)Nc3cccc(F)c3C)CC2)no1;0.13151363697316953;-0.6976130772534936;-0.16957679805484424;-0.3851146642402806;-1.5751643097199564;-0.9731903819644286;1.6103478937742153;0.364022567901614;-0.24710536429033883;-0.030729254193150108;2.060952389667274;1.050315284101127;-0.15220388682955227;2.463060426921489;-0.18749999999999997;1.0
Cc1nc(CCOC2CCN(C(=O)Nc3ccccc3C)CC2)no1;-0.2801873287872654;-0.7096294278070422;-0.16957679805484424;-0.3851146642402806;-1.5751643097199564;-0.9731903819644286;-0.6209838283181613;-0.49920768260333204;-0.24710536429033883;-0.030729254193150108;2.060952389667274;1.050315284101127;-0.15220388682955227;-0.40599897147057507;-0.18749999999999997;1.0
Cc1nc(CCOC2CCN(C(=O)c3cn(C)cn3)CC2)no1;-0.2868977339872869;0.01770526619055644;-0.16957679805484424;-0.3851146642402806;-0.4458020348823024;-1.5424960137979244;-0.6209838283181613;-0.49920768260333204;-0.24710536429033883;-0.030729254193150108;2.060952389667274;1.050315284101127;-0.15220388682955227;-0.40599897147057507;-0.18749999999999997;1.0
Cc1nc(CCOC2CCN(C3CCCCC3)CC2)no1;-1.306986830651245;0.20444962833301156;-0.16957679805484424;-0.3851146642402806;-1.5751643097199564;-1.5424960137979244;-0.6209838283181613;-0.49920768260333204;-0.24710536429033883;-0.030729254193150108;-0.48521256726432327;-0.4361122207682917;-0.15220388682955227;-0.40599897147057507;-0.18749999999999997;1.0
Cc1nc(CCOC2CCN(Cc3c[nH]nc3-c3ccc(F)cc3)CC2)no1;-1.2552141285383949;-0.061931704419854745;-0.16957679805484424;-0.3851146642402806;0.7800227818188298;-0.4038847501309328;1.6103478937742153;0.364022567901614;-0.24710536429033883;-0.030729254193150108;-0.48521256726432327;-0.4361122207682917;-0.15220388682955227;-0.40599897147057507;-0.18749999999999997;1.0
Cc1nc(CCOC2CCN(Cc3ccc(Br)cc3F)CC2)no1;-0.2834027312789409;-0.22770460323152852;-0.16957679805484424;-0.3851146642402806;-0.4209813327860232;-0.9731903819644286;-0.6209838283181613;-0.49920768260333204;-0.24710536429033883;32.54228019054596;-0.48521256726432327;-0.4361122207682917;-0.15220388682955227;-0.40599897147057507;-0.18749999999999997;1.0
Cc1nc(CCOC2CCN(Cc3ccc(C(C)C)cc3)CC2)no1;-0.2801873287872654;0.8935823903328649;-0.16957679805484424;-0.3851146642402806;-0.4209813327860232;-0.4038847501309328;-0.6209838283181613;-0.49920768260333204;-0.24710536429033883;-0.030729254193150108;-0.48521256726432327;-0.4361122207682917;-0.15220388682955227;-0.40599897147057507;-0.18749999999999997;1.0
Cc1nc(CCOC2CCN(S(=O)(=O)c3cccs3)CC2)no1;-0.1384695259749247;0.366301237141381;-0.16957679805484424;-0.3851146642402806;-1.5751643097199564;-1.5424960137979244;-0.6209838283181613;-0.49920768260333204;-0.24710536429033883;-0.030729254193150108;2.060952389667274;2.536742788970546;-0.15220388682955227;-0.40599897147057507;-0.18749999999999997;1.0
Cc1nc(CN)no1;2.45374619350589;0.06743189128518064;-0.16957679805484424;-0.3851146642402806;-1.5751643097199564;-1.5424960137979244;-0.6209838283181613;-0.49920768260333204;-0.24710536429033883;-0.030729254193150108;-0.48521256726432327;-0.4361122207682917;-0.15220388682955227;-0.40599897147057507;-0.18749999999999997;1.0
Cc1nc(CN2C(=O)COc3ccc(S(=O)(=O)N4CCc5ccccc54)cc32)no1;-0.9263091725094571;-0.37794704867042994;-0.16957679805484424;1.6258289027286723;1.722482687210799;-0.9731903819644286;-0.6209838283181613;-0.49920768260333204;-0.24710536429033883;-0.030729254193150108;2.060952389667274;4.023170293839964;6.5701344481423405;-0.40599897147057507;-0.18749999999999997;0.0
Cc1nc(CN2C(=O)COc3ccc(S(=O)(=O)NC(C)(C)C)cc32)no1;1.6203160953763327;0.035323419864743744;-0.16957679805484424;-0.3851146642402806;0.708380942051631;-1.5424960137979244;-0.6209838283181613;-0.49920768260333204;-0.24710536429033883;-0.030729254193150108;2.060952389667274;4.023170293839964;6.5701344481423405;-0.40599897147057507;-0.18749999999999997;0.0
Cc1nc(CN2C(=O)COc3ccc(S(=O)(=O)NCCC4=CCCCC4)cc32)no1;-0.36280237509408025;-0.7238363386606081;-0.16957679805484424;-0.3851146642402806;0.708380942051631;-1.5424960137979244;-0.6209838283181613;-0.49920768260333204;-0.24710536429033883;-0.030729254193150108;2.060952389667274;4.023170293839964;6.5701344481423405;-0.40599897147057507;-0.18749999999999997;0.0
Cc1nc(CN2C(=O)COc3ccc(S(=O)(=O)NCCCc4ccccc4)cc32)no1;-0.35764802973578136;-0.04005317570839268;-0.16957679805484424;-0.3851146642402806;0.708380942051631;-0.9731903819644286;-0.6209838283181613;-0.49920768260333204;-0.24710536429033883;-0.030729254193150108;2.060952389667274;4.023170293839964;6.5701344481423405;-0.40599897147057507;-0.18749999999999997;0.0
Cc1nc(CN2C(=O)COc3ccc(S(=O)(=O)NCc4cccs4)cc32)no1;-0.37421556838743975;-0.683516170139841;-0.16957679805484424;-0.3851146642402806;0.708380942051631;-1.5424960137979244;-0.6209838283181613;-0.49920768260333204;-0.24710536429033883;-0.030729254193150108;2.060952389667274;4.023170293839964;6.5701344481423405;-0.40599897147057507;-0.18749999999999997;0.0
Cc1nc(CN2C(=O)COc3ccc(S(=O)(=O)Nc4ccc(Cl)cc4)cc32)no1;-0.0018620046160103172;0.34941009910131904;-0.16957679805484424;-0.3851146642402806;1.8206792918973052;-1.5424960137979244;-0.6209838283181613;-0.49920768260333204;-0.24710536429033883;-0.030729254193150108;2.060952389667274;4.023170293839964;6.5701344481423405;-0.40599897147057507;-0.18749999999999997;0.0
Cc1nc(CNC(=O)C2CCCN2C(=O)CCc2c[nH]c3ccccc23)cs1;-0.8756764338965705;-0.48022394163706217;-0.16957679805484424;1.6258289027286723;0.6835602399553516;-0.4038847501309328;-0.6209838283181613;-0.49920768260333204;-0.24710536429033883;-0.030729254193150108;-0.48521256726432327;-0.4361122207682917;6.5701344481423405;-0.40599897147057507;-0.18749999999999997;0.0
Cc1nc(CNC(=O)C2CCCN2C(=O)COc2ccccc2)cs1;-0.2801873287872654;-0.5684705894309643;-0.16957679805484424;1.6258289027286723;0.6835602399553516;-1.5424960137979244;-0.6209838283181613;-0.49920768260333204;-0.24710536429033883;-0.030729254193150108;2.060952389667274;1.050315284101127;6.5701344481423405;-0.40599897147057507;-0.18749999999999997;0.0
Cc1nc(CNC(=O)C2CCCN2C(=O)Cn2c(=O)oc3ccccc32)cs1;-0.4961387392547461;-0.10851990183029062;-0.16957679805484424;1.6258289027286723;1.7593491742398217;-1.5424960137979244;-0.6209838283181613;-0.49920768260333204;-0.24710536429033883;-0.030729254193150108;-0.48521256726432327;-0.4361122207682917;6.5701344481423405;-0.40599897147057507;-0.18749999999999997;0.0
Cc1nc(CNC(=O)C2CCCN2C(=O)Nc2ccccc2)cs1;-0.2834027312789409;-0.23841403459363147;-0.16957679805484424;1.6258289027286723;-0.4458020348823024;-1.5424960137979244;-0.6209838283181613;-0.49920768260333204;-0.24710536429033883;-0.030729254193150108;-0.48521256726432327;-0.4361122207682917;6.5701344481423405;-0.40599897147057507;-0.18749999999999997;0.0
Cc1nc(CNC(=O)C2CCCN2S(=O)(=O)c2ccc(Br)cc2)cs1;0.7065310585817979;0.6500536763817579;-0.16957679805484424;1.6258289027286723;-0.4458020348823024;-1.5424960137979244;-0.6209838283181613;-0.49920768260333204;-0.24710536429033883;32.54228019054596;-0.48521256726432327;-0.4361122207682917;6.5701344481423405;-0.40599897147057507;-0.18749999999999997;0.0
Cc1nc(CNC(=O)C2CCNCC2)cs1;0.06878901710567238;-0.5662847802628724;-0.16957679805484424;-0.3851146642402806;-0.4458020348823024;-1.5424960137979244;-0.6209838283181613;-0.49920768260333204;-0.24710536429033883;-0.030729254193150108;-0.48521256726432327;-0.4361122207682917;6.5701344481423405;-0.40599897147057507;-0.18749999999999997;0.0
Cc1nc(CNC(=O)C2CSCN2C(=O)c2cccc(Br)c2)cs1;0.15939124580318756;-0.6855273961162804;-0.16957679805484424;1.6258289027286723;0.6835602399553516;-0.9731903819644286;-0.6209838283181613;-0.49920768260333204;-0.24710536429033883;-0.030729254193150108;-0.48521256726432327;-0.4361122207682917;6.5701344481423405;-0.40599897147057507;-0.18749999999999997;0.0
Cc1nc(CNC(=O)CN2C(=O)c3ccccc3C2=O)no1;0.19233751078410677;-0.1509218018955617;-0.16957679805484424;1.6258289027286723;2.9671054917269384;-0.4038847501309328;-0.6209838283181613;-0.49920768260333204;-0.24710536429033883;-0.030729254193150108;2.060952389667274;1.050315284101127;-0.15220388682955227;-0.40599897147057507;-0.18749999999999997;0.0
Cc1nc(CNC(=O)COc2ccc(C(C)(C)C)cc2)cs1;1.598978790634872;-0.7321360134511793;-0.16957679805484424;-0.3851146642402806;-0.4458020348823024;-0.9731903819644286;-0.6209838283181613;-0.49920768260333204;-0.24710536429033883;-0.030729254193150108;-0.48521256726432327;-0.4361122207682917;6.5701344481423405;-0.40599897147057507;-0.18749999999999997;0.0
Cc1nc(CNC(=O)COc2ccc(C)c(C)c2)cs1;1.0771332248842715;0.5295155633412478;-0.16957679805484424;-0.3851146642402806;-0.4458020348823024;-0.4038847501309328;-0.6209838283181613;-0.49920768260333204;-0.24710536429033883;-0.030729254193150108;-0.48521256726432327;-0.4361122207682917;6.5701344481423405;-0.40599897147057507;-0.18749999999999997;0.0
Cc1nc(CNC(=O)COc2ccccc2[N+](=O)[O-])cs1;1.0161736585094583;0.1955847137929034;-0.16957679805484424;-0.3851146642402806;1.9366447060446763;-1.5424960137979244;-0.6209838283181613;-0.49920768260333204;-0.24710536429033883;-0.030729254193150108;-0.48521256726432327;-0.4361122207682917;6.5701344481423405;-0.40599897147057507;-0.18749999999999997;0.0
Cc1nc(CNC(=O)[C@@H]2CCCN2)cs1;0.08690946284517252;-0.4707568954194362;-0.16957679805484424;1.6258289027286723;-0.4458020348823024;-1.5424960137979244;-0.6209838283181613;-0.49920768260333204;-0.24710536429033883;-0.030729254193150108;-0.48521256726432327;-0.4361122207682917;6.5701344481423405;-0.40599897147057507;-0.18749999999999997;0.0
Cc1nc(CNC(=O)c2ccc(-c3noc(C4CC4)n3)cc2)no1;-1.4305802051302958;0.03372807239559789;-0.16957679805484424;-0.3851146642402806;-0.4458020348823024;-0.4038847501309328;-0.6209838283181613;-0.49920768260333204;-0.24710536429033883;-0.030729254193150108;2.060952389667274;1.050315284101127;-0.15220388682955227;-0.40599897147057507;-0.18749999999999997;1.0
Cc1nc(CNC(=O)c2ccc(C#N)cc2)no1;0.628980243649341;0.10343389885274636;-0.16957679805484424;-0.3851146642402806;-0.4458020348823024;-0.4038847501309328;-0.6209838283181613;-0.49920768260333204;-0.24710536429033883;-0.030729254193150108;2.060952389667274;1.050315284101127;-0.15220388682955227;-0.40599897147057507;-0.18749999999999997;0.0
Cc1nc(CNC(=O)c2coc(C3CC3)n2)no1;-0.9005897214858014;-0.09209731137067585;-0.16957679805484424;-0.3851146642402806;-0.4458020348823024;-1.5424960137979244;-0.6209838283181613;-0.49920768260333204;-0.24710536429033883;-0.030729254193150108;2.060952389667274;1.050315284101127;-0.15220388682955227;-0.40599897147057507;-0.18749999999999997;1.0
Cc1nc(CNC(=O)c2oc3ccc(Cl)cc3c2C)cs1;0.21116394791605234;0.6376376168010108;-0.16957679805484424;-0.3851146642402806;-0.4458020348823024;-0.4038847501309328;-0.6209838283181613;-0.49920768260333204;-0.24710536429033883;-0.030729254193150108;-0.48521256726432327;-0.4361122207682917;6.5701344481423405;-0.40599897147057507;-0.18749999999999997;1.0
Cc1nc(CNC(=O)c2oc3ccc(F)cc3c2C)cs1;0.21116394791605234;0.7216368780679944;-0.16957679805484424;-0.3851146642402806;-0.4458020348823024;-0.4038847501309328;-0.6209838283181613;-0.49920768260333204;-0.24710536429033883;-0.030729254193150108;-0.48521256726432327;-0.4361122207682917;6.5701344481423405;-0.40599897147057507;-0.18749999999999997;1.0
Cc1nc(CNS(=O)(=O)c2cc(C)c(C)cc2C)cs1;2.3105312090956045;0.8943647375453319;-0.16957679805484424;-0.3851146642402806;-1.5751643097199564;0.16542088170256303;-0.6209838283181613;-0.49920768260333204;-0.24710536429033883;-0.030729254193150108;-0.48521256726432327;-0.4361122207682917;6.5701344481423405;-0.40599897147057507;-0.18749999999999997;0.0
Cc1nc(CNS(=O)(=O)c2cccc(F)c2)cs1;1.4090304788857602;0.3341930880075985;-0.16957679805484424;-0.3851146642402806;-1.5751643097199564;-1.5424960137979244;-0.6209838283181613;-0.49920768260333204;-0.24710536429033883;-0.030729254193150108;-0.48521256726432327;-0.4361122207682917;6.5701344481423405;-0.40599897147057507;-0.18749999999999997;1.0
Cc1nc(COC2CCCN(C(=O)Cc3ccccc3C)C2)no1;-0.2834027312789409;-0.7684896582921512;-0.16957679805484424;-0.3851146642402806;-0.4458020348823024;-0.4038847501309328;-0.6209838283181613;-0.49920768260333204;-0.24710536429033883;-0.030729254193150108;-0.48521256726432327;-0.4361122207682917;-0.15220388682955227;-0.40599897147057507;-0.18749999999999997;1.0
Cc1nc(COc2ccccc2)sc1C(=O)NC1CC1;-0.8308325162359043;-0.5168554446898724;-0.16957679805484424;-0.3851146642402806;-0.4458020348823024;-1.5424960137979244;-0.6209838283181613;-0.49920768260333204;-0.24710536429033883;-0.030729254193150108;2.060952389667274;1.050315284101127;-0.15220388682955227;-0.40599897147057507;-0.18749999999999997;1.0
Cc1nc(COc2ccccc2)sc1C(=O)NC1CCCC1;-0.7737584392132657;-1.4491579568696535;-0.16957679805484424;-0.3851146642402806;-0.4458020348823024;-1.5424960137979244;-0.6209838283181613;-0.49920768260333204;-0.24710536429033883;-0.030729254193150108;2.060952389667274;1.050315284101127;-0.15220388682955227;-0.40599897147057507;-0.18749999999999997;0.0
Cc1nc(COc2ccccc2)sc1C(=O)NCC1CCCO1;-0.7489436231164645;-1.937336704066437;-0.16957679805484424;1.6258289027286723;-0.4458020348823024;-1.5424960137979244;-0.6209838283181613;-0.49920768260333204;-0.24710536429033883;-0.030729254193150108;2.060952389667274;1.050315284101127;6.5701344481423405;-0.40599897147057507;-0.18749999999999997;1.0
Cc1nc(Cl)c(C(=O)NC(=O)NCc2ccccc2)c(C)c1Cl;1.8342487995942152;0.05825620867779189;4.3242083503985285;-0.3851146642402806;0.8065775467381363;0.16542088170256303;-0.6209838283181613;-0.49920768260333204;4.046856703705712;-0.030729254193150108;-0.48521256726432327;-0.4361122207682917;-0.15220388682955227;-0.40599897147057507;5.333333333333333;0.0
Cc1nc(Cl)c(C(=O)NC(C)C)c(C)c1Cl;4.446319090375476;0.13976627233170624;-0.16957679805484424;-0.3851146642402806;-0.4458020348823024;-0.4038847501309328;-0.6209838283181613;-0.49920768260333204;-0.24710536429033883;-0.030729254193150108;-0.48521256726432327;-0.4361122207682917;-0.15220388682955227;-0.40599897147057507;-0.18749999999999997;0.0
Cc1nc(Cl)c(C(=O)NCc2ccccc2)c(C)c1[N+](=O)[O-];1.9268518208933654;-0.41591862821038666;8.817993498851902;-0.3851146642402806;1.9366447060446763;0.16542088170256303;-0.6209838283181613;-0.49920768260333204;-0.24710536429033883;-0.030729254193150108;2.060952389667274;2.536742788970546;-0.15220388682955227;-0.40599897147057507;5.333333333333333;0.0
Cc1nc(Cl)c(C(=O)Nc2cccc(F)c2)c(C)c1Cl;2.1398387698813783;-0.27940069085338565;-0.16957679805484424;-0.3851146642402806;-0.4458020348823024;-0.4038847501309328;-0.6209838283181613;-0.49920768260333204;-0.24710536429033883;-0.030729254193150108;-0.48521256726432327;-0.4361122207682917;-0.15220388682955227;2.463060426921489;-0.18749999999999997;0.0
Cc1nc(Cl)c(N)c(Oc2ccc(F)cc2)n1;1.3030422061556484;-0.08779568186405574;-0.16957679805484424;-0.3851146642402806;-1.5751643097199564;-1.5424960137979244;-0.6209838283181613;-0.49920768260333204;-0.24710536429033883;-0.030729254193150108;-0.48521256726432327;-0.4361122207682917;-0.15220388682955227;-0.40599897147057507;-0.18749999999999997;1.0
Cc1nc(Cl)c(N)c(Oc2ccc3c(c2)OCO3)n1;-0.30455669504000715;-0.02997668142432395;-0.16957679805484424;1.6258289027286723;-1.5751643097199564;-1.5424960137979244;-0.6209838283181613;-0.49920768260333204;-0.24710536429033883;-0.030729254193150108;-0.48521256726432327;-0.4361122207682917;-0.15220388682955227;-0.40599897147057507;-0.18749999999999997;1.0
Cc1nc(Cl)c(N)c(Oc2ccc3ncccc3c2)n1;-0.2994797437373544;0.06087672294485613;-0.16957679805484424;-0.3851146642402806;-0.40117877074897995;-0.9731903819644286;-0.6209838283181613;-0.49920768260333204;-0.24710536429033883;-0.030729254193150108;-0.48521256726432327;-0.4361122207682917;-0.15220388682955227;-0.40599897147057507;-0.18749999999999997;1.0
Cc1nc(Cl)c(N)c(Oc2ccccc2Cl)n1;1.3030422061556484;-0.6714214282231993;-0.16957679805484424;-0.3851146642402806;-1.5751643097199564;-1.5424960137979244;-0.6209838283181613;-0.49920768260333204;4.046856703705712;-0.030729254193150108;-0.48521256726432327;-0.4361122207682917;-0.15220388682955227;-0.40599897147057507;-0.18749999999999997;0.0
Cc1nc(Cn2c(=O)oc3cc(S(=O)(=O)N(C)Cc4ccccc4)ccc32)no1;-0.0018620046160103172;-0.17329506016401866;-0.16957679805484424;-0.3851146642402806;-0.49937537543548566;-0.9731903819644286;-0.6209838283181613;-0.49920768260333204;-0.24710536429033883;-0.030729254193150108;2.060952389667274;2.536742788970546;6.5701344481423405;-0.40599897147057507;-0.18749999999999997;1.0
Cc1nc(Cn2c(=O)oc3cc(S(=O)(=O)N4CCCCCC4)ccc32)no1;-0.3805562313282031;-0.07075513079803207;-0.16957679805484424;-0.3851146642402806;-0.49937537543548566;-1.5424960137979244;-0.6209838283181613;-0.49920768260333204;-0.24710536429033883;-0.030729254193150108;2.060952389667274;2.536742788970546;6.5701344481423405;-0.40599897147057507;-0.18749999999999997;1.0
Cc1nc(Cn2c(=O)oc3cc(S(=O)(=O)N4CCCc5ccccc54)ccc32)no1;-0.9263091725094571;0.03662442156990372;-0.16957679805484424;-0.3851146642402806;0.5147263697236829;-0.9731903819644286;-0.6209838283181613;-0.49920768260333204;-0.24710536429033883;-0.030729254193150108;2.060952389667274;2.536742788970546;6.5701344481423405;-0.40599897147057507;-0.18749999999999997;0.0
Cc1nc(Cn2c(=O)oc3cc(S(=O)(=O)N4CCN(C5CCCCC5)CC4)ccc32)no1;-0.8811034535393042;0.18906119936376695;-0.16957679805484424;-0.3851146642402806;0.6548076014984474;-1.5424960137979244;-0.6209838283181613;-0.49920768260333204;-0.24710536429033883;-0.030729254193150108;2.060952389667274;2.536742788970546;6.5701344481423405;-0.40599897147057507;-0.18749999999999997;0.0
Cc1nc(Cn2c(=O)oc3cc(S(=O)(=O)N4CCN(c5ccc(Cl)cc5)CC4)ccc32)no1;-0.5385234161294964;-0.42172114987461606;-0.16957679805484424;-0.3851146642402806;-0.49937537543548566;-1.5424960137979244;-0.6209838283181613;-0.49920768260333204;-0.24710536429033883;-0.030729254193150108;2.060952389667274;2.536742788970546;6.5701344481423405;-0.40599897147057507;-0.18749999999999997;1.0
Cc1nc(Cn2c(=O)oc3cc(S(=O)(=O)N4CCc5ccccc5C4)ccc32)no1;-0.9263091725094571;-0.15508159587161632;-0.16957679805484424;-0.3851146642402806;-0.49937537543548566;-0.4038847501309328;-0.6209838283181613;-0.49920768260333204;-0.24710536429033883;-0.030729254193150108;2.060952389667274;2.536742788970546;6.5701344481423405;-0.40599897147057507;-0.18749999999999997;1.0
Cc1nc(Cn2c(=O)oc3cc(S(=O)(=O)NC(C)(C)C)ccc32)no1;1.6932494459508614;0.5772341404615068;-0.16957679805484424;-0.3851146642402806;-0.49937537543548566;-1.5424960137979244;-0.6209838283181613;-0.49920768260333204;-0.24710536429033883;-0.030729254193150108;2.060952389667274;2.536742788970546;6.5701344481423405;-0.40599897147057507;-0.18749999999999997;0.0
Cc1nc(Cn2c(=O)oc3cc(S(=O)(=O)NC4CCCCC4)ccc32)no1;-0.3805562313282031;-0.1999071695248264;-0.16957679805484424;-0.3851146642402806;-0.49937537543548566;-1.5424960137979244;-0.6209838283181613;-0.49920768260333204;-0.24710536429033883;-0.030729254193150108;2.060952389667274;2.536742788970546;6.5701344481423405;-0.40599897147057507;-0.18749999999999997;1.0
Cc1nc(Cn2c(=O)oc3cc(S(=O)(=O)NCCc4ccc(Cl)cc4)ccc32)no1;-0.008567193428373135;0.4594748275958448;-0.16957679805484424;-0.3851146642402806;-0.49937537543548566;-0.9731903819644286;-0.6209838283181613;-0.49920768260333204;-0.24710536429033883;-0.030729254193150108;2.060952389667274;2.536742788970546;6.5701344481423405;-0.40599897147057507;-0.18749999999999997;1.0
Cc1nc(Cn2c(=O)oc3cc(S(=O)(=O)NCCc4ccccc4)ccc32)no1;-0.3683121925460484;-0.11492843336025534;-0.16957679805484424;-0.3851146642402806;-0.49937537543548566;-0.9731903819644286;-0.6209838283181613;-0.49920768260333204;-0.24710536429033883;-0.030729254193150108;2.060952389667274;2.536742788970546;6.5701344481423405;-0.40599897147057507;-0.18749999999999997;1.0
Cc1nc(Cn2c(=O)oc3cc(S(=O)(=O)NCc4ccc(Cl)cc4)ccc32)no1;-0.0018620046160103172;-0.35411401394886033;-0.16957679805484424;-0.3851146642402806;-0.49937537543548566;-0.9731903819644286;-0.6209838283181613;-0.49920768260333204;4.046856703705712;-0.030729254193150108;2.060952389667274;2.536742788970546;6.5701344481423405;-0.40599897147057507;-0.18749999999999997;1.0
Cc1nc(Cn2c(=O)oc3cc(S(=O)(=O)Nc4ccc(Br)cc4F)ccc32)no1;0.36458818331402776;0.9257323504211133;-0.16957679805484424;-0.3851146642402806;0.6129229744101891;-1.5424960137979244;-0.6209838283181613;-0.49920768260333204;-0.24710536429033883;-0.030729254193150108;2.060952389667274;2.536742788970546;6.5701344481423405;-0.40599897147057507;-0.18749999999999997;0.0
Cc1nc(Cn2c(=O)oc3cc(S(=O)(=O)Nc4ccc(C)c(C)c4)ccc32)no1;0.36458818331402776;-0.016138065620717974;-0.16957679805484424;-0.3851146642402806;0.6129229744101891;-0.4038847501309328;-0.6209838283181613;-0.49920768260333204;-0.24710536429033883;-0.030729254193150108;2.060952389667274;2.536742788970546;6.5701344481423405;-0.40599897147057507;-0.18749999999999997;0.0
Cc1nc(Cn2c(=O)oc3cc(S(=O)(=O)Nc4cccc(Br)c4)ccc32)no1;0.005322126254384615;0.0503779057623464;-0.16957679805484424;-0.3851146642402806;0.6129229744101891;-1.5424960137979244;-0.6209838283181613;-0.49920768260333204;-0.24710536429033883;-0.030729254193150108;2.060952389667274;2.536742788970546;6.5701344481423405;-0.40599897147057507;-0.18749999999999997;0.0
Cc1nc(Cn2c(=O)oc3cc(S(=O)(=O)Nc4cccc(F)c4)ccc32)no1;0.005322126254384615;0.08051931118261281;-0.16957679805484424;-0.3851146642402806;0.6129229744101891;-1.5424960137979244;-0.6209838283181613;-0.49920768260333204;-0.24710536429033883;-0.030729254193150108;2.060952389667274;2.536742788970546;6.5701344481423405;2.463060426921489;-0.18749999999999997;0.0
Cc1nc(Cn2c(=O)oc3cc(S(=O)(=O)Nc4ccccc4)ccc32)no1;-0.3805562313282031;0.08389813924391433;-0.16957679805484424;-0.3851146642402806;0.6129229744101891;-1.5424960137979244;-0.6209838283181613;-0.49920768260333204;-0.24710536429033883;-0.030729254193150108;2.060952389667274;2.536742788970546;6.5701344481423405;-0.40599897147057507;-0.18749999999999997;0.0
Cc1nc(Cn2c(=O)oc3cc(S(=O)(=O)Nc4ccccc4C)ccc32)no1;0.005322126254384615;-0.046092804500085786;-0.16957679805484424;-0.3851146642402806;0.6129229744101891;-0.9731903819644286;-0.6209838283181613;-0.49920768260333204;-0.24710536429033883;-0.030729254193150108;2.060952389667274;2.536742788970546;6.5701344481423405;-0.40599897147057507;-0.18749999999999997;0.0
Cc1nc(Cn2cccc2C(=O)N(C)c2ccc(C)c(C)c2)no1;0.602185222885316;-0.05410885084914035;-0.16957679805484424;-0.3851146642402806;-0.4458020348823024;-0.4038847501309328;-0.6209838283181613;-0.49920768260333204;-0.24710536429033883;-0.030729254193150108;-0.48521256726432327;-0.4361122207682917;-0.15220388682955227;-0.40599897147057507;-0.18749999999999997;1.0
Cc1nc(Cn2cccc2C(=O)NC2CCCCCC2)no1;-0.7737584392132657;-0.9763959068643635;-0.16957679805484424;-0.3851146642402806;-0.4458020348823024;-1.5424960137979244;-0.6209838283181613;-0.49920768260333204;-0.24710536429033883;-0.030729254193150108;-0.48521256726432327;-0.4361122207682917;-0.15220388682955227;-0.40599897147057507;-0.18749999999999997;0.0
Cc1nc(Cn2cccc2C(=O)NCc2ccc(Br)cc2)no1;-0.2868977339872869;-1.1037985817475617;-0.16957679805484424;-0.3851146642402806;-0.4458020348823024;-0.9731903819644286;-0.6209838283181613;-0.49920768260333204;-0.24710536429033883;32.54228019054596;-0.48521256726432327;-0.4361122207682917;-0.15220388682955227;-0.40599897147057507;-0.18749999999999997;0.0
Cc1nc(Cn2cccc2C(=O)Nc2ccc(C)c(C)c2)no1;0.17514815514189058;-0.7245889892027787;-0.16957679805484424;-0.3851146642402806;-0.4458020348823024;-0.4038847501309328;-0.6209838283181613;-0.49920768260333204;-0.24710536429033883;-0.030729254193150108;-0.48521256726432327;-0.4361122207682917;-0.15220388682955227;-0.40599897147057507;-0.18749999999999997;0.0
Cc1nc(Cn2cccc2C(=O)Nc2ccc(Cl)cc2)no1;-0.29071046421457947;-0.6417414509856498;-0.16957679805484424;-0.3851146642402806;-0.4458020348823024;-1.5424960137979244;-0.6209838283181613;-0.49920768260333204;-0.24710536429033883;-0.030729254193150108;-0.48521256726432327;-0.4361122207682917;-0.15220388682955227;-0.40599897147057507;-0.18749999999999997;0.0
Cc1nc(Cn2cccc2C(=O)Nc2ccc(Cl)cc2C)no1;0.17514815514189058;-1.6068254490601395;-0.16957679805484424;-0.3851146642402806;-0.4458020348823024;-0.9731903819644286;-0.6209838283181613;-0.49920768260333204;-0.24710536429033883;-0.030729254193150108;-0.48521256726432327;-0.4361122207682917;-0.15220388682955227;-0.40599897147057507;-0.18749999999999997;1.0
Cc1nc(N(C)C(=O)Cc2ccc(-c3ccccn3)cc2)sc1S(N)(=O)=O;1.0327517250571276;1.702948719712536;-0.16957679805484424;-0.3851146642402806;1.8823664810226073;-0.4038847501309328;-0.6209838283181613;-0.49920768260333204;-0.24710536429033883;-0.030729254193150108;-0.48521256726432327;-0.4361122207682917;6.5701344481423405;-0.40599897147057507;-0.18749999999999997;0.0
Cc1nc(N(C)C)cc(N2CCN(C(=O)Nc3ccc(F)cc3)CC2)n1;0.5402465388951354;0.5023749612753252;-0.16957679805484424;-0.3851146642402806;-1.5751643097199564;-1.5424960137979244;-0.6209838283181613;-0.49920768260333204;-0.24710536429033883;-0.030729254193150108;-0.48521256726432327;-0.4361122207682917;-0.15220388682955227;-0.40599897147057507;-0.18749999999999997;0.0
Cc1nc(N(C)C)cc(N2CCN(C(=O)Nc3ccccc3C(F)(F)F)CC2)n1;1.313976437535848;0.18632315534494648;-0.16957679805484424;-0.3851146642402806;-1.5751643097199564;-0.9731903819644286;1.6103478937742153;2.090483068911506;-0.24710536429033883;-0.030729254193150108;-0.48521256726432327;-0.4361122207682917;-0.15220388682955227;2.463060426921489;-0.18749999999999997;0.0
Cc1nc(N(C)C)cc(N2CCN(C(=O)Nc3ccccc3Cl)CC2)n1;0.5402465388951354;0.010769382718152084;-0.16957679805484424;-0.3851146642402806;-1.5751643097199564;-1.5424960137979244;-0.6209838283181613;-0.49920768260333204;-0.24710536429033883;-0.030729254193150108;-0.48521256726432327;-0.4361122207682917;-0.15220388682955227;-0.40599897147057507;-0.18749999999999997;1.0
Cc1nc(N(C)C)cc(N2CCN(C(=O)c3ccc(Br)o3)CC2)n1;0.602185222885316;0.39596067134471696;-0.16957679805484424;-0.3851146642402806;-0.4458020348823024;-1.5424960137979244;-0.6209838283181613;-0.49920768260333204;-0.24710536429033883;-0.030729254193150108;-0.48521256726432327;-0.4361122207682917;-0.15220388682955227;-0.40599897147057507;-0.18749999999999997;0.0
Cc1nc(N(C)C)cc(N2CCN(C(=O)c3ccc(Cl)cc3)CC2)n1;0.56997710721042;1.2165879236070467;4.3242083503985285;-0.3851146642402806;-0.4458020348823024;-0.9731903819644286;-0.6209838283181613;-0.49920768260333204;4.046856703705712;-0.030729254193150108;-0.48521256726432327;-0.4361122207682917;-0.15220388682955227;-0.40599897147057507;5.333333333333333;0.0
Cc1nc(N(C)C)cc(N2CCN(S(=O)(=O)c3cc(C)c(C)cc3C)CC2)n1;1.747692493124905;1.3646569436553577;-0.16957679805484424;-0.3851146642402806;-1.5751643097199564;0.16542088170256303;-0.6209838283181613;-0.49920768260333204;-0.24710536429033883;-0.030729254193150108;-0.48521256726432327;-0.4361122207682917;-0.15220388682955227;-0.40599897147057507;-0.18749999999999997;0.0
Cc1nc(N(C)C)cc(N2CCN(S(=O)(=O)c3cccc(F)c3)CC2)n1;1.0802813171357304;1.6253136240007742;-0.16957679805484424;-0.3851146642402806;-1.5751643097199564;-1.5424960137979244;-0.6209838283181613;-0.49920768260333204;-0.24710536429033883;-0.030729254193150108;-0.48521256726432327;-0.4361122207682917;-0.15220388682955227;-0.40599897147057507;-0.18749999999999997;0.0
Cc1nc(N(C)C)cc(N2CCN(S(=O)(=O)c3ccccc3)CC2)n1;0.7065310585817979;1.583637927693121;-0.16957679805484424;-0.3851146642402806;-1.5751643097199564;-1.5424960137979244;-0.6209838283181613;-0.49920768260333204;-0.24710536429033883;-0.030729254193150108;-0.48521256726432327;-0.4361122207682917;-0.15220388682955227;-0.40599897147057507;-0.18749999999999997;0.0
Cc1nc(N(C)C)ncc1C(=O)NCc1ccccc1;1.0771332248842715;-0.03719545756929843;-0.16957679805484424;-0.3851146642402806;-0.4458020348823024;-0.4038847501309328;-0.6209838283181613;-0.49920768260333204;-0.24710536429033883;-0.030729254193150108;-0.48521256726432327;-0.4361122207682917;-0.15220388682955227;-0.40599897147057507;-0.18749999999999997;0.0
Cc1nc(N(C)C)ncc1C(=O)NCc1ccccc1Cl;1.5222239180318908;-0.05767877031512605;4.3242083503985285;-0.3851146642402806;-0.4458020348823024;-0.4038847501309328;-0.6209838283181613;-0.49920768260333204;-0.24710536429033883;-0.030729254193150108;-0.48521256726432327;-0.4361122207682917;-0.15220388682955227;-0.40599897147057507;5.333333333333333;0.0
Cc1nc(N(C)c2ccc(C(C)C)cc2)c2c(C)c(C(=O)NC(C)C)sc2n1;1.625769322257613;0.43370353359343977;-0.16957679805484424;-0.3851146642402806;-0.4458020348823024;0.16542088170256303;-0.6209838283181613;-0.49920768260333204;-0.24710536429033883;-0.030729254193150108;-0.48521256726432327;-0.4361122207682917;-0.15220388682955227;-0.40599897147057507;-0.18749999999999997;0.0
Cc1nc(N(C)c2ccc(C(C)C)cc2)c2c(C)c(C(=O)Nc3cc(C)on3)sc2n1;0.560652536897409;-0.9721231472733254;-0.16957679805484424;-0.3851146642402806;-0.4458020348823024;0.16542088170256303;-0.6209838283181613;-0.49920768260333204;-0.24710536429033883;-0.030729254193150108;-0.48521256726432327;-0.4361122207682917;6.5701344481423405;-0.40599897147057507;-0.18749999999999997;0.0
Cc1nc(N)cc(=O)[nH]1;3.3393341476701472;0.06743189128518064;-0.16957679805484424;-0.3851146642402806;-0.4458020348823024;-1.5424960137979244;-0.6209838283181613;-0.49920768260333204;-0.24710536429033883;-0.030729254193150108;-0.48521256726432327;-0.4361122207682917;-0.15220388682955227;-0.40599897147057507;-0.18749999999999997;0.0
Cc1nc(N)nc(S)n1;3.3393341476701472;0.06743189128518064;-0.16957679805484424;-0.3851146642402806;-1.5751643097199564;-1.5424960137979244;-0.6209838283181613;-0.49920768260333204;-0.24710536429033883;-0.030729254193150108;-0.48521256726432327;-0.4361122207682917;-0.15220388682955227;-0.40599897147057507;-0.18749999999999997;1.0
Cc1nc(N)nc2c1C(=O)CCC2;0.9489794408171084;0.30201107706442715;-0.16957679805484424;-0.3851146642402806;-0.4458020348823024;-0.9731903819644286;-0.6209838283181613;-0.49920768260333204;-0.24710536429033883;-0.030729254193150108;-0.48521256726432327;-0.4361122207682917;-0.15220388682955227;-0.40599897147057507;-0.18749999999999997;0.0
Cc1nc(N)ncc1-c1nc(N2CCOCC2)c2sc(C(C)(C)O)cc2n1;0.013038414967022988;-3.3831428363716234;-0.16957679805484424;-0.3851146642402806;-1.5751643097199564;-0.9731903819644286;-0.6209838283181613;-0.49920768260333204;-0.24710536429033883;-0.030729254193150108;-0.48521256726432327;-0.4361122207682917;6.5701344481423405;-0.40599897147057507;-0.18749999999999997;1.0
Cc1nc(N)sc1-c1ccnc(Nc2ccc(N3CCOCC3)cc2)n1;-1.336152317734658;0.4640421255540109;-0.16957679805484424;-0.3851146642402806;-1.5751643097199564;-1.5424960137979244;-0.6209838283181613;-0.49920768260333204;-0.24710536429033883;-0.030729254193150108;-0.48521256726432327;-0.4361122207682917;-0.15220388682955227;-0.40599897147057507;-0.18749999999999997;1.0
Cc1nc(N)sc1-c1ccnc(Nc2cccc([N+](=O)[O-])c2)n1;0.17514815514189058;0.1045265321904213;-0.16957679805484424;-0.3851146642402806;0.807282431207023;-1.5424960137979244;-0.6209838283181613;-0.49920768260333204;-0.24710536429033883;-0.030729254193150108;-0.48521256726432327;-0.4361122207682917;-0.15220388682955227;-0.40599897147057507;-0.18749999999999997;1.0
Cc1nc(N)sc1C(=O)OCc1ccccc1Cl;1.2193722130921765;-0.37567502888354165;4.3242083503985285;-0.3851146642402806;-1.5751643097199564;-0.9731903819644286;-0.6209838283181613;-0.49920768260333204;-0.24710536429033883;-0.030729254193150108;-0.48521256726432327;-0.4361122207682917;-0.15220388682955227;-0.40599897147057507;5.333333333333333;0.0
Cc1nc(N/C(N)=N/C(=O)Cc2ccccc2)nc2ccccc12;-0.2834027312789409;0.042650952661644474;-0.16957679805484424;-0.3851146642402806;0.8065775467381363;-0.4038847501309328;-0.6209838283181613;-0.49920768260333204;-0.24710536429033883;-0.030729254193150108;-0.48521256726432327;-0.4361122207682917;-0.15220388682955227;-0.40599897147057507;-0.18749999999999997;1.0
Cc1nc(N2C(=O)c3oc4ccc(F)cc4c(=O)c3C2c2ccc(F)cc2)sc1C;-0.33163376865418875;-1.5179008035145218;-0.16957679805484424;1.6258289027286723;1.8377432168892844;0.16542088170256303;1.6103478937742153;0.364022567901614;-0.24710536429033883;-0.030729254193150108;-0.48521256726432327;-0.4361122207682917;6.5701344481423405;-0.40599897147057507;-0.18749999999999997;0.0
Cc1nc(N2C(=O)c3oc4ccccc4c(=O)c3C2c2ccc(O)cc2)sc1C;-0.7025189945037824;-1.7387197472503315;-0.16957679805484424;1.6258289027286723;1.8377432168892844;0.16542088170256303;-0.6209838283181613;-0.49920768260333204;-0.24710536429033883;-0.030729254193150108;-0.48521256726432327;-0.4361122207682917;6.5701344481423405;-0.40599897147057507;-0.18749999999999997;0.0
Cc1nc(N2CC([C@H]3CCCN([C@H]4C[C@](C)(C(=O)O)C4)C3)C2)nc(N[C@H](C)c2ccc(Cl)cc2Cl)c1Cl;0.3594006200457471;0.7002199692473517;-0.16957679805484424;-0.3851146642402806;-0.4458020348823024;-0.9731903819644286;-0.6209838283181613;-0.49920768260333204;4.046856703705712;-0.030729254193150108;-0.48521256726432327;-0.4361122207682917;-0.15220388682955227;-0.40599897147057507;-0.18749999999999997;0.0
Cc1nc(N2CCC(C(=O)NC(C)C)CC2)c2c(C)c(C)oc2n1;1.0449791999674445;2.9923817865853346;-0.16957679805484424;-0.3851146642402806;-0.4458020348823024;-0.4038847501309328;-0.6209838283181613;-0.49920768260333204;-0.24710536429033883;-0.030729254193150108;-0.48521256726432327;-0.4361122207682917;-0.15220388682955227;-0.40599897147057507;-0.18749999999999997;0.0
Cc1nc(N2CCC(C(=O)NC3CCCCCC3)CC2)c2c(C)c(C)oc2n1;-0.4961387392547316;1.6709972634286103;-0.16957679805484424;-0.3851146642402806;-0.4458020348823024;-0.4038847501309328;-0.6209838283181613;-0.49920768260333204;-0.24710536429033883;-0.030729254193150108;-0.48521256726432327;-0.4361122207682917;-0.15220388682955227;-0.40599897147057507;-0.18749999999999997;0.0
Cc1nc(N2CCC(C(=O)NC3CCCCCCC3)CC2)c2c(C)c(C)oc2n1;-0.48603111614205285;1.694499041641097;-0.16957679805484424;-0.3851146642402806;-0.4458020348823024;-0.4038847501309328;-0.6209838283181613;-0.49920768260333204;-0.24710536429033883;-0.030729254193150108;-0.48521256726432327;-0.4361122207682917;-0.15220388682955227;-0.40599897147057507;-0.18749999999999997;0.0
Cc1nc(N2CCC(C(=O)NC3CCc4ccccc43)CC2)cc(C(F)(F)F)n1;-0.0018620046159958526;0.7373547985524828;-0.16957679805484424;-0.3851146642402806;-0.4458020348823024;-0.4038847501309328;-0.6209838283181613;-0.49920768260333204;-0.24710536429033883;-0.030729254193150108;-0.48521256726432327;-0.4361122207682917;-0.15220388682955227;-0.40599897147057507;-0.18749999999999997;1.0
Cc1nc(N2CCC(C(=O)NCCC3=CCCCC3)CC2)c2c(C)c(C)oc2n1;-0.48603111614205285;1.514570101934982;-0.16957679805484424;-0.3851146642402806;-0.4458020348823024;-0.4038847501309328;-0.6209838283181613;-0.49920768260333204;-0.24710536429033883;-0.030729254193150108;-0.48521256726432327;-0.4361122207682917;-0.15220388682955227;-0.40599897147057507;-0.18749999999999997;0.0
Cc1nc(N2CCC(C(=O)NCCCN3CCCC3=O)CC2)c2c(C)c(C)oc2n1;-0.12236215290451173;2.0736344648935847;-0.16957679805484424;1.6258289027286723;0.6835602399553516;-0.4038847501309328;-0.6209838283181613;-0.49920768260333204;-0.24710536429033883;-0.030729254193150108;-0.48521256726432327;-0.4361122207682917;-0.15220388682955227;-0.40599897147057507;-0.18749999999999997;0.0
Cc1nc(N2CCC(C(=O)NCc3ccc(C)o3)CC2)c2c(C)c(C)oc2n1;-0.11660104461290725;1.5595913214042019;-0.16957679805484424;-0.3851146642402806;-0.4458020348823024;-0.4038847501309328;-0.6209838283181613;-0.49920768260333204;-0.24710536429033883;-0.030729254193150108;-0.48521256726432327;-0.4361122207682917;-0.15220388682955227;-0.40599897147057507;-0.18749999999999997;1.0
Cc1nc(N2CCC(C(=O)NCc3ccc(F)cc3)CC2)cc(C(F)(F)F)n1;0.9886171038412634;0.2779093307033203;-0.16957679805484424;-0.3851146642402806;-0.4458020348823024;-0.9731903819644286;1.6103478937742153;0.364022567901614;-0.24710536429033883;-0.030729254193150108;-0.48521256726432327;-0.4361122207682917;-0.15220388682955227;-0.40599897147057507;-0.18749999999999997;0.0
Cc1nc(N2CCC(C(=O)NCc3ccc4c(c3)OCO4)CC2)cc(C(F)(F)F)n1;-0.00856719342835867;0.3482577119051358;-0.16957679805484424;1.6258289027286723;-0.4458020348823024;-0.9731903819644286;-0.6209838283181613;-0.49920768260333204;-0.24710536429033883;-0.030729254193150108;-0.48521256726432327;-0.4361122207682917;-0.15220388682955227;-0.40599897147057507;-0.18749999999999997;0.0
Cc1nc(N2CCC(C(N)=O)CC2)nc2c1C(=O)CC(C)(C)C2;1.2476681414126078;-0.15036648064684258;-0.16957679805484424;-0.3851146642402806;0.6835602399553516;-0.9731903819644286;-0.6209838283181613;-0.49920768260333204;-0.24710536429033883;-0.030729254193150108;-0.48521256726432327;-0.4361122207682917;-0.15220388682955227;-0.40599897147057507;-0.18749999999999997;0.0
Cc1nc(N2CCC(C(N)=O)CC2)nc2c1C(=O)CC(c1ccco1)C2;-0.5186865138907263;-0.15927111033777805;-0.16957679805484424;-0.3851146642402806;0.6835602399553516;-0.9731903819644286;-0.6209838283181613;-0.49920768260333204;-0.24710536429033883;-0.030729254193150108;-0.48521256726432327;-0.4361122207682917;-0.15220388682955227;-0.40599897147057507;-0.18749999999999997;1.0
Cc1nc(N2CCC(C)CC2)c2c(C)c(C(=O)Nc3ccccc3F)sc2n1;-0.11660104461291448;1.0526998517154185;-0.16957679805484424;-0.3851146642402806;-0.4458020348823024;-0.4038847501309328;-0.6209838283181613;-0.49920768260333204;-0.24710536429033883;-0.030729254193150108;-0.48521256726432327;-0.4361122207682917;-0.15220388682955227;-0.40599897147057507;-0.18749999999999997;1.0
Cc1nc(N2CCC(C)CC2)ncc1-c1cc(=O)[nH]c(N2CCCC2)n1;-0.9274194158126922;-0.5189647615592874;-0.16957679805484424;1.6258289027286723;0.728183504088674;-0.9731903819644286;-0.6209838283181613;-0.49920768260333204;-0.24710536429033883;-0.030729254193150108;-0.48521256726432327;-0.4361122207682917;-0.15220388682955227;-0.40599897147057507;-0.18749999999999997;0.0
Cc1nc(N2CCC(C)CC2)ncc1-c1cc(=O)[nH]c(Nc2cccc(C(F)(F)F)c2)n1;0.31137513466082284;-0.06811583817156261;-0.16957679805484424;-0.3851146642402806;0.728183504088674;-0.4038847501309328;-0.6209838283181613;-0.49920768260333204;-0.24710536429033883;-0.030729254193150108;-0.48521256726432327;-0.4361122207682917;-0.15220388682955227;-0.40599897147057507;-0.18749999999999997;1.0
Cc1nc(N2CCC(NC(=O)C3(c4ccccc4)CC3)CC2)cc(C(F)(F)F)n1;0.11585691898001582;1.5409917136389695;-0.16957679805484424;-0.3851146642402806;-0.4458020348823024;-0.9731903819644286;-0.6209838283181613;-0.49920768260333204;-0.24710536429033883;-0.030729254193150108;-0.48521256726432327;-0.4361122207682917;-0.15220388682955227;-0.40599897147057507;-0.18749999999999997;1.0
Cc1nc(N2CCC(NC(=O)CCc3ccccc3)CC2)cc(C(F)(F)F)n1;0.6090794091994535;0.9880615652752985;-0.16957679805484424;-0.3851146642402806;-0.4458020348823024;-0.9731903819644286;-0.6209838283181613;-0.49920768260333204;-0.24710536429033883;-0.030729254193150108;-0.48521256726432327;-0.4361122207682917;-0.15220388682955227;-0.40599897147057507;-0.18749999999999997;0.0
Cc1nc(N2CCC(NC(=O)CNC(=O)c3ccccc3)CC2)cc(C(F)(F)F)n1;0.9091747856527252;1.0632158088843844;-0.16957679805484424;-0.3851146642402806;0.6835602399553516;-0.9731903819644286;-0.6209838283181613;-0.49920768260333204;-0.24710536429033883;-0.030729254193150108;-0.48521256726432327;-0.4361122207682917;-0.15220388682955227;-0.40599897147057507;-0.18749999999999997;0.0
Cc1nc(N2CCC(NC(=O)c3cc(F)ccc3F)CC2)cc(C(F)(F)F)n1;1.3681547984830877;1.1155486026013552;-0.16957679805484424;-0.3851146642402806;-0.4458020348823024;-0.9731903819644286;-0.6209838283181613;-0.49920768260333204;-0.24710536429033883;-0.030729254193150108;-0.48521256726432327;-0.4361122207682917;-0.15220388682955227;-0.40599897147057507;-0.18749999999999997;0.0
Cc1nc(N2CCC(NC(=O)c3ccc(C#N)cc3)CC2)cc(C(F)(F)F)n1;0.9886171038412634;1.4510916159238008;-0.16957679805484424;-0.3851146642402806;-0.4458020348823024;-0.4038847501309328;-0.6209838283181613;-0.49920768260333204;-0.24710536429033883;-0.030729254193150108;-0.48521256726432327;-0.4361122207682917;-0.15220388682955227;-0.40599897147057507;-0.18749999999999997;0.0
Cc1nc(N2CCC(NC(=O)c3ccc(C)s3)CC2)cc(C(F)(F)F)n1;1.0802813171357377;0.9557789816904549;-0.16957679805484424;-0.3851146642402806;-0.4458020348823024;-1.5424960137979244;-0.6209838283181613;-0.49920768260333204;-0.24710536429033883;-0.030729254193150108;-0.48521256726432327;-0.4361122207682917;-0.15220388682955227;-0.40599897147057507;-0.18749999999999997;0.0
Cc1nc(N2CCC(NC(=O)c3ccc(F)c(Cl)c3)CC2)cc(C(F)(F)F)n1;1.3681547984830877;0.9506121672950847;-0.16957679805484424;-0.3851146642402806;-0.4458020348823024;-0.9731903819644286;1.6103478937742153;0.364022567901614;-0.24710536429033883;-0.030729254193150108;-0.48521256726432327;-0.4361122207682917;-0.15220388682955227;2.463060426921489;-0.18749999999999997;0.0
Cc1nc(N2CCC(NC(=O)c3ccc4ccccc4n3)CC2)cc(C(F)(F)F)n1;-0.00856719342835867;0.9407293609670919;-0.16957679805484424;-0.3851146642402806;-0.4458020348823024;-0.9731903819644286;-0.6209838283181613;-0.49920768260333204;-0.24710536429033883;-0.030729254193150108;-0.48521256726432327;-0.4361122207682917;-0.15220388682955227;-0.40599897147057507;-0.18749999999999997;1.0
Cc1nc(N2CCC(NC(=O)c3cccc(N(C)C)c3)CC2)cc(C(F)(F)F)n1;1.3139764375358551;1.0113488829009671;-0.16957679805484424;-0.3851146642402806;-0.4458020348823024;-0.9731903819644286;-0.6209838283181613;-0.49920768260333204;-0.24710536429033883;-0.030729254193150108;-0.48521256726432327;-0.4361122207682917;-0.15220388682955227;-0.40599897147057507;-0.18749999999999997;0.0
Cc1nc(N2CCC(NC(=O)c3cccc4[nH]ccc34)CC2)cc(C(F)(F)F)n1;-0.0018620046159958526;0.33105577781798423;-0.16957679805484424;-0.3851146642402806;-0.4458020348823024;-0.4038847501309328;-0.6209838283181613;-0.49920768260333204;-0.24710536429033883;-0.030729254193150108;-0.48521256726432327;-0.4361122207682917;-0.15220388682955227;-0.40599897147057507;-0.18749999999999997;0.0
Cc1nc(N2CCC(NC(=O)c3ccccc3C)CC2)cc(C(F)(F)F)n1;1.0327517250571276;0.7228822389125109;-0.16957679805484424;-0.3851146642402806;-0.4458020348823024;-0.4038847501309328;-0.6209838283181613;-0.49920768260333204;-0.24710536429033883;-0.030729254193150108;-0.48521256726432327;-0.4361122207682917;-0.15220388682955227;-0.40599897147057507;-0.18749999999999997;0.0
Cc1nc(N2CCC(NC(=O)c3ccccc3F)CC2)cc(C(F)(F)F)n1;1.0327517250571276;1.1147160879767748;-0.16957679805484424;-0.3851146642402806;-0.4458020348823024;-0.9731903819644286;-0.6209838283181613;-0.49920768260333204;-0.24710536429033883;-0.030729254193150108;-0.48521256726432327;-0.4361122207682917;-0.15220388682955227;-0.40599897147057507;-0.18749999999999997;0.0
Cc1nc(N2CCC3(CC2)CO[C@@H](C)[C@H]3N)c(CO)nc1-c1cccc(Cl)c1Cl;0.364588183314035;-0.36492772238219695;-0.16957679805484424;1.6258289027286723;-1.5751643097199564;-0.9731903819644286;-0.6209838283181613;-0.49920768260333204;4.046856703705712;-0.030729254193150108;-0.48521256726432327;-0.4361122207682917;-0.15220388682955227;-0.40599897147057507;-0.18749999999999997;0.0
Cc1nc(N2CCC3(CC2)CO[C@@H](C)[C@H]3N)c(CO)nc1Sc1ccnc(N)c1Cl;0.34566798823733397;-1.3521429796961688;-0.16957679805484424;1.6258289027286723;-1.5751643097199564;-1.5424960137979244;-0.6209838283181613;-0.49920768260333204;4.046856703705712;-0.030729254193150108;-0.48521256726432327;-0.4361122207682917;-0.15220388682955227;-0.40599897147057507;-0.18749999999999997;0.0
Cc1nc(N2CCC3(CC2)CO[C@@H](C)[C@H]3N)cc(=O)n1-c1cccc(Cl)c1Cl;0.38485982089621623;0.3334839181918296;4.3242083503985285;1.6258289027286723;0.6299868994021683;-1.5424960137979244;-0.6209838283181613;-0.49920768260333204;4.046856703705712;-0.030729254193150108;-0.48521256726432327;-0.4361122207682917;-0.15220388682955227;-0.40599897147057507;5.333333333333333;0.0
Cc1nc(N2CCC3(CC2)OCCO3)nc2oc(-c3ccccc3)nc12;-2.26378349420189;0.6259533100460554;-0.16957679805484424;1.6258289027286723;-1.5751643097199564;-0.9731903819644286;-0.6209838283181613;-0.49920768260333204;-0.24710536429033883;-0.030729254193150108;-0.48521256726432327;-0.4361122207682917;-0.15220388682955227;-0.40599897147057507;-0.18749999999999997;1.0
Cc1nc(N2CCCC(C(=O)NC(C)C)C2)c2c(C)c(C)oc2n1;1.0449791999674445;0.3793525290992232;-0.16957679805484424;-0.3851146642402806;-0.4458020348823024;-0.4038847501309328;-0.6209838283181613;-0.49920768260333204;-0.24710536429033883;-0.030729254193150108;-0.48521256726432327;-0.4361122207682917;-0.15220388682955227;-0.40599897147057507;-0.18749999999999997;0.0
Cc1nc(N2CCCC(C(=O)NC3CCCC3)C2)c2c(C)c(C)oc2n1;-0.5186865138907191;1.1952236354427799;-0.16957679805484424;-0.3851146642402806;-0.4458020348823024;-0.4038847501309328;-0.6209838283181613;-0.49920768260333204;-0.24710536429033883;-0.030729254193150108;-0.48521256726432327;-0.4361122207682917;-0.15220388682955227;-0.40599897147057507;-0.18749999999999997;0.0
Cc1nc(N2CCCC(C(=O)NC3CCCCCC3)C2)c2c(C)c(C)oc2n1;-0.4961387392547316;0.3506319639155739;-0.16957679805484424;-0.3851146642402806;-0.4458020348823024;-0.4038847501309328;-0.6209838283181613;-0.49920768260333204;-0.24710536429033883;-0.030729254193150108;-0.48521256726432327;-0.4361122207682917;-0.15220388682955227;-0.40599897147057507;-0.18749999999999997;0.0
Cc1nc(N2CCCC(C(=O)NCCc3cccs3)C2)c2c(C)c(C)oc2n1;-0.4961387392547316;0.5231020828916497;-0.16957679805484424;-0.3851146642402806;-0.4458020348823024;-0.4038847501309328;-0.6209838283181613;-0.49920768260333204;-0.24710536429033883;-0.030729254193150108;-0.48521256726432327;-0.4361122207682917;6.5701344481423405;-0.40599897147057507;-0.18749999999999997;0.0
Cc1nc(N2CCCC(C(=O)NCc3ccc(C)o3)C2)c2c(C)noc2n1;-0.5069950751905825;0.2000618041785433;-0.16957679805484424;-0.3851146642402806;-0.4458020348823024;-0.9731903819644286;-0.6209838283181613;-0.49920768260333204;-0.24710536429033883;-0.030729254193150108;-0.48521256726432327;-0.4361122207682917;-0.15220388682955227;-0.40599897147057507;-0.18749999999999997;0.0
Cc1nc(N2CCCC(C(=O)NCc3ccc(OC(C)C)cc3)C2)c2c(C)c(C)oc2n1;0.20469236015193792;0.2551732396194813;-0.16957679805484424;-0.3851146642402806;-0.4458020348823024;0.16542088170256303;-0.6209838283181613;-0.49920768260333204;-0.24710536429033883;-0.030729254193150108;-0.48521256726432327;-0.4361122207682917;-0.15220388682955227;-0.40599897147057507;-0.18749999999999997;1.0
Cc1nc(N2CCCC(C(=O)NCc3ccccc3)C2)c2c(C)noc2n1;-0.9005897214858086;0.5230781949910119;-0.16957679805484424;-0.3851146642402806;-0.4458020348823024;-0.4038847501309328;-0.6209838283181613;-0.49920768260333204;-0.24710536429033883;-0.030729254193150108;-0.48521256726432327;-0.4361122207682917;-0.15220388682955227;-0.40599897147057507;-0.18749999999999997;1.0
Cc1nc(N2CCCC(C(=O)NCc3ccccc3C)C2)c2c(C)noc2n1;-0.49613873925473884;-0.17971657695012766;-0.16957679805484424;-0.3851146642402806;-0.4458020348823024;0.16542088170256303;-0.6209838283181613;-0.49920768260333204;-0.24710536429033883;-0.030729254193150108;-0.48521256726432327;-0.4361122207682917;-0.15220388682955227;-0.40599897147057507;-0.18749999999999997;1.0
Cc1nc(N2CCCC(C(=O)NCc3cccs3)C2)c2c(C)noc2n1;-0.9274194158126922;0.5558633780208324;-0.16957679805484424;-0.3851146642402806;-0.4458020348823024;-0.9731903819644286;-0.6209838283181613;-0.49920768260333204;-0.24710536429033883;-0.030729254193150108;-0.48521256726432327;-0.4361122207682917;-0.15220388682955227;-0.40599897147057507;-0.18749999999999997;1.0
Cc1nc(N2CCCC2)c2c(C(=O)N3CCN(Cc4ccc5c(c4)OCO5)CC3)c(C)oc2n1;-1.7513957061161252;1.962052753315429;-0.16957679805484424;3.636772469697625;0.708380942051631;0.16542088170256303;-0.6209838283181613;-0.49920768260333204;-0.24710536429033883;-0.030729254193150108;-0.48521256726432327;-0.4361122207682917;-0.15220388682955227;-0.40599897147057507;-0.18749999999999997;0.0
Cc1nc(N2CCCC2)c2c(C(=O)NCCCc3ccccc3)c(C)oc2n1;-0.8756764338965632;1.9738656619843493;-0.16957679805484424;1.6258289027286723;-0.4458020348823024;0.16542088170256303;-0.6209838283181613;-0.49920768260333204;-0.24710536429033883;-0.030729254193150108;-0.48521256726432327;-0.4361122207682917;-0.15220388682955227;-0.40599897147057507;-0.18749999999999997;0.0
Cc1nc(N2CCCC2)c2c(C(=O)NCc3ccc4c(c3)OCO4)c(C)oc2n1;-1.4354193703638587;1.0765238559312742;-0.16957679805484424;3.636772469697625;-0.4458020348823024;0.16542088170256303;-0.6209838283181613;-0.49920768260333204;-0.24710536429033883;-0.030729254193150108;-0.48521256726432327;-0.4361122207682917;-0.15220388682955227;-0.40599897147057507;-0.18749999999999997;0.0
Cc1nc(N2CCCC2)c2c(C(=O)Nc3cccc(Cl)c3)c(C)oc2n1;-0.5186865138907191;2.990960350533093;4.3242083503985285;1.6258289027286723;-0.4458020348823024;-0.4038847501309328;-0.6209838283181613;-0.49920768260333204;-0.24710536429033883;-0.030729254193150108;-0.48521256726432327;-0.4361122207682917;-0.15220388682955227;-0.40599897147057507;5.333333333333333;0.0
Cc1nc(N2CCCC2)c2c(C(=O)Nc3cccc(Cl)c3C)c(C)oc2n1;-0.11340042889535644;1.8271672968699442;4.3242083503985285;1.6258289027286723;-0.4458020348823024;0.16542088170256303;-0.6209838283181613;-0.49920768260333204;-0.24710536429033883;-0.030729254193150108;-0.48521256726432327;-0.4361122207682917;-0.15220388682955227;-0.40599897147057507;5.333333333333333;1.0
Cc1nc(N2CCCC2)c2c(C(=O)Nc3cccc(F)c3)c(C)oc2n1;-0.5186865138907191;1.977123506519117;-0.16957679805484424;1.6258289027286723;-0.4458020348823024;-0.4038847501309328;-0.6209838283181613;-0.49920768260333204;-0.24710536429033883;-0.030729254193150108;-0.48521256726432327;-0.4361122207682917;-0.15220388682955227;2.463060426921489;-0.18749999999999997;0.0
Cc1nc(N2CCCC2)c2c(C)c(C(=O)NCc3ccccc3C)sc2n1;-0.5069950751905825;1.2839198886599736;-0.16957679805484424;1.6258289027286723;-0.4458020348823024;0.7347265135360589;-0.6209838283181613;-0.49920768260333204;-0.24710536429033883;-0.030729254193150108;-0.48521256726432327;-0.4361122207682917;-0.15220388682955227;-0.40599897147057507;-0.18749999999999997;0.0
Cc1nc(N2CCCC2)cc(N2CCN(C(=O)C3CCCCC3)CC2)n1;-1.336152317734658;0.9207002264085384;-0.16957679805484424;1.6258289027286723;-0.4458020348823024;-1.5424960137979244;-0.6209838283181613;-0.49920768260333204;-0.24710536429033883;-0.030729254193150108;-0.48521256726432327;-0.4361122207682917;-0.15220388682955227;-0.40599897147057507;-0.18749999999999997;0.0
Cc1nc(N2CCCC2)cc(N2CCN(C(=O)Nc3ccc(Cl)cc3)CC2)n1;-0.8756764338965705;1.1197639131061212;-0.16957679805484424;1.6258289027286723;-1.5751643097199564;-1.5424960137979244;-0.6209838283181613;-0.49920768260333204;-0.24710536429033883;-0.030729254193150108;-0.48521256726432327;-0.4361122207682917;-0.15220388682955227;-0.40599897147057507;-0.18749999999999997;0.0
Cc1nc(N2CCCC2)cc(N2CCN(C(=O)Nc3ccc(F)cc3)CC2)n1;-0.8756764338965705;0.2794754838472042;-0.16957679805484424;1.6258289027286723;-1.5751643097199564;-1.5424960137979244;-0.6209838283181613;-0.49920768260333204;-0.24710536429033883;-0.030729254193150108;-0.48521256726432327;-0.4361122207682917;-0.15220388682955227;-0.40599897147057507;-0.18749999999999997;0.0
Cc1nc(N2CCCC2)cc(N2CCN(C(=O)Nc3cccc(Cl)c3)CC2)n1;-0.8756764338965705;0.2631568311037153;4.3242083503985285;1.6258289027286723;-1.5751643097199564;-1.5424960137979244;-0.6209838283181613;-0.49920768260333204;4.046856703705712;-0.030729254193150108;-0.48521256726432327;-0.4361122207682917;-0.15220388682955227;-0.40599897147057507;5.333333333333333;1.0
Cc1nc(N2CCCC2)cc(N2CCN(C(=O)Nc3ccccc3)CC2)n1;-1.2941843677810418;0.33577204371421826;-0.16957679805484424;1.6258289027286723;-1.5751643097199564;-1.5424960137979244;-0.6209838283181613;-0.49920768260333204;-0.24710536429033883;-0.030729254193150108;-0.48521256726432327;-0.4361122207682917;-0.15220388682955227;-0.40599897147057507;-0.18749999999999997;0.0
Cc1nc(N2CCCC2)cc(N2CCN(C(=O)c3ccc(Br)cc3)CC2)n1;-0.9005897214858158;0.832158726118678;-0.16957679805484424;1.6258289027286723;-0.4458020348823024;-0.9731903819644286;-0.6209838283181613;-0.49920768260333204;-0.24710536429033883;32.54228019054596;-0.48521256726432327;-0.4361122207682917;-0.15220388682955227;-0.40599897147057507;-0.18749999999999997;0.0
Cc1nc(N2CCCC2)cc(N2CCN(C(=O)c3ccc(Br)o3)CC2)n1;-0.9274194158126922;0.10560368267072412;-0.16957679805484424;1.6258289027286723;-0.4458020348823024;-1.5424960137979244;-0.6209838283181613;-0.49920768260333204;-0.24710536429033883;-0.030729254193150108;-0.48521256726432327;-0.4361122207682917;-0.15220388682955227;-0.40599897147057507;-0.18749999999999997;0.0
Cc1nc(N2CCCC2)cc(N2CCN(C(=O)c3ccc(C(C)(C)C)cc3)CC2)n1;-0.008567193428365903;1.6756165916773094;-0.16957679805484424;1.6258289027286723;-0.4458020348823024;-0.4038847501309328;-0.6209838283181613;-0.49920768260333204;-0.24710536429033883;-0.030729254193150108;-0.48521256726432327;-0.4361122207682917;-0.15220388682955227;-0.40599897147057507;-0.18749999999999997;1.0
Cc1nc(N2CCCC2)cc(N2CCN(C(=O)c3ccc4c(c3)OCO4)CC2)n1;-1.801869558293911;0.5158588988535814;-0.16957679805484424;3.636772469697625;-0.4458020348823024;-0.9731903819644286;-0.6209838283181613;-0.49920768260333204;-0.24710536429033883;-0.030729254193150108;2.060952389667274;1.050315284101127;-0.15220388682955227;-0.40599897147057507;-0.18749999999999997;1.0
Cc1nc(N2CCCC2)cc(N2CCN(C(=O)c3cccc([N+](=O)[O-])c3)CC2)n1;-0.48603111614206007;0.887632696987986;-0.16957679805484424;1.6258289027286723;1.9366447060446763;-0.9731903819644286;-0.6209838283181613;-0.49920768260333204;-0.24710536429033883;-0.030729254193150108;2.060952389667274;2.536742788970546;-0.15220388682955227;-0.40599897147057507;-0.18749999999999997;0.0
Cc1nc(N2CCCC2)cc(N2CCN(C(=O)c3ccccc3C)CC2)n1;-0.9005897214858158;1.8585338183336888;-0.16957679805484424;1.6258289027286723;-0.4458020348823024;-0.4038847501309328;-0.6209838283181613;-0.49920768260333204;-0.24710536429033883;-0.030729254193150108;-0.48521256726432327;-0.4361122207682917;-0.15220388682955227;-0.40599897147057507;-0.18749999999999997;0.0
Cc1nc(N2CCCC2)cc(N2CCN(C(=O)c3ccccc3[N+](=O)[O-])CC2)n1;-0.48603111614206007;1.40719806718978;-0.16957679805484424;1.6258289027286723;1.9366447060446763;-0.9731903819644286;-0.6209838283181613;-0.49920768260333204;-0.24710536429033883;-0.030729254193150108;-0.48521256726432327;-0.4361122207682917;-0.15220388682955227;-0.40599897147057507;-0.18749999999999997;0.0
Cc1nc(N2CCCC2)cc(N2CCN(S(=O)(=O)c3ccc(Cl)cc3)CC2)n1;-0.374215568387447;1.1741896612642797;8.817993498851902;1.6258289027286723;-1.5751643097199564;-1.5424960137979244;-0.6209838283181613;-0.49920768260333204;4.046856703705712;-0.030729254193150108;-0.48521256726432327;-0.4361122207682917;-0.15220388682955227;-0.40599897147057507;5.333333333333333;1.0
Cc1nc(N2CCCC2)cc(N2CCN(S(=O)(=O)c3ccc(F)cc3)CC2)n1;-0.374215568387447;1.3259838125131151;-0.16957679805484424;1.6258289027286723;-1.5751643097199564;-1.5424960137979244;1.6103478937742153;0.364022567901614;-0.24710536429033883;-0.030729254193150108;-0.48521256726432327;-0.4361122207682917;-0.15220388682955227;2.463060426921489;-0.18749999999999997;1.0
Cc1nc(N2CCCC2)cc(N2CCN(S(=O)(=O)c3cccc(F)c3)CC2)n1;-0.37421556838743975;1.3638866502640656;-0.16957679805484424;1.6258289027286723;-1.5751643097199564;-1.5424960137979244;-0.6209838283181613;-0.49920768260333204;-0.24710536429033883;-0.030729254193150108;-0.48521256726432327;-0.4361122207682917;-0.15220388682955227;-0.40599897147057507;-0.18749999999999997;1.0
Cc1nc(N2CCCC2)cc(N2CCN(S(=O)(=O)c3cccc([N+](=O)[O-])c3)CC2)n1;-0.008567193428365903;1.1813563258306705;-0.16957679805484424;1.6258289027286723;0.807282431207023;-1.5424960137979244;-0.6209838283181613;-0.49920768260333204;-0.24710536429033883;-0.030729254193150108;2.060952389667274;5.509597798709383;-0.15220388682955227;-0.40599897147057507;-0.18749999999999997;0.0
Cc1nc(N2CCCC2)cc(N2CCN(S(=O)(=O)c3ccccc3)CC2)n1;-0.7741508776234364;1.3193168686865087;-0.16957679805484424;1.6258289027286723;-1.5751643097199564;-1.5424960137979244;-0.6209838283181613;-0.49920768260333204;-0.24710536429033883;-0.030729254193150108;-0.48521256726432327;-0.4361122207682917;-0.15220388682955227;-0.40599897147057507;-0.18749999999999997;1.0
Cc1nc(N2CCCC2)cc(N2CCN(S(=O)(=O)c3ccccc3F)CC2)n1;-0.37421556838743975;1.2830317454477809;-0.16957679805484424;1.6258289027286723;-1.5751643097199564;-1.5424960137979244;-0.6209838283181613;-0.49920768260333204;-0.24710536429033883;-0.030729254193150108;-0.48521256726432327;-0.4361122207682917;-0.15220388682955227;-0.40599897147057507;-0.18749999999999997;1.0
Cc1nc(N2CCCC2)n(CC#N)c(=O)c1C;1.3030422061556484;0.6152125511604729;-0.16957679805484424;1.6258289027286723;0.6299868994021683;-0.9731903819644286;-0.6209838283181613;-0.49920768260333204;-0.24710536429033883;-0.030729254193150108;-0.48521256726432327;-0.4361122207682917;-0.15220388682955227;-0.40599897147057507;-0.18749999999999997;0.0
Cc1nc(N2CCCC2)ncc1-c1cc(=O)[nH]c(N2CCC(C)CC2)n1;-0.9274194158126922;-0.09318269767467714;-0.16957679805484424;1.6258289027286723;0.728183504088674;-0.9731903819644286;-0.6209838283181613;-0.49920768260333204;-0.24710536429033883;-0.030729254193150108;-0.48521256726432327;-0.4361122207682917;-0.15220388682955227;-0.40599897147057507;-0.18749999999999997;0.0
Cc1nc(N2CCCC2)ncc1-c1ccnc(N2CCN(c3ccccc3)CC2)n1;-2.102809676982717;0.6542731022937401;-0.16957679805484424;1.6258289027286723;-1.5751643097199564;-0.9731903819644286;-0.6209838283181613;-0.49920768260333204;-0.24710536429033883;-0.030729254193150108;-0.48521256726432327;-0.4361122207682917;-0.15220388682955227;-0.40599897147057507;-0.18749999999999997;1.0
Cc1nc(N2CCCC2)ncc1C(=O)N1CCN(c2ccccc2)CC1;-1.336152317734658;1.9530541445419822;-0.16957679805484424;1.6258289027286723;-0.4458020348823024;-0.9731903819644286;-0.6209838283181613;-0.49920768260333204;-0.24710536429033883;-0.030729254193150108;-0.48521256726432327;-0.4361122207682917;-0.15220388682955227;-0.40599897147057507;-0.18749999999999997;0.0
Cc1nc(N2CCCC2)ncc1C(=O)c1cc2cc3c(cc2oc1=O)N(C)C(C)(C)CC3C;0.10554055053543547;-0.6907311460760236;-0.16957679805484424;1.6258289027286723;-0.4458020348823024;0.7347265135360589;-0.6209838283181613;-0.49920768260333204;-0.24710536429033883;-0.030729254193150108;-0.48521256726432327;-0.4361122207682917;-0.15220388682955227;-0.40599897147057507;-0.18749999999999997;1.0
Cc1nc(N2CCCC2=O)sc1C(=O)Nc1ccccc1;-0.2948863116063802;1.2217475631306096;-0.16957679805484424;1.6258289027286723;1.8377432168892844;-1.5424960137979244;-0.6209838283181613;-0.49920768260333204;-0.24710536429033883;-0.030729254193150108;-0.48521256726432327;-0.4361122207682917;-0.15220388682955227;-0.40599897147057507;-0.18749999999999997;0.0
Cc1nc(N2CCCCC2)c2c(C)c(C(=O)NCc3ccc(C)o3)sc2n1;-0.5069950751905825;1.1399506174536147;-0.16957679805484424;-0.3851146642402806;-0.4458020348823024;-0.4038847501309328;-0.6209838283181613;-0.49920768260333204;-0.24710536429033883;-0.030729254193150108;-0.48521256726432327;-0.4361122207682917;6.5701344481423405;-0.40599897147057507;-0.18749999999999997;0.0
Cc1nc(N2CCCCC2)c2c(C)c(C(=O)Nc3c(F)cccc3F)sc2n1;-0.11660104461291448;0.8648844845840028;-0.16957679805484424;-0.3851146642402806;-0.4458020348823024;-0.4038847501309328;-0.6209838283181613;-0.49920768260333204;-0.24710536429033883;-0.030729254193150108;-0.48521256726432327;-0.4361122207682917;-0.15220388682955227;-0.40599897147057507;-0.18749999999999997;1.0
Cc1nc(N2CCCCC2)c2c(C)c(C(=O)Nc3ccccc3F)sc2n1;-0.5069950751905825;0.8524728308855997;-0.16957679805484424;-0.3851146642402806;-0.4458020348823024;-0.4038847501309328;-0.6209838283181613;-0.49920768260333204;-0.24710536429033883;-0.030729254193150108;-0.48521256726432327;-0.4361122207682917;-0.15220388682955227;-0.40599897147057507;-0.18749999999999997;0.0
Cc1nc(N2CCCCC2)cc(N2CCN(C(=O)Nc3ccc4c(c3)OCCO4)CC2)n1;-1.651977193671389;0.30000929144948324;-0.16957679805484424;-0.3851146642402806;-1.5751643097199564;-1.5424960137979244;-0.6209838283181613;-0.49920768260333204;-0.24710536429033883;-0.030729254193150108;2.060952389667274;1.050315284101127;-0.15220388682955227;-0.40599897147057507;-0.18749999999999997;1.0
Cc1nc(N2CCCCC2)cc(N2CCN(C(=O)Nc3cccc(C(F)(F)F)c3)CC2)n1;-0.02072034815077351;-0.6770022270824797;-0.16957679805484424;-0.3851146642402806;-1.5751643097199564;-0.9731903819644286;-0.6209838283181613;-0.49920768260333204;-0.24710536429033883;-0.030729254193150108;-0.48521256726432327;-0.4361122207682917;-0.15220388682955227;-0.40599897147057507;-0.18749999999999997;1.0
Cc1nc(N2CCCCC2)cc(N2CCN(C(=O)Nc3cccc(Cl)c3)CC2)n1;-0.8524813040720981;0.025024418360960095;4.3242083503985285;-0.3851146642402806;-1.5751643097199564;-1.5424960137979244;-0.6209838283181613;-0.49920768260333204;4.046856703705712;-0.030729254193150108;-0.48521256726432327;-0.4361122207682917;-0.15220388682955227;-0.40599897147057507;5.333333333333333;1.0
Cc1nc(N2CCCCC2)cc(N2CCN(C(=O)Nc3ccccc3)CC2)n1;-1.2552141285383949;0.11640124973732863;-0.16957679805484424;-0.3851146642402806;-1.5751643097199564;-1.5424960137979244;-0.6209838283181613;-0.49920768260333204;-0.24710536429033883;-0.030729254193150108;-0.48521256726432327;-0.4361122207682917;-0.15220388682955227;-0.40599897147057507;-0.18749999999999997;1.0
Cc1nc(N2CCCCC2)cc(N2CCN(C(=O)c3ccc(C(F)(F)F)cc3)CC2)n1;-0.014839789414129567;-0.0018869033803118422;-0.16957679805484424;-0.3851146642402806;-0.4458020348823024;-0.4038847501309328;-0.6209838283181613;-0.49920768260333204;-0.24710536429033883;-0.030729254193150108;-0.48521256726432327;-0.4361122207682917;-0.15220388682955227;-0.40599897147057507;-0.18749999999999997;1.0
Cc1nc(N2CCCCC2)cc(N2CCN(C(=O)c3ccc4c(c3)OCO4)CC2)n1;-1.748574495317017;0.3007225569711605;-0.16957679805484424;1.6258289027286723;-0.4458020348823024;-0.9731903819644286;-0.6209838283181613;-0.49920768260333204;-0.24710536429033883;-0.030729254193150108;2.060952389667274;1.050315284101127;-0.15220388682955227;-0.40599897147057507;-0.18749999999999997;0.0
Cc1nc(N2CCCCC2)cc(N2CCN(C(=O)c3cccc(Cl)c3)CC2)n1;-0.8756764338965705;0.17352024100828634;-0.16957679805484424;-0.3851146642402806;-0.4458020348823024;-0.9731903819644286;-0.6209838283181613;-0.49920768260333204;-0.24710536429033883;-0.030729254193150108;-0.48521256726432327;-0.4361122207682917;-0.15220388682955227;-0.40599897147057507;-0.18749999999999997;0.0
Cc1nc(N2CCCCC2)cc(N2CCN(C(=O)c3cccc([N+](=O)[O-])c3)CC2)n1;-0.4765973345702188;0.662338965051953;-0.16957679805484424;-0.3851146642402806;1.9366447060446763;-0.9731903819644286;-0.6209838283181613;-0.49920768260333204;-0.24710536429033883;-0.030729254193150108;2.060952389667274;2.536742788970546;-0.15220388682955227;-0.40599897147057507;-0.18749999999999997;0.0
Cc1nc(N2CCCCC2)cc(N2CCN(C(=O)c3ccccc3C)CC2)n1;-0.8756764338965632;1.6242186880203213;-0.16957679805484424;-0.3851146642402806;-0.4458020348823024;-0.4038847501309328;-0.6209838283181613;-0.49920768260333204;-0.24710536429033883;-0.030729254193150108;-0.48521256726432327;-0.4361122207682917;-0.15220388682955227;-0.40599897147057507;-0.18749999999999997;0.0
Cc1nc(N2CCCCC2)cc(N2CCN(S(=O)(=O)c3ccc(C)c(C)c3)CC2)n1;-0.008567193428365903;0.05438179727989443;-0.16957679805484424;-0.3851146642402806;-1.5751643097199564;-0.4038847501309328;-0.6209838283181613;-0.49920768260333204;-0.24710536429033883;-0.030729254193150108;-0.48521256726432327;-0.4361122207682917;-0.15220388682955227;-0.40599897147057507;-0.18749999999999997;1.0
Cc1nc(N2CCCCC2)cc(N2CCN(S(=O)(=O)c3ccc4c(c3)OCCO4)CC2)n1;-1.2131989363509006;0.8721773315855331;-0.16957679805484424;-0.3851146642402806;-1.5751643097199564;-1.5424960137979244;-0.6209838283181613;-0.49920768260333204;-0.24710536429033883;-0.030729254193150108;2.060952389667274;2.536742788970546;-0.15220388682955227;-0.40599897147057507;-0.18749999999999997;1.0
Cc1nc(N2CCCCC2)cc(N2CCN(S(=O)(=O)c3ccccc3)CC2)n1;-0.7537532630292714;1.0789431503855083;-0.16957679805484424;-0.3851146642402806;-1.5751643097199564;-1.5424960137979244;-0.6209838283181613;-0.49920768260333204;-0.24710536429033883;-0.030729254193150108;-0.48521256726432327;-0.4361122207682917;-0.15220388682955227;-0.40599897147057507;-0.18749999999999997;1.0
Cc1nc(N2CCCCC2)cc(N2CCN(S(C)(=O)=O)CC2)n1;0.3235763631542528;0.14426064925989177;-0.16957679805484424;-0.3851146642402806;-1.5751643097199564;-1.5424960137979244;-0.6209838283181613;-0.49920768260333204;-0.24710536429033883;-0.030729254193150108;-0.48521256726432327;-0.4361122207682917;-0.15220388682955227;-0.40599897147057507;-0.18749999999999997;1.0
Cc1nc(N2CCCCC2)n(CC(=O)Nc2cccc(C(F)(F)F)c2)c(=O)c1C;1.3139764375358551;2.112691853284326;-0.16957679805484424;-0.3851146642402806;1.7593491742398217;-0.4038847501309328;-0.6209838283181613;-0.49920768260333204;-0.24710536429033883;-0.030729254193150108;-0.48521256726432327;-0.4361122207682917;-0.15220388682955227;-0.40599897147057507;-0.18749999999999997;0.0
Cc1nc(N2CCCCC2)ncc1-c1cc(=O)[nH]c(N2CCC(C(N)=O)CC2)n1;-0.48603111614206007;-0.18688483851017532;-0.16957679805484424;-0.3851146642402806;1.8575457789263279;-0.9731903819644286;-0.6209838283181613;-0.49920768260333204;-0.24710536429033883;-0.030729254193150108;-0.48521256726432327;-0.4361122207682917;-0.15220388682955227;-0.40599897147057507;-0.18749999999999997;0.0
Cc1nc(N2CCCCC2)ncc1-c1cc(=O)[nH]c(N2CCC(C)CC2)n1;-0.9005897214858158;-0.4076071176460565;-0.16957679805484424;-0.3851146642402806;0.728183504088674;-0.9731903819644286;-0.6209838283181613;-0.49920768260333204;-0.24710536429033883;-0.030729254193150108;-0.48521256726432327;-0.4361122207682917;-0.15220388682955227;-0.40599897147057507;-0.18749999999999997;0.0
Cc1nc(N2CCCCC2)ncc1-c1cc(=O)[nH]c(NCc2ccccc2)n1;-1.2552141285383949;0.5932976159414014;-0.16957679805484424;-0.3851146642402806;0.728183504088674;-0.4038847501309328;-0.6209838283181613;-0.49920768260333204;-0.24710536429033883;-0.030729254193150108;-0.48521256726432327;-0.4361122207682917;-0.15220388682955227;-0.40599897147057507;-0.18749999999999997;1.0
Cc1nc(N2CCCCC2)ncc1-c1cc(=O)[nH]c(Nc2ccc(F)cc2)n1;-0.8756764338965632;0.2600723046299205;-0.16957679805484424;-0.3851146642402806;0.728183504088674;-0.9731903819644286;-0.6209838283181613;-0.49920768260333204;-0.24710536429033883;-0.030729254193150108;-0.48521256726432327;-0.4361122207682917;-0.15220388682955227;-0.40599897147057507;-0.18749999999999997;0.0
Cc1nc(N2CCCCC2)ncc1-c1cc(=O)[nH]c(Nc2cccc(C(F)(F)F)c2)n1;-0.014839789414122334;0.18257122994841682;-0.16957679805484424;-0.3851146642402806;0.728183504088674;-0.4038847501309328;-0.6209838283181613;-0.49920768260333204;-0.24710536429033883;-0.030729254193150108;-0.48521256726432327;-0.4361122207682917;-0.15220388682955227;-0.40599897147057507;-0.18749999999999997;1.0
Cc1nc(N2CCCCC2)ncc1-c1ccnc(N2CCCCC2)n1;-1.8065599216834074;-0.4437079466147789;-0.16957679805484424;-0.3851146642402806;-1.5751643097199564;-0.9731903819644286;-0.6209838283181613;-0.49920768260333204;-0.24710536429033883;-0.030729254193150108;-0.48521256726432327;-0.4361122207682917;-0.15220388682955227;-0.40599897147057507;-0.18749999999999997;1.0
Cc1nc(N2CCCCC2)ncc1C(=O)Nc1ccc(Cl)cc1F;0.15939124580318756;0.7652623995313617;-0.16957679805484424;-0.3851146642402806;-0.4458020348823024;-0.9731903819644286;-0.6209838283181613;-0.49920768260333204;-0.24710536429033883;-0.030729254193150108;-0.48521256726432327;-0.4361122207682917;-0.15220388682955227;-0.40599897147057507;-0.18749999999999997;1.0
Cc1nc(N2CCCCC2)ncc1C(=O)Nc1cccc(Cl)c1C;0.15939124580318756;-0.07333843340928757;4.3242083503985285;-0.3851146642402806;-0.4458020348823024;-0.4038847501309328;-0.6209838283181613;-0.49920768260333204;-0.24710536429033883;-0.030729254193150108;-0.48521256726432327;-0.4361122207682917;-0.15220388682955227;-0.40599897147057507;5.333333333333333;1.0
Cc1nc(N2CCCCCC2)nc2oc(-c3ccccc3)nc12;-1.9459983784396186;-0.1864562639498973;-0.16957679805484424;-0.3851146642402806;-1.5751643097199564;-0.9731903819644286;-0.6209838283181613;-0.49920768260333204;-0.24710536429033883;-0.030729254193150108;-0.48521256726432327;-0.4361122207682917;-0.15220388682955227;-0.40599897147057507;-0.18749999999999997;1.0
Cc1nc(N2CCCN(C(=O)C3CCC3)CC2)c2c(C)nn(-c3ccccc3Cl)c2n1;-1.013101342856606;1.7530301910740886;-0.16957679805484424;-0.3851146642402806;-0.4458020348823024;-0.9731903819644286;-0.6209838283181613;-0.49920768260333204;-0.24710536429033883;-0.030729254193150108;-0.48521256726432327;-0.4361122207682917;-0.15220388682955227;-0.40599897147057507;-0.18749999999999997;1.0
Cc1nc(N2CCCN(C(=O)C3CCC3)CC2)c2cnn(-c3cccc(Cl)c3)c2n1;-1.3943393136512956;1.0335287530868646;-0.16957679805484424;-0.3851146642402806;-0.4458020348823024;-0.9731903819644286;-0.6209838283181613;-0.49920768260333204;4.046856703705712;-0.030729254193150108;-0.48521256726432327;-0.4361122207682917;-0.15220388682955227;-0.40599897147057507;-0.18749999999999997;0.0
Cc1nc(N2CCCN(C(=O)C3CCC3)CC2)c2cnn(-c3ccccc3)c2n1;-1.801869558293904;0.6923292616347044;-0.16957679805484424;-0.3851146642402806;-0.4458020348823024;-0.9731903819644286;-0.6209838283181613;-0.49920768260333204;-0.24710536429033883;-0.030729254193150108;-0.48521256726432327;-0.4361122207682917;-0.15220388682955227;-0.40599897147057507;-0.18749999999999997;1.0
Cc1nc(N2CCN(C(=O)C(C)C)CC2)c2c(C)nn(-c3ccc(F)cc3)c2n1;0.2468692597180161;1.2702679718488485;-0.16957679805484424;-0.3851146642402806;-0.4458020348823024;-0.9731903819644286;1.6103478937742153;0.364022567901614;-0.24710536429033883;-0.030729254193150108;-0.48521256726432327;-0.4361122207682917;-0.15220388682955227;-0.40599897147057507;-0.18749999999999997;1.0
Cc1nc(N2CCN(C(=O)C3CCC3)CC2)c2cnn(-c3ccccc3)c2n1;-1.858971411483442;0.6552570100525931;-0.16957679805484424;-0.3851146642402806;-0.4458020348823024;-0.9731903819644286;-0.6209838283181613;-0.49920768260333204;-0.24710536429033883;-0.030729254193150108;-0.48521256726432327;-0.4361122207682917;-0.15220388682955227;-0.40599897147057507;-0.18749999999999997;1.0
Cc1nc(N2CCN(C(=O)CC(C)C)CC2)c2cnn(-c3ccc(F)cc3)c2n1;-0.11958092821202199;1.7242767131211205;-0.16957679805484424;-0.3851146642402806;-0.4458020348823024;-0.9731903819644286;1.6103478937742153;0.364022567901614;-0.24710536429033883;-0.030729254193150108;-0.48521256726432327;-0.4361122207682917;-0.15220388682955227;-0.40599897147057507;-0.18749999999999997;1.0
Cc1nc(N2CCN(C(=O)COc3ccc(F)cc3)CC2)cc(C(F)(F)F)n1;0.9886171038412634;1.0419197066309978;-0.16957679805484424;-0.3851146642402806;-0.4458020348823024;-1.5424960137979244;-0.6209838283181613;-0.49920768260333204;-0.24710536429033883;-0.030729254193150108;-0.48521256726432327;-0.4361122207682917;-0.15220388682955227;-0.40599897147057507;-0.18749999999999997;0.0
Cc1nc(N2CCN(C(=O)NC(C)C)CC2)c2cnn(-c3ccc(F)cc3)c2n1;-0.11958092821202199;1.4873858555291601;-0.16957679805484424;-0.3851146642402806;-1.5751643097199564;-0.9731903819644286;1.6103478937742153;0.364022567901614;-0.24710536429033883;-0.030729254193150108;-0.48521256726432327;-0.4361122207682917;-0.15220388682955227;-0.40599897147057507;-0.18749999999999997;1.0
Cc1nc(N2CCN(C(=O)c3ccc([N+](=O)[O-])cc3)CC2)c(C#N)c2c1COC(C)(C)C2;0.6434706174724192;1.5604961712880434;-0.16957679805484424;-0.3851146642402806;1.9366447060446763;0.7347265135360589;-0.6209838283181613;-0.49920768260333204;-0.24710536429033883;-0.030729254193150108;-0.48521256726432327;-0.4361122207682917;-0.15220388682955227;-0.40599897147057507;-0.18749999999999997;0.0
Cc1nc(N2CCN(C(=O)c3ccc4c(c3)OCO4)CC2)c2c3c(sc2n1)CCCC3;-2.244046982288991;1.8760209101325398;-0.16957679805484424;1.6258289027286723;-0.4458020348823024;0.16542088170256303;-0.6209838283181613;-0.49920768260333204;-0.24710536429033883;-0.030729254193150108;2.060952389667274;1.050315284101127;-0.15220388682955227;-0.40599897147057507;-0.18749999999999997;1.0
Cc1nc(N2CCN(C(=O)c3ccccc3)CC2)c(C#N)c2c1COC(C)(C)C2;-0.001862004616003085;1.9107438916650188;-0.16957679805484424;-0.3851146642402806;-0.4458020348823024;0.7347265135360589;-0.6209838283181613;-0.49920768260333204;-0.24710536429033883;-0.030729254193150108;-0.48521256726432327;-0.4361122207682917;-0.15220388682955227;-0.40599897147057507;-0.18749999999999997;1.0
Cc1nc(N2CCN(C(=O)c3ccccc3Cl)CC2)c2cnn(-c3ccccc3)c2n1;-1.355909583178265;1.2569324865228344;-0.16957679805484424;-0.3851146642402806;-0.4458020348823024;-0.4038847501309328;-0.6209838283181613;-0.49920768260333204;-0.24710536429033883;-0.030729254193150108;-0.48521256726432327;-0.4361122207682917;-0.15220388682955227;-0.40599897147057507;-0.18749999999999997;1.0
Cc1nc(N2CCN(C(=O)c3ccccc3F)CC2)c2c(C)nn(-c3ccccc3C)c2n1;-0.641973379289625;2.822307661352327;-0.16957679805484424;-0.3851146642402806;-0.4458020348823024;0.16542088170256303;-0.6209838283181613;-0.49920768260333204;-0.24710536429033883;-0.030729254193150108;-0.48521256726432327;-0.4361122207682917;-0.15220388682955227;-0.40599897147057507;-0.18749999999999997;1.0
Cc1nc(N2CCN(C(=O)c3ccco3)CC2)c2c3c(sc2n1)CCCC3;-1.920303031575906;2.554405026592705;-0.16957679805484424;-0.3851146642402806;-0.4458020348823024;-0.4038847501309328;-0.6209838283181613;-0.49920768260333204;-0.24710536429033883;-0.030729254193150108;-0.48521256726432327;-0.4361122207682917;-0.15220388682955227;-0.40599897147057507;-0.18749999999999997;1.0
Cc1nc(N2CCN(C(c3ccccc3)c3ccccc3)CC2)[nH]c(=O)c1C;-0.875676433896556;1.8036593730932466;-0.16957679805484424;-0.3851146642402806;1.8823664810226073;0.16542088170256303;-0.6209838283181613;-0.49920768260333204;-0.24710536429033883;-0.030729254193150108;-0.48521256726432327;-0.4361122207682917;-0.15220388682955227;-0.40599897147057507;-0.18749999999999997;0.0
Cc1nc(N2CCN(C)CC2)[nH]c(=O)c1Cc1ccc(Cl)cc1;0.17514815514189058;1.0833555023215606;-0.16957679805484424;-0.3851146642402806;0.728183504088674;-0.4038847501309328;-0.6209838283181613;-0.49920768260333204;-0.24710536429033883;-0.030729254193150108;-0.48521256726432327;-0.4361122207682917;-0.15220388682955227;-0.40599897147057507;-0.18749999999999997;1.0
Cc1nc(N2CCN(C)CC2)[nH]c(=O)c1Cc1ccccc1;-0.29071046421457947;0.8330242039387481;-0.16957679805484424;-0.3851146642402806;0.728183504088674;-0.4038847501309328;-0.6209838283181613;-0.49920768260333204;-0.24710536429033883;-0.030729254193150108;-0.48521256726432327;-0.4361122207682917;-0.15220388682955227;-0.40599897147057507;-0.18749999999999997;1.0
Cc1nc(N2CCN(C)CC2)[nH]c(=O)c1Cc1ccccc1Cl;0.17514815514189058;1.0001278442093928;4.3242083503985285;-0.3851146642402806;0.728183504088674;-0.4038847501309328;-0.6209838283181613;-0.49920768260333204;4.046856703705712;-0.030729254193150108;-0.48521256726432327;-0.4361122207682917;-0.15220388682955227;-0.40599897147057507;5.333333333333333;1.0
Cc1nc(N2CCN(C)CC2)c2nc(-c3ccccc3Cl)n(C3CCOCC3)c2n1;-1.3943393136513027;-1.5669643180755972;-0.16957679805484424;-0.3851146642402806;-1.5751643097199564;-0.9731903819644286;-0.6209838283181613;-0.49920768260333204;4.046856703705712;-0.030729254193150108;-0.48521256726432327;-0.4361122207682917;-0.15220388682955227;-0.40599897147057507;-0.18749999999999997;1.0
Cc1nc(N2CCN(C)CC2)c2oc3ccc(Cl)cc3c2n1;-1.0591288243264656;-0.08892322602571616;-0.16957679805484424;-0.3851146642402806;-1.5751643097199564;-0.9731903819644286;-0.6209838283181613;-0.49920768260333204;-0.24710536429033883;-0.030729254193150108;-0.48521256726432327;-0.4361122207682917;-0.15220388682955227;-0.40599897147057507;-0.18749999999999997;1.0
Cc1nc(N2CCN(C)CC2)cc(N2CCN(C(=O)Nc3ccccc3)CC2)n1;-0.8524813040721054;0.057701252610787096;-0.16957679805484424;-0.3851146642402806;-1.5751643097199564;-1.5424960137979244;-0.6209838283181613;-0.49920768260333204;-0.24710536429033883;-0.030729254193150108;-0.48521256726432327;-0.4361122207682917;-0.15220388682955227;-0.40599897147057507;-0.18749999999999997;1.0
Cc1nc(N2CCN(C)CC2)cc(N2CCN(C(=O)c3ccc(Br)o3)CC2)n1;-0.4961387392547461;-0.18994343750002898;-0.16957679805484424;-0.3851146642402806;-0.4458020348823024;-1.5424960137979244;-0.6209838283181613;-0.49920768260333204;-0.24710536429033883;-0.030729254193150108;-0.48521256726432327;-0.4361122207682917;-0.15220388682955227;-0.40599897147057507;-0.18749999999999997;0.0
Cc1nc(N2CCN(C)CC2)cc(N2CCN(C(=O)c3ccc(Cl)cc3)CC2)n1;-0.4860311161420673;0.6394932973488947;4.3242083503985285;-0.3851146642402806;-0.4458020348823024;-0.9731903819644286;-0.6209838283181613;-0.49920768260333204;4.046856703705712;-0.030729254193150108;-0.48521256726432327;-0.4361122207682917;-0.15220388682955227;-0.40599897147057507;5.333333333333333;0.0
Cc1nc(N2CCN(C)CC2)cc(N2CCN(C(=O)c3ccc4c(c3)OCO4)CC2)n1;-1.3559095831782724;0.25548524502674963;-0.16957679805484424;1.6258289027286723;-0.4458020348823024;-0.9731903819644286;-0.6209838283181613;-0.49920768260333204;-0.24710536429033883;-0.030729254193150108;2.060952389667274;1.050315284101127;-0.15220388682955227;-0.40599897147057507;-0.18749999999999997;0.0
Cc1nc(N2CCN(C)CC2)cc(N2CCN(S(=O)(=O)c3cc(C)c(C)cc3C)CC2)n1;0.6434706174724192;0.8368229195061629;-0.16957679805484424;-0.3851146642402806;-1.5751643097199564;0.16542088170256303;-0.6209838283181613;-0.49920768260333204;-0.24710536429033883;-0.030729254193150108;-0.48521256726432327;-0.4361122207682917;-0.15220388682955227;-0.40599897147057507;-0.18749999999999997;0.0
Cc1nc(N2CCN(C)CC2)cc(N2CCN(S(=O)(=O)c3ccccc3)CC2)n1;-0.36831219254605563;1.018486543825704;-0.16957679805484424;-0.3851146642402806;-1.5751643097199564;-1.5424960137979244;-0.6209838283181613;-0.49920768260333204;-0.24710536429033883;-0.030729254193150108;-0.48521256726432327;-0.4361122207682917;-0.15220388682955227;-0.40599897147057507;-0.18749999999999997;1.0
Cc1nc(N2CCN(C)CC2)nc2c1C(=O)CC(c1ccco1)C2;-0.9877862280481674;-0.10725549421420963;-0.16957679805484424;-0.3851146642402806;-0.4458020348823024;-0.9731903819644286;-0.6209838283181613;-0.49920768260333204;-0.24710536429033883;-0.030729254193150108;-0.48521256726432327;-0.4361122207682917;-0.15220388682955227;-0.40599897147057507;-0.18749999999999997;1.0
Cc1nc(N2CCN(C)CC2)nc2c1Nc1ccccc1S2;-1.5421767993251518;0.7970224080545372;-0.16957679805484424;-0.3851146642402806;-1.5751643097199564;-1.5424960137979244;-0.6209838283181613;-0.49920768260333204;-0.24710536429033883;-0.030729254193150108;-0.48521256726432327;-0.4361122207682917;-0.15220388682955227;-0.40599897147057507;-0.18749999999999997;1.0
Cc1nc(N2CCN(C)CC2)ncc1-c1cc(=O)[nH]c(Nc2cc(Cl)cc(Cl)c2)n1;-0.12236215290451173;0.8823336778150298;-0.16957679805484424;-0.3851146642402806;0.728183504088674;-0.9731903819644286;-0.6209838283181613;-0.49920768260333204;4.046856703705712;-0.030729254193150108;-0.48521256726432327;-0.4361122207682917;-0.15220388682955227;-0.40599897147057507;-0.18749999999999997;1.0
Cc1nc(N2CCN(C)CC2)ncc1C(=O)N1CCN(c2ccccc2)CC1;-0.8756764338965705;1.5723691511715006;-0.16957679805484424;-0.3851146642402806;-0.4458020348823024;-0.9731903819644286;-0.6209838283181613;-0.49920768260333204;-0.24710536429033883;-0.030729254193150108;-0.48521256726432327;-0.4361122207682917;-0.15220388682955227;-0.40599897147057507;-0.18749999999999997;0.0
Cc1nc(N2CCN(C)CC2)ncc1C(=O)NCCCc1ccccc1;-0.27721926494878907;0.7833957185615678;-0.16957679805484424;-0.3851146642402806;-0.4458020348823024;-0.4038847501309328;-0.6209838283181613;-0.49920768260333204;-0.24710536429033883;-0.030729254193150108;-0.48521256726432327;-0.4361122207682917;-0.15220388682955227;-0.40599897147057507;-0.18749999999999997;1.0
Cc1nc(N2CCN(C)CC2)ncc1C(=O)NCc1ccccc1Cl;0.14489488921158455;-0.11828164502496809;4.3242083503985285;-0.3851146642402806;-0.4458020348823024;-0.4038847501309328;-0.6209838283181613;-0.49920768260333204;-0.24710536429033883;-0.030729254193150108;-0.48521256726432327;-0.4361122207682917;-0.15220388682955227;-0.40599897147057507;5.333333333333333;1.0
Cc1nc(N2CCN(C)CC2)ncc1C(=O)NCc1cccs1;-0.2868977339872869;-0.5944659490819004;-0.16957679805484424;-0.3851146642402806;-0.4458020348823024;-0.9731903819644286;-0.6209838283181613;-0.49920768260333204;-0.24710536429033883;-0.030729254193150108;-0.48521256726432327;-0.4361122207682917;-0.15220388682955227;-0.40599897147057507;-0.18749999999999997;1.0
Cc1nc(N2CCN(C)CC2)ncc1C(=O)Nc1ccc(Cl)cc1;0.15939124580318756;0.6482326557697355;-0.16957679805484424;-0.3851146642402806;-0.4458020348823024;-0.9731903819644286;-0.6209838283181613;-0.49920768260333204;-0.24710536429033883;-0.030729254193150108;-0.48521256726432327;-0.4361122207682917;-0.15220388682955227;-0.40599897147057507;-0.18749999999999997;1.0
Cc1nc(N2CCN(C)CC2)ncc1C(=O)Nc1cccc(Cl)c1C;0.5699771072104345;-0.1511458359581287;4.3242083503985285;-0.3851146642402806;-0.4458020348823024;-0.4038847501309328;-0.6209838283181613;-0.49920768260333204;-0.24710536429033883;-0.030729254193150108;-0.48521256726432327;-0.4361122207682917;-0.15220388682955227;-0.40599897147057507;5.333333333333333;1.0
Cc1nc(N2CCN(CCO)CC2)nc2c1C(=O)CC(C)C2;0.19233751078410677;0.22320011241067542;-0.16957679805484424;-0.3851146642402806;0.708380942051631;-0.9731903819644286;-0.6209838283181613;-0.49920768260333204;-0.24710536429033883;-0.030729254193150108;-0.48521256726432327;-0.4361122207682917;-0.15220388682955227;-0.40599897147057507;-0.18749999999999997;0.0
Cc1nc(N2CCN(Cc3ccc4c(c3)OCO4)CC2)[nH]c(=O)c1CC#N;-0.9005897214858086;0.4341520545820418;-0.16957679805484424;1.6258289027286723;1.8823664810226073;-0.4038847501309328;-0.6209838283181613;-0.49920768260333204;-0.24710536429033883;-0.030729254193150108;-0.48521256726432327;-0.4361122207682917;-0.15220388682955227;-0.40599897147057507;-0.18749999999999997;0.0
Cc1nc(N2CCN(Cc3ccc4c(c3)OCO4)CC2)[nH]c(=O)c1CCC(C)C;-0.48603111614205285;1.033462749057429;-0.16957679805484424;1.6258289027286723;1.8823664810226073;-0.4038847501309328;-0.6209838283181613;-0.49920768260333204;-0.24710536429033883;-0.030729254193150108;-0.48521256726432327;-0.4361122207682917;-0.15220388682955227;-0.40599897147057507;-0.18749999999999997;0.0
Cc1nc(N2CCN(Cc3ccc4c(c3)OCO4)CC2)[nH]c(=O)c1Cc1ccccc1Cl;-1.3198817108597782;1.1218452597340804;4.3242083503985285;1.6258289027286723;1.8823664810226073;0.16542088170256303;-0.6209838283181613;-0.49920768260333204;4.046856703705712;-0.030729254193150108;-0.48521256726432327;-0.4361122207682917;-0.15220388682955227;-0.40599897147057507;5.333333333333333;0.0
Cc1nc(N2CCN(Cc3ccc4c(c3)OCO4)CC2)nc2c1C(=O)CC(c1ccco1)C2;-2.1203482360282524;0.10543129920415799;-0.16957679805484424;1.6258289027286723;0.708380942051631;-0.4038847501309328;-0.6209838283181613;-0.49920768260333204;-0.24710536429033883;-0.030729254193150108;-0.48521256726432327;-0.4361122207682917;-0.15220388682955227;-0.40599897147057507;-0.18749999999999997;0.0
Cc1nc(N2CCN(Cc3ccccc3)CC2)[nH]c(=O)c1C;-0.29071046421457947;1.0438800218662558;-0.16957679805484424;-0.3851146642402806;1.8823664810226073;-0.4038847501309328;-0.6209838283181613;-0.49920768260333204;-0.24710536429033883;-0.030729254193150108;-0.48521256726432327;-0.4361122207682917;-0.15220388682955227;-0.40599897147057507;-0.18749999999999997;1.0
Cc1nc(N2CCN(Cc3ccccc3)CC2)[nH]c(=O)c1CCC(C)C;0.131513636973184;1.4973245157824007;-0.16957679805484424;-0.3851146642402806;1.8823664810226073;-0.4038847501309328;-0.6209838283181613;-0.49920768260333204;-0.24710536429033883;-0.030729254193150108;-0.48521256726432327;-0.4361122207682917;-0.15220388682955227;-0.40599897147057507;-0.18749999999999997;1.0
Cc1nc(N2CCN(Cc3ccccc3)CC2)[nH]c(=O)c1Cc1ccc(C(C)(C)C)cc1;-0.02072034815077351;2.4301362947299983;-0.16957679805484424;-0.3851146642402806;1.8823664810226073;0.7347265135360589;-0.6209838283181613;-0.49920768260333204;-0.24710536429033883;-0.030729254193150108;-0.48521256726432327;-0.4361122207682917;-0.15220388682955227;-0.40599897147057507;-0.18749999999999997;1.0
Cc1nc(N2CCN(c3ccc(Cl)cc3)CC2)[nH]c(=O)c1Cc1ccccc1;-0.8756764338965705;0.9254651397106889;-0.16957679805484424;-0.3851146642402806;0.728183504088674;-0.4038847501309328;-0.6209838283181613;-0.49920768260333204;-0.24710536429033883;-0.030729254193150108;-0.48521256726432327;-0.4361122207682917;-0.15220388682955227;-0.40599897147057507;-0.18749999999999997;0.0
Cc1nc(N2CCN(c3ccc(F)cc3)CC2)nc2c1C(=O)CCC2;-0.956395485685722;1.4723596924998281;-0.16957679805484424;-0.3851146642402806;-0.4458020348823024;-0.9731903819644286;-0.6209838283181613;-0.49920768260333204;-0.24710536429033883;-0.030729254193150108;-0.48521256726432327;-0.4361122207682917;-0.15220388682955227;-0.40599897147057507;-0.18749999999999997;1.0
Cc1nc(N2CCN(c3ccccc3)CC2)[nH]c(=O)c1Cc1ccc(C(C)(C)C)cc1;-0.014839789414122334;2.6496500719681846;-0.16957679805484424;-0.3851146642402806;0.728183504088674;0.16542088170256303;-0.6209838283181613;-0.49920768260333204;-0.24710536429033883;-0.030729254193150108;-0.48521256726432327;-0.4361122207682917;-0.15220388682955227;-0.40599897147057507;-0.18749999999999997;1.0
Cc1nc(N2CCN(c3ccccc3)CC2)[nH]c(=O)c1Cc1ccc(C(C)C)cc1;-0.4765973345702116;2.192316102192566;-0.16957679805484424;-0.3851146642402806;0.728183504088674;0.16542088170256303;-0.6209838283181613;-0.49920768260333204;-0.24710536429033883;-0.030729254193150108;-0.48521256726432327;-0.4361122207682917;-0.15220388682955227;-0.40599897147057507;-0.18749999999999997;0.0
Cc1nc(N2CCN(c3ccccn3)CC2)c2c(C)c(C(=O)Nc3ccc(F)c(Cl)c3)sc2n1;-0.6290629172218996;4.270838108309725;4.3242083503985285;-0.3851146642402806;-0.4458020348823024;-0.4038847501309328;-0.6209838283181613;-0.49920768260333204;-0.24710536429033883;-0.030729254193150108;-0.48521256726432327;-0.4361122207682917;-0.15220388682955227;-0.40599897147057507;5.333333333333333;0.0
Cc1nc(N2CCN(c3ccccn3)CC2)nc2c1C(=O)CC(C)C2;-0.956395485685722;1.050565365722391;-0.16957679805484424;-0.3851146642402806;-0.4458020348823024;-0.9731903819644286;-0.6209838283181613;-0.49920768260333204;-0.24710536429033883;-0.030729254193150108;-0.48521256726432327;-0.4361122207682917;-0.15220388682955227;-0.40599897147057507;-0.18749999999999997;0.0
Cc1nc(N2CCN(c3ccccn3)CC2)nc2c1C(=O)CC(c1ccccc1)C2;-1.748574495317017;0.8531974098229527;-0.16957679805484424;-0.3851146642402806;-0.4458020348823024;-0.4038847501309328;-0.6209838283181613;-0.49920768260333204;-0.24710536429033883;-0.030729254193150108;-0.48521256726432327;-0.4361122207682917;-0.15220388682955227;-0.40599897147057507;-0.18749999999999997;1.0
Cc1nc(N2CCN(c3ccccn3)CC2)nc2c1C(=O)CC(c1cccs1)C2;-1.801869558293911;0.7009512313882779;-0.16957679805484424;-0.3851146642402806;-0.4458020348823024;-0.9731903819644286;-0.6209838283181613;-0.49920768260333204;-0.24710536429033883;-0.030729254193150108;-0.48521256726432327;-0.4361122207682917;-0.15220388682955227;-0.40599897147057507;-0.18749999999999997;1.0
Cc1nc(N2CCN(c3ncccn3)CC2)[nH]c(=O)c1C;-0.2948863116063802;1.0078864903680573;-0.16957679805484424;-0.3851146642402806;0.728183504088674;-0.9731903819644286;-0.6209838283181613;-0.49920768260333204;-0.24710536429033883;-0.030729254193150108;-0.48521256726432327;-0.4361122207682917;-0.15220388682955227;-0.40599897147057507;-0.18749999999999997;1.0
Cc1nc(N2CCOCC2)c2c(C(=O)N3CCN(c4ccccc4)CC3)c(C)oc2n1;-1.355909583178258;2.905336063199359;-0.16957679805484424;-0.3851146642402806;-0.4458020348823024;-0.4038847501309328;-0.6209838283181613;-0.49920768260333204;-0.24710536429033883;-0.030729254193150108;-0.48521256726432327;-0.4361122207682917;-0.15220388682955227;-0.40599897147057507;-0.18749999999999997;1.0
Cc1nc(N2CCOCC2)c2c(C(=O)N3CCN(c4ccccc4F)CC3)c(C)oc2n1;-0.9877862280481818;2.8769462092903915;-0.16957679805484424;-0.3851146642402806;-0.4458020348823024;-0.4038847501309328;1.6103478937742153;0.364022567901614;-0.24710536429033883;-0.030729254193150108;-0.48521256726432327;-0.4361122207682917;-0.15220388682955227;-0.40599897147057507;-0.18749999999999997;1.0
Cc1nc(N2CCOCC2)c2c(C(=O)NC3CCCCCC3)c(C)oc2n1;-0.9005897214858086;1.0614852078708963;-0.16957679805484424;-0.3851146642402806;-0.4458020348823024;-0.4038847501309328;-0.6209838283181613;-0.49920768260333204;-0.24710536429033883;-0.030729254193150108;-0.48521256726432327;-0.4361122207682917;-0.15220388682955227;-0.40599897147057507;-0.18749999999999997;0.0
Cc1nc(N2CCOCC2)c2c(C(=O)Nc3ccc(Br)cc3F)c(C)oc2n1;-0.11660104461290725;3.534441133631162;-0.16957679805484424;-0.3851146642402806;-0.4458020348823024;-0.4038847501309328;-0.6209838283181613;-0.49920768260333204;-0.24710536429033883;-0.030729254193150108;-0.48521256726432327;-0.4361122207682917;-0.15220388682955227;-0.40599897147057507;-0.18749999999999997;1.0
Cc1nc(N2CCOCC2)c2c(C(=O)Nc3ccc(F)cc3Cl)c(C)oc2n1;-0.11660104461290725;1.6711264099408663;-0.16957679805484424;-0.3851146642402806;-0.4458020348823024;-0.4038847501309328;-0.6209838283181613;-0.49920768260333204;-0.24710536429033883;-0.030729254193150108;-0.48521256726432327;-0.4361122207682917;-0.15220388682955227;-0.40599897147057507;-0.18749999999999997;1.0
Cc1nc(N2CCOCC2)c2c(C(=O)Nc3cccc(F)c3)c(C)oc2n1;-0.5069950751905825;2.017309943584202;-0.16957679805484424;-0.3851146642402806;-0.4458020348823024;-0.4038847501309328;-0.6209838283181613;-0.49920768260333204;-0.24710536429033883;-0.030729254193150108;-0.48521256726432327;-0.4361122207682917;-0.15220388682955227;2.463060426921489;-0.18749999999999997;0.0
Cc1nc(N2CCOCC2)c2c(C(=O)Nc3ccccc3)c(C)oc2n1;-0.9274194158126849;2.089016225425651;-0.16957679805484424;-0.3851146642402806;-0.4458020348823024;-0.4038847501309328;-0.6209838283181613;-0.49920768260333204;-0.24710536429033883;-0.030729254193150108;-0.48521256726432327;-0.4361122207682917;-0.15220388682955227;-0.40599897147057507;-0.18749999999999997;1.0
Cc1nc(N2CCOCC2)c2c(C(=O)Nc3ccccc3Cl)c(C)oc2n1;-0.5069950751905825;1.7322784238038358;-0.16957679805484424;-0.3851146642402806;-0.4458020348823024;-0.4038847501309328;-0.6209838283181613;-0.49920768260333204;-0.24710536429033883;-0.030729254193150108;-0.48521256726432327;-0.4361122207682917;-0.15220388682955227;-0.40599897147057507;-0.18749999999999997;0.0
Cc1nc(N2CCOCC2)c2c(C(=O)Nc3cccnc3Cl)c(C)oc2n1;-0.5069950751905825;2.182698548110737;-0.16957679805484424;-0.3851146642402806;-0.4458020348823024;-0.4038847501309328;-0.6209838283181613;-0.49920768260333204;-0.24710536429033883;-0.030729254193150108;-0.48521256726432327;-0.4361122207682917;-0.15220388682955227;-0.40599897147057507;-0.18749999999999997;0.0
Cc1nc(N2CCOCC2)cc(N2CCN(C(=O)C(C)(C)C)CC2)n1;0.7065310585817979;-0.04225959433949343;-0.16957679805484424;-0.3851146642402806;-0.4458020348823024;-1.5424960137979244;-0.6209838283181613;-0.49920768260333204;-0.24710536429033883;-0.030729254193150108;-0.48521256726432327;-0.4361122207682917;-0.15220388682955227;-0.40599897147057507;-0.18749999999999997;1.0
Cc1nc(N2CCOCC2)cc(N2CCN(C(=O)C(C)C)CC2)n1;0.15939124580318756;-0.026386045457168737;-0.16957679805484424;-0.3851146642402806;-0.4458020348823024;-1.5424960137979244;-0.6209838283181613;-0.49920768260333204;-0.24710536429033883;-0.030729254193150108;-0.48521256726432327;-0.4361122207682917;-0.15220388682955227;-0.40599897147057507;-0.18749999999999997;1.0
Cc1nc(N2CCOCC2)cc(N2CCN(C(=O)Nc3ccc(F)cc3)CC2)n1;-0.8524813040721054;0.24491117789121908;-0.16957679805484424;-0.3851146642402806;-1.5751643097199564;-1.5424960137979244;-0.6209838283181613;-0.49920768260333204;-0.24710536429033883;-0.030729254193150108;-0.48521256726432327;-0.4361122207682917;-0.15220388682955227;-0.40599897147057507;-0.18749999999999997;1.0
Cc1nc(N2CCOCC2)cc(N2CCN(C(=O)Nc3ccc4c(c3)OCCO4)CC2)n1;-1.651977193671389;0.48012699528203134;-0.16957679805484424;-0.3851146642402806;-1.5751643097199564;-1.5424960137979244;-0.6209838283181613;-0.49920768260333204;-0.24710536429033883;-0.030729254193150108;2.060952389667274;1.050315284101127;-0.15220388682955227;-0.40599897147057507;-0.18749999999999997;1.0
Cc1nc(N2CCOCC2)cc(N2CCN(C(=O)Nc3ccc4ccccc4c3)CC2)n1;-1.6519771936713818;0.7205386304946779;-0.16957679805484424;-0.3851146642402806;-1.5751643097199564;-0.4038847501309328;-0.6209838283181613;-0.49920768260333204;-0.24710536429033883;-0.030729254193150108;-0.48521256726432327;-0.4361122207682917;-0.15220388682955227;-0.40599897147057507;-0.18749999999999997;1.0
Cc1nc(N2CCOCC2)cc(N2CCN(C(=O)Nc3cccc(F)c3)CC2)n1;-0.8524813040720981;0.3021795520219703;-0.16957679805484424;-0.3851146642402806;-1.5751643097199564;-1.5424960137979244;1.6103478937742153;0.364022567901614;-0.24710536429033883;-0.030729254193150108;-0.48521256726432327;-0.4361122207682917;-0.15220388682955227;2.463060426921489;-0.18749999999999997;1.0
Cc1nc(N2CCOCC2)cc(N2CCN(C(=O)Nc3ccccc3)CC2)n1;-1.2552141285383949;0.3013005283792476;-0.16957679805484424;-0.3851146642402806;-1.5751643097199564;-1.5424960137979244;-0.6209838283181613;-0.49920768260333204;-0.24710536429033883;-0.030729254193150108;-0.48521256726432327;-0.4361122207682917;-0.15220388682955227;-0.40599897147057507;-0.18749999999999997;0.0
Cc1nc(N2CCOCC2)cc(N2CCN(C(=O)Nc3ccccc3Cl)CC2)n1;-0.8524813040720981;-0.28146788163296693;-0.16957679805484424;-0.3851146642402806;-1.5751643097199564;-1.5424960137979244;-0.6209838283181613;-0.49920768260333204;-0.24710536429033883;-0.030729254193150108;-0.48521256726432327;-0.4361122207682917;-0.15220388682955227;-0.40599897147057507;-0.18749999999999997;1.0
Cc1nc(N2CCOCC2)cc(N2CCN(C(=O)c3ccc4c(c3)OCO4)CC2)n1;-1.748574495317017;0.4946307766494486;-0.16957679805484424;1.6258289027286723;-0.4458020348823024;-0.9731903819644286;-0.6209838283181613;-0.49920768260333204;-0.24710536429033883;-0.030729254193150108;2.060952389667274;1.050315284101127;-0.15220388682955227;-0.40599897147057507;-0.18749999999999997;1.0
Cc1nc(N2CCOCC2)cc(N2CCN(C(=O)c3cccs3)CC2)n1;-1.336152317734658;1.7701337895420977;-0.16957679805484424;-0.3851146642402806;-0.4458020348823024;-1.5424960137979244;-0.6209838283181613;-0.49920768260333204;-0.24710536429033883;-0.030729254193150108;-0.48521256726432327;-0.4361122207682917;-0.15220388682955227;-0.40599897147057507;-0.18749999999999997;1.0
Cc1nc(N2CCOCC2)cc(N2CCN(S(=O)(=O)c3cc(C(C)C)ccc3C)CC2)n1;0.31137513466082284;1.4391621867250777;-0.16957679805484424;-0.3851146642402806;-1.5751643097199564;-0.4038847501309328;-0.6209838283181613;-0.49920768260333204;-0.24710536429033883;-0.030729254193150108;-0.48521256726432327;-0.4361122207682917;-0.15220388682955227;-0.40599897147057507;-0.18749999999999997;1.0
Cc1nc(N2CCOCC2)cc(N2CCN(S(=O)(=O)c3ccc(C)c(C)c3)CC2)n1;-0.008567193428365903;0.25506245642926884;-0.16957679805484424;-0.3851146642402806;-1.5751643097199564;-0.4038847501309328;-0.6209838283181613;-0.49920768260333204;-0.24710536429033883;-0.030729254193150108;-0.48521256726432327;-0.4361122207682917;-0.15220388682955227;-0.40599897147057507;-0.18749999999999997;1.0
Cc1nc(N2CCOCC2)cc(N2CCN(S(=O)(=O)c3ccc(Cl)cc3)CC2)n1;-0.3683121925460484;1.1650925315505718;8.817993498851902;-0.3851146642402806;-1.5751643097199564;-1.5424960137979244;-0.6209838283181613;-0.49920768260333204;4.046856703705712;-0.030729254193150108;-0.48521256726432327;-0.4361122207682917;-0.15220388682955227;-0.40599897147057507;5.333333333333333;1.0
Cc1nc(N2CCOCC2)cc(N2CCN(S(=O)(=O)c3ccc4c(c3)OCCO4)CC2)n1;-1.2131989363509006;1.0777460227670497;-0.16957679805484424;-0.3851146642402806;-1.5751643097199564;-1.5424960137979244;-0.6209838283181613;-0.49920768260333204;-0.24710536429033883;-0.030729254193150108;2.060952389667274;2.536742788970546;-0.15220388682955227;-0.40599897147057507;-0.18749999999999997;1.0
Cc1nc(N2CCOCC2)cc(N2CCN(S(=O)(=O)c3ccccc3)CC2)n1;-0.7537532630292714;1.2932735611996629;-0.16957679805484424;-0.3851146642402806;-1.5751643097199564;-1.5424960137979244;-0.6209838283181613;-0.49920768260333204;-0.24710536429033883;-0.030729254193150108;-0.48521256726432327;-0.4361122207682917;-0.15220388682955227;-0.40599897147057507;-0.18749999999999997;1.0
Cc1nc(N2CCOCC2)cc(N2CCN(S(=O)(=O)c3ccccc3F)CC2)n1;-0.3683121925460484;1.2569032265399842;-0.16957679805484424;-0.3851146642402806;-1.5751643097199564;-1.5424960137979244;-0.6209838283181613;-0.49920768260333204;-0.24710536429033883;-0.030729254193150108;-0.48521256726432327;-0.4361122207682917;-0.15220388682955227;-0.40599897147057507;-0.18749999999999997;1.0
Cc1nc(N2CCOCC2)nc(Nc2ccc(Cl)cc2)c1[N+](=O)[O-];0.1593912458031948;1.3117419879600063;-0.16957679805484424;-0.3851146642402806;0.807282431207023;-1.5424960137979244;-0.6209838283181613;-0.49920768260333204;-0.24710536429033883;-0.030729254193150108;-0.48521256726432327;-0.4361122207682917;-0.15220388682955227;-0.40599897147057507;-0.18749999999999997;1.0
Cc1nc(N2CCOCC2)ncc1-c1cc(=O)[nH]c(N2CCN(C)CC2)n1;-0.9005897214858158;-0.05933626935440846;-0.16957679805484424;-0.3851146642402806;0.728183504088674;-0.9731903819644286;-0.6209838283181613;-0.49920768260333204;-0.24710536429033883;-0.030729254193150108;-0.48521256726432327;-0.4361122207682917;-0.15220388682955227;-0.40599897147057507;-0.18749999999999997;1.0
Cc1nc(N2CCOCC2)ncc1-c1cc(=O)[nH]c(N2CCN(Cc3ccccc3)CC2)n1;-1.6080693292870047;0.5019778425993926;-0.16957679805484424;-0.3851146642402806;1.8823664810226073;-0.4038847501309328;-0.6209838283181613;-0.49920768260333204;-0.24710536429033883;-0.030729254193150108;-0.48521256726432327;-0.4361122207682917;-0.15220388682955227;-0.40599897147057507;-0.18749999999999997;1.0
Cc1nc(N2CCOCC2)ncc1-c1cc(=O)[nH]c(NCc2ccccc2)n1;-1.2552141285383949;0.9951054898536793;-0.16957679805484424;-0.3851146642402806;0.728183504088674;-0.4038847501309328;-0.6209838283181613;-0.49920768260333204;-0.24710536429033883;-0.030729254193150108;-0.48521256726432327;-0.4361122207682917;-0.15220388682955227;-0.40599897147057507;-0.18749999999999997;1.0
Cc1nc(N2CCOCC2)ncc1-c1cc(=O)[nH]c(Nc2cc(Cl)cc(Cl)c2)n1;-0.48603111614206007;1.4003037033102737;-0.16957679805484424;-0.3851146642402806;0.728183504088674;-0.9731903819644286;-0.6209838283181613;-0.49920768260333204;4.046856703705712;-0.030729254193150108;-0.48521256726432327;-0.4361122207682917;-0.15220388682955227;-0.40599897147057507;-0.18749999999999997;0.0
Cc1nc(N2CCOCC2)ncc1-c1cc(=O)[nH]c(Nc2ccccc2Cl)n1;-0.8756764338965632;0.9996142263285758;-0.16957679805484424;-0.3851146642402806;0.728183504088674;-0.9731903819644286;-0.6209838283181613;-0.49920768260333204;-0.24710536429033883;-0.030729254193150108;-0.48521256726432327;-0.4361122207682917;-0.15220388682955227;-0.40599897147057507;-0.18749999999999997;0.0
Cc1nc(N2CCOCC2)ncc1-c1ccnc(N2CCOCC2)n1;-1.8065599216834074;-0.07083280700535716;-0.16957679805484424;-0.3851146642402806;-1.5751643097199564;-0.9731903819644286;-0.6209838283181613;-0.49920768260333204;-0.24710536429033883;-0.030729254193150108;-0.48521256726432327;-0.4361122207682917;-0.15220388682955227;-0.40599897147057507;-0.18749999999999997;1.0
Cc1nc(N2CCOCC2)ncc1C(=O)O;0.732979982728865;0.3468962472306263;-0.16957679805484424;-0.3851146642402806;-1.5751643097199564;-0.9731903819644286;-0.6209838283181613;-0.49920768260333204;-0.24710536429033883;-0.030729254193150108;-0.48521256726432327;-0.4361122207682917;-0.15220388682955227;-0.40599897147057507;-0.18749999999999997;0.0
Cc1nc(N2CCc3ccccc32)nc2c1C(=O)CC(c1ccccc1O)C2;-1.4794337168416176;-0.8386659500399186;-0.16957679805484424;1.6258289027286723;-0.4458020348823024;0.16542088170256303;-0.6209838283181613;-0.49920768260333204;-0.24710536429033883;-0.030729254193150108;2.060952389667274;1.050315284101127;-0.15220388682955227;-0.40599897147057507;-0.18749999999999997;1.0
Cc1nc(N2CCc3ccccc3C2)[nH]c(=O)c1Cc1ccccc1;-1.3814777036845647;0.7622357878674487;-0.16957679805484424;-0.3851146642402806;0.728183504088674;0.7347265135360589;-0.6209838283181613;-0.49920768260333204;-0.24710536429033883;-0.030729254193150108;-0.48521256726432327;-0.4361122207682917;-0.15220388682955227;-0.40599897147057507;-0.18749999999999997;1.0
Cc1nc(N2CCc3ccccc3C2)nc2oc(-c3ccccc3)nc12;-2.3950853705205124;-0.018472784188520233;-0.16957679805484424;-0.3851146642402806;-1.5751643097199564;0.16542088170256303;-0.6209838283181613;-0.49920768260333204;-0.24710536429033883;-0.030729254193150108;-0.48521256726432327;-0.4361122207682917;-0.15220388682955227;-0.40599897147057507;-0.18749999999999997;1.0
Cc1nc(NC(=N)N2CCC(Cc3ccccc3)CC2)[nH]c(=O)c1CCc1ccccc1;-0.7915940882828656;-0.4317181628530861;-0.16957679805484424;-0.3851146642402806;3.254730039419243;0.16542088170256303;-0.6209838283181613;-0.49920768260333204;-0.24710536429033883;-0.030729254193150108;-0.48521256726432327;-0.4361122207682917;-0.15220388682955227;-0.40599897147057507;-0.18749999999999997;1.0
Cc1nc(NC(=O)C(C)n2ncc(Br)c2C)sc1C;2.2631470035060235;0.126107195518015;-0.16957679805484424;-0.3851146642402806;0.657005475036045;-1.5424960137979244;-0.6209838283181613;-0.49920768260333204;-0.24710536429033883;32.54228019054596;-0.48521256726432327;-0.4361122207682917;-0.15220388682955227;-0.40599897147057507;-0.18749999999999997;0.0
Cc1nc(NC(=O)C2CC(=O)N(c3n[nH]c4ccccc34)C2)sc1C;-0.531313267686872;-0.3825360608242578;-0.16957679805484424;1.6258289027286723;3.0387473314941382;-0.9731903819644286;-0.6209838283181613;-0.49920768260333204;-0.24710536429033883;-0.030729254193150108;-0.48521256726432327;-0.4361122207682917;-0.15220388682955227;-0.40599897147057507;-0.18749999999999997;0.0
Cc1nc(NC(=O)C2CC(=O)OC2(C)C)sc1C;2.5898144177714313;-1.3671611081142148;-0.16957679805484424;1.6258289027286723;0.6835602399553516;-1.5424960137979244;-0.6209838283181613;-0.49920768260333204;-0.24710536429033883;-0.030729254193150108;-0.48521256726432327;-0.4361122207682917;6.5701344481423405;-0.40599897147057507;-0.18749999999999997;0.0
Cc1nc(NC(=O)C2CC2c2ccc(C(C)(C)C)cc2)sc1C(=O)N(C)C;1.8199410176475797;-1.3822050577567924;-0.16957679805484424;-0.3851146642402806;0.6835602399553516;-0.4038847501309328;-0.6209838283181613;-0.49920768260333204;-0.24710536429033883;-0.030729254193150108;-0.48521256726432327;-0.4361122207682917;-0.15220388682955227;-0.40599897147057507;-0.18749999999999997;0.0
Cc1nc(NC(=O)C2CCN(c3ccc4nnc(C(C)C)n4n3)CC2)sc1C;-0.11660104461291448;-1.90431636292847;-0.16957679805484424;-0.3851146642402806;-0.4458020348823024;-1.5424960137979244;-0.6209838283181613;-0.49920768260333204;-0.24710536429033883;-0.030729254193150108;-0.48521256726432327;-0.4361122207682917;-0.15220388682955227;-0.40599897147057507;-0.18749999999999997;1.0
Cc1nc(NC(=O)CC2NC(=O)N(CCc3c[nH]c4ccccc34)C2=O)sc1C;-0.11958092821201476;0.2948160986598685;-0.16957679805484424;1.6258289027286723;1.8377432168892844;-0.4038847501309328;-0.6209838283181613;-0.49920768260333204;-0.24710536429033883;-0.030729254193150108;2.060952389667274;1.050315284101127;-0.15220388682955227;-0.40599897147057507;-0.18749999999999997;0.0
Cc1nc(NC(=O)CCC2CCCC2)sc1C(=O)N(C)C;1.5222239180318908;-0.048468099528958614;-0.16957679805484424;-0.3851146642402806;0.6835602399553516;-1.5424960137979244;-0.6209838283181613;-0.49920768260333204;-0.24710536429033883;-0.030729254193150108;-0.48521256726432327;-0.4361122207682917;-0.15220388682955227;-0.40599897147057507;-0.18749999999999997;0.0
Cc1nc(NC(=O)CCC2NC(=O)N(Cc3ccc4c(c3)OCO4)C2=O)sc1C;-0.11958092821201476;-0.24552651654373722;-0.16957679805484424;3.636772469697625;1.8377432168892844;-0.9731903819644286;-0.6209838283181613;-0.49920768260333204;-0.24710536429033883;-0.030729254193150108;2.060952389667274;1.050315284101127;-0.15220388682955227;-0.40599897147057507;-0.18749999999999997;0.0
Cc1nc(NC(=O)CCCn2sc3ccccc3c2=O)sc1C;0.17514815514189058;1.339579875668262;-0.16957679805484424;-0.3851146642402806;1.6155592251403879;-0.9731903819644286;-0.6209838283181613;-0.49920768260333204;-0.24710536429033883;-0.030729254193150108;-0.48521256726432327;-0.4361122207682917;6.5701344481423405;-0.40599897147057507;-0.18749999999999997;1.0
Cc1nc(NC(=O)CCNC(=O)c2cnccn2)sc1C;1.0161736585094583;0.33197795805443614;-0.16957679805484424;-0.3851146642402806;1.8575457789263279;-1.5424960137979244;-0.6209838283181613;-0.49920768260333204;-0.24710536429033883;-0.030729254193150108;2.060952389667274;1.050315284101127;-0.15220388682955227;-0.40599897147057507;-0.18749999999999997;0.0
Cc1nc(NC(=O)CCn2nc(C(F)(F)F)c(Cl)c2C)sc1C;2.9067687858649323;1.344218448588736;-0.16957679805484424;-0.3851146642402806;0.657005475036045;-1.5424960137979244;-0.6209838283181613;-0.49920768260333204;-0.24710536429033883;-0.030729254193150108;-0.48521256726432327;-0.4361122207682917;-0.15220388682955227;-0.40599897147057507;-0.18749999999999997;0.0
Cc1nc(NC(=O)CN2CCN(c3ccccc3)CC2)sc1C(=O)N(C)C;0.5127182348995221;-0.2389794000550601;-0.16957679805484424;-0.3851146642402806;1.8377432168892844;-1.5424960137979244;-0.6209838283181613;-0.49920768260333204;-0.24710536429033883;-0.030729254193150108;-0.48521256726432327;-0.4361122207682917;-0.15220388682955227;-0.40599897147057507;-0.18749999999999997;0.0
Cc1nc(NC(=O)CN2CCc3ccccc3C2)nc2c1C(=O)CC(C)(C)C2;0.005322126254391848;1.9086950735992914;-0.16957679805484424;-0.3851146642402806;3.0901227985097237;0.16542088170256303;-0.6209838283181613;-0.49920768260333204;-0.24710536429033883;-0.030729254193150108;-0.48521256726432327;-0.4361122207682917;-0.15220388682955227;-0.40599897147057507;-0.18749999999999997;1.0
Cc1nc(NC(=O)COc2ccc(Cl)cc2)sc1C(=O)N(C)C;1.8342487995942152;1.2917225618208414;-0.16957679805484424;-0.3851146642402806;1.9359398215757906;-1.5424960137979244;-0.6209838283181613;-0.49920768260333204;-0.24710536429033883;-0.030729254193150108;-0.48521256726432327;-0.4361122207682917;-0.15220388682955227;-0.40599897147057507;-0.18749999999999997;0.0
Cc1nc(NC(=O)CSCc2nc3sc(C(C)C)cc3c(=O)[nH]2)sc1C;0.9489794408171084;-1.0148408945162566;-0.16957679805484424;-0.3851146642402806;0.6835602399553516;-0.9731903819644286;-0.6209838283181613;-0.49920768260333204;-0.24710536429033883;-0.030729254193150108;-0.48521256726432327;-0.4361122207682917;-0.15220388682955227;-0.40599897147057507;-0.18749999999999997;0.0
Cc1nc(NC(=O)CSc2nnc(-c3ccccc3)n2C)sc1C(=O)N(C)C;0.8666939329739716;0.02719308043241492;-0.16957679805484424;-0.3851146642402806;0.6835602399553516;-0.9731903819644286;-0.6209838283181613;-0.49920768260333204;-0.24710536429033883;-0.030729254193150108;-0.48521256726432327;-0.4361122207682917;-0.15220388682955227;-0.40599897147057507;-0.18749999999999997;0.0
Cc1nc(NC(=O)Cn2nc(-c3ccc(F)cc3)ccc2=O)sc1C;0.5699771072104345;1.7833220625672837;-0.16957679805484424;-0.3851146642402806;0.6835602399553516;-0.9731903819644286;1.6103478937742153;0.364022567901614;-0.24710536429033883;-0.030729254193150108;-0.48521256726432327;-0.4361122207682917;-0.15220388682955227;-0.40599897147057507;-0.18749999999999997;0.0
Cc1nc(NC(=O)Cn2nc(C(F)F)cc2C)sc1C;2.1398387698813783;0.8567523713984738;-0.16957679805484424;-0.3851146642402806;0.657005475036045;-1.5424960137979244;-0.6209838283181613;-0.49920768260333204;-0.24710536429033883;-0.030729254193150108;-0.48521256726432327;-0.4361122207682917;-0.15220388682955227;-0.40599897147057507;-0.18749999999999997;0.0
Cc1nc(NC(=O)Cn2nc(N3CCOCC3)ccc2=O)sc1C;0.15939124580318756;1.9066694075065818;-0.16957679805484424;-0.3851146642402806;0.6835602399553516;-1.5424960137979244;-0.6209838283181613;-0.49920768260333204;-0.24710536429033883;-0.030729254193150108;-0.48521256726432327;-0.4361122207682917;-0.15220388682955227;-0.40599897147057507;-0.18749999999999997;1.0
Cc1nc(NC(=O)Cn2nc3c(cc2=O)CCCCC3)sc1C;0.17514815514189058;1.9767317130478839;-0.16957679805484424;-0.3851146642402806;0.6835602399553516;-0.9731903819644286;-0.6209838283181613;-0.49920768260333204;-0.24710536429033883;-0.030729254193150108;-0.48521256726432327;-0.4361122207682917;-0.15220388682955227;-0.40599897147057507;-0.18749999999999997;1.0
Cc1nc(NC(=O)Cn2sc3ccccc3c2=O)sc1C;0.21116394791605234;2.769349278642398;-0.16957679805484424;-0.3851146642402806;1.6155592251403879;-0.9731903819644286;-0.6209838283181613;-0.49920768260333204;-0.24710536429033883;-0.030729254193150108;-0.48521256726432327;-0.4361122207682917;-0.15220388682955227;-0.40599897147057507;-0.18749999999999997;1.0
Cc1nc(NC(=O)N2CCC[C@H]2C(N)=O)sc1-c1ccnc(C(C)(C)C(F)(F)F)c1;2.085675290125985;-3.3186362247980004;-0.16957679805484424;1.6258289027286723;1.980563085709113;-0.9731903819644286;-0.6209838283181613;-0.49920768260333204;-0.24710536429033883;-0.030729254193150108;-0.48521256726432327;-0.4361122207682917;-0.15220388682955227;-0.40599897147057507;-0.18749999999999997;0.0
Cc1nc(NC(=O)N2CCC[C@H]2C(N)=O)sc1-c1csc(C(C)(C)C)n1;1.4890142190577036;-3.7532573867512133;-0.16957679805484424;1.6258289027286723;0.8065775467381363;-1.5424960137979244;-0.6209838283181613;-0.49920768260333204;-0.24710536429033883;-0.030729254193150108;-0.48521256726432327;-0.4361122207682917;-0.15220388682955227;-0.40599897147057507;-0.18749999999999997;0.0
Cc1nc(NC(=O)NCCc2nnn(CCF)n2)sc1-c1ccc(S(C)(=O)=O)c(F)c1;1.2161058500182627;-1.777989863877201;-0.16957679805484424;-0.3851146642402806;-0.3227847280995177;-0.9731903819644286;1.6103478937742153;0.364022567901614;-0.24710536429033883;-0.030729254193150108;-0.48521256726432327;-0.4361122207682917;-0.15220388682955227;-0.40599897147057507;-0.18749999999999997;0.0
Cc1nc(NC(=O)c2cc(-c3ccc4c(c3)OCCO4)on2)sc1C(=O)OCC(C)C;-0.12496394374587286;-0.7342457646644519;-0.16957679805484424;-0.3851146642402806;0.8065775467381363;-0.9731903819644286;-0.6209838283181613;-0.49920768260333204;-0.24710536429033883;-0.030729254193150108;2.060952389667274;1.050315284101127;6.5701344481423405;-0.40599897147057507;-0.18749999999999997;0.0
Cc1nc(NC(=O)c2cc(-c3cccs3)on2)sc1C(=O)OCC(C)C;0.5402465388951426;0.013326982030563912;-0.16957679805484424;-0.3851146642402806;0.8065775467381363;-1.5424960137979244;-0.6209838283181613;-0.49920768260333204;-0.24710536429033883;-0.030729254193150108;-0.48521256726432327;-0.4361122207682917;6.5701344481423405;-0.40599897147057507;-0.18749999999999997;0.0
Cc1nc(NC(=O)c2cc(C3CC3)nn2-c2ccccc2)sc1C;-0.9877862280481674;0.4921518939357189;-0.16957679805484424;-0.3851146642402806;0.8065775467381363;-1.5424960137979244;-0.6209838283181613;-0.49920768260333204;-0.24710536429033883;-0.030729254193150108;-0.48521256726432327;-0.4361122207682917;-0.15220388682955227;-0.40599897147057507;-0.18749999999999997;1.0
Cc1nc(NC(=O)c2ccc(Cl)c(N3CCCCS3(=O)=O)c2)sc1C;1.131613276580648;1.0216193853912698;4.3242083503985285;-0.3851146642402806;1.8206792918973052;-0.9731903819644286;-0.6209838283181613;-0.49920768260333204;4.046856703705712;-0.030729254193150108;-0.48521256726432327;-0.4361122207682917;6.5701344481423405;-0.40599897147057507;5.333333333333333;0.0
Cc1nc(NC(=O)c2ccc(F)cc2)sc1C(=O)N(C)C;2.0282741775543234;-0.9658610318338208;-0.16957679805484424;-0.3851146642402806;1.9359398215757906;-0.9731903819644286;1.6103478937742153;0.364022567901614;-0.24710536429033883;-0.030729254193150108;-0.48521256726432327;-0.4361122207682917;-0.15220388682955227;2.463060426921489;-0.18749999999999997;0.0
Cc1nc(NC(=O)c2ccc(F)cc2Cl)sc1C(=O)N(C)C;2.4098997958920516;-0.5640937036279419;-0.16957679805484424;-0.3851146642402806;1.9359398215757906;-0.9731903819644286;1.6103478937742153;0.364022567901614;4.046856703705712;-0.030729254193150108;-0.48521256726432327;-0.4361122207682917;-0.15220388682955227;2.463060426921489;-0.18749999999999997;0.0
Cc1nc(NC(=O)c2ccc(N3CCCCS3(=O)=O)cc2Cl)sc1C;1.131613276580648;-1.1613902937565355;8.817993498851902;-0.3851146642402806;1.8206792918973052;-0.9731903819644286;-0.6209838283181613;-0.49920768260333204;4.046856703705712;-0.030729254193150108;-0.48521256726432327;-0.4361122207682917;-0.15220388682955227;-0.40599897147057507;5.333333333333333;0.0
Cc1nc(NC(=O)c2ccc(NC(=O)N3CCOCC3)cc2)sc1C;0.14489488921158455;-0.7308657127817841;-0.16957679805484424;-0.3851146642402806;0.8065775467381363;-0.9731903819644286;-0.6209838283181613;-0.49920768260333204;-0.24710536429033883;-0.030729254193150108;-0.48521256726432327;-0.4361122207682917;-0.15220388682955227;-0.40599897147057507;-0.18749999999999997;0.0
Cc1nc(NC(=O)c2cccc(Cl)c2)sc1C(=O)N(C)C;2.0282741775543234;-0.5138431322252524;-0.16957679805484424;-0.3851146642402806;1.9359398215757906;-0.9731903819644286;-0.6209838283181613;-0.49920768260333204;-0.24710536429033883;-0.030729254193150108;-0.48521256726432327;-0.4361122207682917;-0.15220388682955227;-0.40599897147057507;-0.18749999999999997;0.0
Cc1nc(NC(=O)c2cccc(F)c2)sc1C(=O)N(C)C;2.0282741775543234;-0.9435046899815612;-0.16957679805484424;-0.3851146642402806;1.9359398215757906;-0.9731903819644286;-0.6209838283181613;-0.49920768260333204;-0.24710536429033883;-0.030729254193150108;-0.48521256726432327;-0.4361122207682917;-0.15220388682955227;-0.40599897147057507;-0.18749999999999997;0.0
Cc1nc(NC(=O)c2cccc(NC(=O)NC3CCS(=O)(=O)C3)c2)sc1C;1.0327517250571203;-1.6198675681553378;-0.16957679805484424;1.6258289027286723;0.8065775467381363;-0.9731903819644286;-0.6209838283181613;-0.49920768260333204;-0.24710536429033883;-0.030729254193150108;2.060952389667274;2.536742788970546;-0.15220388682955227;-0.40599897147057507;-0.18749999999999997;0.0
Cc1nc(NC(=O)c2ccccc2-n2cnnn2)sc1C;-0.2948863116063802;-1.5057092184855307;-0.16957679805484424;-0.3851146642402806;0.8065775467381363;-0.9731903819644286;-0.6209838283181613;-0.49920768260333204;-0.24710536429033883;-0.030729254193150108;-0.48521256726432327;-0.4361122207682917;-0.15220388682955227;-0.40599897147057507;-0.18749999999999997;0.0
Cc1nc(NC(=O)c2ccccc2Br)sc1C(=O)N(C)C;2.0282741775543234;-0.2988203407931095;-0.16957679805484424;-0.3851146642402806;1.9359398215757906;-0.9731903819644286;-0.6209838283181613;-0.49920768260333204;-0.24710536429033883;32.54228019054596;-0.48521256726432327;-0.4361122207682917;-0.15220388682955227;-0.40599897147057507;-0.18749999999999997;0.0
Cc1nc(NC(=O)c2ccccc2F)sc1C(=O)N(C)C;2.0282741775543234;-0.9435046899815616;-0.16957679805484424;-0.3851146642402806;1.9359398215757906;-0.9731903819644286;1.6103478937742153;0.364022567901614;-0.24710536429033883;-0.030729254193150108;-0.48521256726432327;-0.4361122207682917;-0.15220388682955227;-0.40599897147057507;-0.18749999999999997;0.0
Cc1nc(NC(=O)c2ccco2)sc1C(=O)N(C)C;1.7038282956128101;-0.12892258888426464;-0.16957679805484424;-0.3851146642402806;1.9359398215757906;-1.5424960137979244;-0.6209838283181613;-0.49920768260333204;-0.24710536429033883;-0.030729254193150108;-0.48521256726432327;-0.4361122207682917;-0.15220388682955227;-0.40599897147057507;-0.18749999999999997;0.0
Cc1nc(NC(=O)c2ccn(COc3ccc(F)cc3)n2)sc1C;0.15939124580318756;-1.3732432832039456;-0.16957679805484424;-0.3851146642402806;0.8065775467381363;-1.5424960137979244;-0.6209838283181613;-0.49920768260333204;-0.24710536429033883;-0.030729254193150108;2.060952389667274;1.050315284101127;-0.15220388682955227;-0.40599897147057507;-0.18749999999999997;0.0
Cc1nc(NC(=O)c2nn(C)c(C)c2Br)sc1C(=O)N(C)C;2.892947770890738;-0.7416046389486088;-0.16957679805484424;-0.3851146642402806;3.0387473314941382;-1.5424960137979244;-0.6209838283181613;-0.49920768260333204;-0.24710536429033883;32.54228019054596;-0.48521256726432327;-0.4361122207682917;-0.15220388682955227;-0.40599897147057507;-0.18749999999999997;0.0
Cc1nc(NC(=O)c2nn(C)cc2Br)sc1C(=O)N(C)C;2.534324437076756;-0.26423213801551904;-0.16957679805484424;-0.3851146642402806;3.0387473314941382;-1.5424960137979244;-0.6209838283181613;-0.49920768260333204;-0.24710536429033883;32.54228019054596;-0.48521256726432327;-0.4361122207682917;-0.15220388682955227;-0.40599897147057507;-0.18749999999999997;0.0
Cc1nc(NC(=O)c2noc3c2CC(C)CC3)sc1C;0.2318730287612026;-0.34732258786079234;-0.16957679805484424;-0.3851146642402806;0.8065775467381363;-0.9731903819644286;-0.6209838283181613;-0.49920768260333204;-0.24710536429033883;-0.030729254193150108;-0.48521256726432327;-0.4361122207682917;6.5701344481423405;-0.40599897147057507;-0.18749999999999997;0.0
Cc1nc(NC(=O)c2sc3cc([N+](=O)[O-])ccc3c2Cl)sc1C(=O)N(C)C;1.693502173785193;-0.5957141941886085;-0.16957679805484424;-0.3851146642402806;4.31838656250277;-0.9731903819644286;-0.6209838283181613;-0.49920768260333204;4.046856703705712;-0.030729254193150108;-0.48521256726432327;-0.4361122207682917;-0.15220388682955227;-0.40599897147057507;-0.18749999999999997;0.0
Cc1nc(NC(C)C)sc1C(=O)NCCc1ccccc1;1.0161736585094583;2.1944985018435537;-0.16957679805484424;-0.3851146642402806;-0.4458020348823024;-0.9731903819644286;-0.6209838283181613;-0.49920768260333204;-0.24710536429033883;-0.030729254193150108;-0.48521256726432327;-0.4361122207682917;-0.15220388682955227;-0.40599897147057507;-0.18749999999999997;0.0
Cc1nc(NC(C)CCc2ccccc2)c2sc3nc4c(cc3c2n1)COC(C)(C)C4;-0.9029771885248555;0.2665098763854131;-0.16957679805484424;-0.3851146642402806;-1.5751643097199564;0.16542088170256303;-0.6209838283181613;-0.49920768260333204;-0.24710536429033883;-0.030729254193150108;-0.48521256726432327;-0.4361122207682917;6.5701344481423405;-0.40599897147057507;-0.18749999999999997;1.0
Cc1nc(NC2=NCN(C3CCCCCC3)CN2)nc2ccccc12;-1.8065599216834003;-0.8790141501190998;-0.16957679805484424;-0.3851146642402806;0.8313982488344154;-0.9731903819644286;-0.6209838283181613;-0.49920768260333204;-0.24710536429033883;-0.030729254193150108;-0.48521256726432327;-0.4361122207682917;-0.15220388682955227;-0.40599897147057507;-0.18749999999999997;0.0
Cc1nc(NC2CC2)sc1C(=O)NCCC1=CCCCC1;-0.8009365711288127;1.2299459757078144;-0.16957679805484424;-0.3851146642402806;-0.4458020348823024;-1.5424960137979244;-0.6209838283181613;-0.49920768260333204;-0.24710536429033883;-0.030729254193150108;-0.48521256726432327;-0.4361122207682917;-0.15220388682955227;-0.40599897147057507;-0.18749999999999997;0.0
Cc1nc(NC2CCCCCC2)c2c(C)noc2n1;-0.8638754029332277;-0.16765200712364772;-0.16957679805484424;-0.3851146642402806;-1.5751643097199564;-0.9731903819644286;-0.6209838283181613;-0.49920768260333204;-0.24710536429033883;-0.030729254193150108;-0.48521256726432327;-0.4361122207682917;-0.15220388682955227;-0.40599897147057507;-0.18749999999999997;1.0
Cc1nc(NCC2CCCO2)[nH]c(=O)c1CCC(C)C;1.0771332248842715;0.4112664352994376;-0.16957679805484424;1.6258289027286723;0.728183504088674;-0.9731903819644286;-0.6209838283181613;-0.49920768260333204;-0.24710536429033883;-0.030729254193150108;-0.48521256726432327;-0.4361122207682917;-0.15220388682955227;-0.40599897147057507;-0.18749999999999997;0.0
Cc1nc(NCCc2c(C)[nH]c3ccccc23)c2c3c(sc2n1)CCC3;-1.986352468598561;2.839202549926065;-0.16957679805484424;-0.3851146642402806;-1.5751643097199564;0.7347265135360589;-0.6209838283181613;-0.49920768260333204;-0.24710536429033883;-0.030729254193150108;-0.48521256726432327;-0.4361122207682917;-0.15220388682955227;-0.40599897147057507;-0.18749999999999997;1.0
Cc1nc(NCCc2ccc3c(c2)OCO3)c2c3c(sc2n1)CCCC3;-2.395085370520527;1.9835959057701658;-0.16957679805484424;1.6258289027286723;-1.5751643097199564;0.16542088170256303;-0.6209838283181613;-0.49920768260333204;-0.24710536429033883;-0.030729254193150108;-0.48521256726432327;-0.4361122207682917;-0.15220388682955227;-0.40599897147057507;-0.18749999999999997;1.0
Cc1nc(NCCc2ccccc2)cc(-c2ccccc2)n1;-1.256806414211952;0.5319604144340809;-0.16957679805484424;-0.3851146642402806;-1.5751643097199564;-0.4038847501309328;-0.6209838283181613;-0.49920768260333204;-0.24710536429033883;-0.030729254193150108;-0.48521256726432327;-0.4361122207682917;-0.15220388682955227;-0.40599897147057507;-0.18749999999999997;1.0
Cc1nc(NCc2ccc3c(c2)OCO3)ncc1C(=O)N1CCN(c2ccc(F)cc2)CC1;-1.2860373459545424;0.9151914570548377;-0.16957679805484424;1.6258289027286723;-0.4458020348823024;-0.4038847501309328;-0.6209838283181613;-0.49920768260333204;-0.24710536429033883;-0.030729254193150108;-0.48521256726432327;-0.4361122207682917;-0.15220388682955227;-0.40599897147057507;-0.18749999999999997;0.0
Cc1nc(NCc2ccc3c(c2)OCO3)ncc1C(=O)NC1CCCC1;-1.336152317734658;-0.11597689585462824;-0.16957679805484424;1.6258289027286723;-0.4458020348823024;-0.4038847501309328;-0.6209838283181613;-0.49920768260333204;-0.24710536429033883;-0.030729254193150108;-0.48521256726432327;-0.4361122207682917;-0.15220388682955227;-0.40599897147057507;-0.18749999999999997;1.0
Cc1nc(NCc2ccc3c(c2)OCO3)ncc1C(=O)Nc1ccc(Cl)cc1;-0.8756764338965632;0.03777660436091165;-0.16957679805484424;1.6258289027286723;-0.4458020348823024;-0.4038847501309328;-0.6209838283181613;-0.49920768260333204;-0.24710536429033883;-0.030729254193150108;-0.48521256726432327;-0.4361122207682917;-0.15220388682955227;-0.40599897147057507;-0.18749999999999997;0.0
Cc1nc(NCc2cccc(Br)c2)c2onc(-c3ccc(Cl)cc3)c2n1;-0.9274194158126922;0.06950721700516926;-0.16957679805484424;-0.3851146642402806;-1.5751643097199564;-0.4038847501309328;-0.6209838283181613;-0.49920768260333204;4.046856703705712;-0.030729254193150108;-0.48521256726432327;-0.4361122207682917;-0.15220388682955227;-0.40599897147057507;-0.18749999999999997;1.0
Cc1nc(NCc2ccccc2)nc2c1C(=O)CC(C)C2;-0.2948863116063802;0.11872437825082613;-0.16957679805484424;-0.3851146642402806;-0.4458020348823024;-0.4038847501309328;-0.6209838283181613;-0.49920768260333204;-0.24710536429033883;-0.030729254193150108;-0.48521256726432327;-0.4361122207682917;-0.15220388682955227;-0.40599897147057507;-0.18749999999999997;1.0
Cc1nc(NCc2ccccc2)ncc1C(=O)NCc1ccc2c(c1)OCO2;-1.2552141285383949;-0.6863597336489301;-0.16957679805484424;1.6258289027286723;-0.4458020348823024;0.16542088170256303;-0.6209838283181613;-0.49920768260333204;-0.24710536429033883;-0.030729254193150108;-0.48521256726432327;-0.4361122207682917;-0.15220388682955227;-0.40599897147057507;-0.18749999999999997;1.0
Cc1nc(NCc2ccccc2F)ncc1C(=O)NCc1ccccc1;-0.27721926494878907;-0.7754478997272625;-0.16957679805484424;-0.3851146642402806;-0.4458020348823024;0.16542088170256303;1.6103478937742153;1.22725281840656;-0.24710536429033883;-0.030729254193150108;-0.48521256726432327;-0.4361122207682917;-0.15220388682955227;-0.40599897147057507;-0.18749999999999997;1.0
Cc1nc(NCc2ccccc2F)ncc1C(=O)O;1.1445095877195968;-0.2644522342723674;-0.16957679805484424;-0.3851146642402806;-1.5751643097199564;-0.4038847501309328;1.6103478937742153;1.22725281840656;-0.24710536429033883;-0.030729254193150108;-0.48521256726432327;-0.4361122207682917;-0.15220388682955227;-0.40599897147057507;-0.18749999999999997;0.0
Cc1nc(NCc2ccco2)[nH]c(=O)c1CCC(C)C;1.0771332248842715;0.8089532099413468;-0.16957679805484424;-0.3851146642402806;0.728183504088674;-0.9731903819644286;-0.6209838283181613;-0.49920768260333204;-0.24710536429033883;-0.030729254193150108;-0.48521256726432327;-0.4361122207682917;-0.15220388682955227;-0.40599897147057507;-0.18749999999999997;0.0
Cc1nc(NCc2ccco2)ncc1C(=O)O;0.6779212973338195;-0.11271368531114331;-0.16957679805484424;-0.3851146642402806;-1.5751643097199564;-0.9731903819644286;-0.6209838283181613;-0.49920768260333204;-0.24710536429033883;-0.030729254193150108;-0.48521256726432327;-0.4361122207682917;-0.15220388682955227;-0.40599897147057507;-0.18749999999999997;1.0
Cc1nc(NCc2ccco2)sc1C(=O)NCCC(C)C;1.0161736585094583;-1.7370545314289763;-0.16957679805484424;-0.3851146642402806;-0.4458020348823024;-1.5424960137979244;-0.6209838283181613;-0.49920768260333204;-0.24710536429033883;-0.030729254193150108;-0.48521256726432327;-0.4361122207682917;-0.15220388682955227;-0.40599897147057507;-0.18749999999999997;0.0
Cc1nc(NCc2ccco2)sc1C(=O)NCc1ccccc1;-0.7489436231164645;-1.0653057894699978;-0.16957679805484424;-0.3851146642402806;-0.4458020348823024;-0.9731903819644286;-0.6209838283181613;-0.49920768260333204;-0.24710536429033883;-0.030729254193150108;-0.48521256726432327;-0.4361122207682917;-0.15220388682955227;-0.40599897147057507;-0.18749999999999997;0.0
Cc1nc(NCc2ccco2)sc1C(=O)NCc1ccccn1;-0.7489436231164645;-0.6322134998254821;-0.16957679805484424;-0.3851146642402806;0.728183504088674;-1.5424960137979244;-0.6209838283181613;-0.49920768260333204;-0.24710536429033883;-0.030729254193150108;-0.48521256726432327;-0.4361122207682917;-0.15220388682955227;-0.40599897147057507;-0.18749999999999997;0.0
Cc1nc(NCc2ccco2)sc1C(=O)Nc1ccc(F)cc1F;0.15939124580318756;-0.6430843944450491;-0.16957679805484424;-0.3851146642402806;-0.4458020348823024;-1.5424960137979244;-0.6209838283181613;-0.49920768260333204;-0.24710536429033883;-0.030729254193150108;-0.48521256726432327;-0.4361122207682917;-0.15220388682955227;-0.40599897147057507;-0.18749999999999997;0.0
Cc1nc(NS(=O)(=O)c2ccc(N)cc2)nc(C)c1Br;2.3105312090956045;-0.5932477991950504;-0.16957679805484424;-0.3851146642402806;-1.5751643097199564;-1.5424960137979244;-0.6209838283181613;-0.49920768260333204;-0.24710536429033883;-0.030729254193150108;-0.48521256726432327;-0.4361122207682917;-0.15220388682955227;-0.40599897147057507;-0.18749999999999997;0.0
Cc1nc(NS(=O)(=O)c2ccccc2)sc1C(=O)N(C)C;2.190838405377389;-2.261295780345842;-0.16957679805484424;-0.3851146642402806;0.6664963149633719;-1.5424960137979244;-0.6209838283181613;-0.49920768260333204;-0.24710536429033883;-0.030729254193150108;-0.48521256726432327;-0.4361122207682917;6.5701344481423405;-0.40599897147057507;-0.18749999999999997;0.0
Cc1nc(NS(=O)(=O)c2ccccc2)sc1C(=O)Nc1ccccc1;0.28144884058294795;-1.1301363958175612;-0.16957679805484424;-0.3851146642402806;0.6664963149633719;-1.5424960137979244;-0.6209838283181613;-0.49920768260333204;-0.24710536429033883;-0.030729254193150108;-0.48521256726432327;-0.4361122207682917;6.5701344481423405;-0.40599897147057507;-0.18749999999999997;0.0
Cc1nc(N[C@H](C)c2cccc(C(F)F)c2F)c2cc3c(cc2n1)OCC[C@H]1CN(C(=O)C2(C#N)CC2)CCN31;-0.37108723594252996;0.10950313592059245;-0.16957679805484424;-0.3851146642402806;-0.4458020348823024;0.16542088170256303;1.6103478937742153;2.090483068911506;-0.24710536429033883;-0.030729254193150108;-0.48521256726432327;-0.4361122207682917;-0.15220388682955227;-0.40599897147057507;-0.18749999999999997;1.0
Cc1nc(N[C@H](C)c2cccc(C(F)F)c2F)c2cc3c(cc2n1)OC[C@H]1CN(C(=O)C2(C#N)CC2)CCN31;-0.3753967120183093;1.264199833434227;-0.16957679805484424;-0.3851146642402806;-0.4458020348823024;0.16542088170256303;1.6103478937742153;2.090483068911506;-0.24710536429033883;-0.030729254193150108;2.060952389667274;1.050315284101127;-0.15220388682955227;-0.40599897147057507;-0.18749999999999997;1.0
Cc1nc(Nc2ccc(F)cc2)nc(N2CCc3ccccc3C2C)c1C;-0.5069950751905753;-0.558563137384459;-0.16957679805484424;-0.3851146642402806;-1.5751643097199564;0.16542088170256303;-0.6209838283181613;-0.49920768260333204;-0.24710536429033883;-0.030729254193150108;-0.48521256726432327;-0.4361122207682917;-0.15220388682955227;-0.40599897147057507;-0.18749999999999997;1.0
Cc1nc(Nc2ccc(F)cc2)nc2c1C(=O)CC(c1ccc(F)cc1)C2;-0.5069950751905897;-0.9499379031039751;-0.16957679805484424;-0.3851146642402806;-0.4458020348823024;-0.4038847501309328;-0.6209838283181613;-0.49920768260333204;-0.24710536429033883;-0.030729254193150108;-0.48521256726432327;-0.4361122207682917;-0.15220388682955227;-0.40599897147057507;-0.18749999999999997;0.0
Cc1nc(Nc2ccc(F)cc2)nc2c1C(=O)CCC2;-0.2994797437373544;-0.6353044909538055;-0.16957679805484424;-0.3851146642402806;-0.4458020348823024;-0.9731903819644286;-0.6209838283181613;-0.49920768260333204;-0.24710536429033883;-0.030729254193150108;-0.48521256726432327;-0.4361122207682917;-0.15220388682955227;-0.40599897147057507;-0.18749999999999997;1.0
Cc1nc(Nc2ccc(F)cc2)sc1C(=O)Nc1ccc(Cl)cc1F;0.5699771072104345;0.5885707792331876;-0.16957679805484424;-0.3851146642402806;-0.4458020348823024;-1.5424960137979244;-0.6209838283181613;-0.49920768260333204;-0.24710536429033883;-0.030729254193150108;-0.48521256726432327;-0.4361122207682917;-0.15220388682955227;-0.40599897147057507;-0.18749999999999997;0.0
Cc1nc(Nc2ccc(F)cc2)sc1C(=O)Nc1ccc(F)c(F)c1;0.56997710721042;-0.7309892691173085;-0.16957679805484424;-0.3851146642402806;-0.4458020348823024;-1.5424960137979244;-0.6209838283181613;-0.49920768260333204;-0.24710536429033883;-0.030729254193150108;-0.48521256726432327;-0.4361122207682917;-0.15220388682955227;2.463060426921489;-0.18749999999999997;0.0
Cc1nc(Nc2ccc(F)cn2)sc1C(=O)N1CCN(c2ccccc2)CC1;-0.8756764338965705;1.6740757052165307;-0.16957679805484424;-0.3851146642402806;-0.4458020348823024;-1.5424960137979244;-0.6209838283181613;-0.49920768260333204;-0.24710536429033883;-0.030729254193150108;-0.48521256726432327;-0.4361122207682917;-0.15220388682955227;-0.40599897147057507;-0.18749999999999997;0.0
Cc1nc(Nc2ccc(N3CCOCC3)cc2)cc(-c2ccccc2)n1;-1.7448852196566238;0.23951720289637088;-0.16957679805484424;-0.3851146642402806;-1.5751643097199564;-0.9731903819644286;-0.6209838283181613;-0.49920768260333204;-0.24710536429033883;-0.030729254193150108;-0.48521256726432327;-0.4361122207682917;-0.15220388682955227;-0.40599897147057507;-0.18749999999999997;1.0
Cc1nc(Nc2ccc(NC(=O)C(C)(C)C)cc2)cc(N(C)C)n1;2.3344003731639744;-0.5479914952302279;-0.16957679805484424;-0.3851146642402806;-0.4458020348823024;-1.5424960137979244;-0.6209838283181613;-0.49920768260333204;-0.24710536429033883;-0.030729254193150108;-0.48521256726432327;-0.4361122207682917;-0.15220388682955227;-0.40599897147057507;-0.18749999999999997;0.0
Cc1nc(Nc2ccc(NC(=O)C(C)(C)C)cc2)cc(N2CCCC2)n1;0.6715484152137646;0.7562519036105908;-0.16957679805484424;1.6258289027286723;-0.4458020348823024;-1.5424960137979244;-0.6209838283181613;-0.49920768260333204;-0.24710536429033883;-0.030729254193150108;-0.48521256726432327;-0.4361122207682917;-0.15220388682955227;-0.40599897147057507;-0.18749999999999997;0.0
Cc1nc(Nc2ccc(NC(=O)C3CCCC3)cc2)cc(N2CCCC2)n1;-1.2941843677810418;0.35681601762446746;-0.16957679805484424;1.6258289027286723;-0.4458020348823024;-1.5424960137979244;-0.6209838283181613;-0.49920768260333204;-0.24710536429033883;-0.030729254193150108;-0.48521256726432327;-0.4361122207682917;-0.15220388682955227;-0.40599897147057507;-0.18749999999999997;0.0
Cc1nc(Nc2ccc(NC(=O)C3CCCCC3)cc2)cc(N2CCCC2)n1;-1.2552141285383949;0.08778463921246518;-0.16957679805484424;1.6258289027286723;-0.4458020348823024;-1.5424960137979244;-0.6209838283181613;-0.49920768260333204;-0.24710536429033883;-0.030729254193150108;-0.48521256726432327;-0.4361122207682917;-0.15220388682955227;-0.40599897147057507;-0.18749999999999997;0.0
Cc1nc(Nc2ccc(NC(=O)CC(C)C)cc2)cc(N2CCCCC2)n1;0.11912358860427424;-0.23391200395446496;-0.16957679805484424;-0.3851146642402806;-0.4458020348823024;-1.5424960137979244;-0.6209838283181613;-0.49920768260333204;-0.24710536429033883;-0.030729254193150108;-0.48521256726432327;-0.4361122207682917;-0.15220388682955227;-0.40599897147057507;-0.18749999999999997;0.0
Cc1nc(Nc2ccc(NC(=O)CC(C)C)cc2)cc(N2CCOCC2)n1;0.11912358860427424;0.21333652013142115;-0.16957679805484424;-0.3851146642402806;-0.4458020348823024;-1.5424960137979244;-0.6209838283181613;-0.49920768260333204;-0.24710536429033883;-0.030729254193150108;-0.48521256726432327;-0.4361122207682917;-0.15220388682955227;-0.40599897147057507;-0.18749999999999997;0.0
Cc1nc(Nc2ccc(NC(=O)CCC3CCCCC3)cc2)cc(N2CCCC2)n1;-1.1850676979016257;0.367660425224982;-0.16957679805484424;1.6258289027286723;-0.4458020348823024;-1.5424960137979244;-0.6209838283181613;-0.49920768260333204;-0.24710536429033883;-0.030729254193150108;-0.48521256726432327;-0.4361122207682917;-0.15220388682955227;-0.40599897147057507;-0.18749999999999997;0.0
Cc1nc(Nc2ccc(NC(=O)Nc3cc(F)cc(F)c3)cc2)cc(N(C)C)n1;0.8298073260097982;-1.262516988199448;-0.16957679805484424;-0.3851146642402806;-1.5751643097199564;-1.5424960137979244;1.6103478937742153;1.22725281840656;-0.24710536429033883;-0.030729254193150108;-0.48521256726432327;-0.4361122207682917;-0.15220388682955227;2.463060426921489;-0.18749999999999997;1.0
Cc1nc(Nc2ccc(NC(=O)Nc3ccc(Cl)cc3)cc2)cc(N2CCOCC2)n1;-0.8105804243891837;0.4436585088444192;-0.16957679805484424;-0.3851146642402806;-1.5751643097199564;-1.5424960137979244;-0.6209838283181613;-0.49920768260333204;-0.24710536429033883;-0.030729254193150108;-0.48521256726432327;-0.4361122207682917;-0.15220388682955227;-0.40599897147057507;-0.18749999999999997;1.0
Cc1nc(Nc2ccc(NC(=O)Nc3ccc(F)cc3)cc2)cc(N(C)C)n1;0.48715623833214716;-1.1967639830550232;-0.16957679805484424;-0.3851146642402806;-1.5751643097199564;-1.5424960137979244;-0.6209838283181613;-0.49920768260333204;-0.24710536429033883;-0.030729254193150108;-0.48521256726432327;-0.4361122207682917;-0.15220388682955227;-0.40599897147057507;-0.18749999999999997;1.0
Cc1nc(Nc2ccc(NC(=O)Nc3ccc(F)cc3)cc2)cc(N2CCOCC2)n1;-0.8105804243891837;0.3483374495246897;-0.16957679805484424;-0.3851146642402806;-1.5751643097199564;-1.5424960137979244;-0.6209838283181613;-0.49920768260333204;-0.24710536429033883;-0.030729254193150108;-0.48521256726432327;-0.4361122207682917;-0.15220388682955227;-0.40599897147057507;-0.18749999999999997;1.0
Cc1nc(Nc2ccc(NC(=O)Nc3ccc4ccccc4c3)cc2)cc(N(C)C)n1;-0.4677721840675319;-0.8515947494207072;-0.16957679805484424;-0.3851146642402806;-1.5751643097199564;-0.4038847501309328;-0.6209838283181613;-0.49920768260333204;-0.24710536429033883;-0.030729254193150108;-0.48521256726432327;-0.4361122207682917;-0.15220388682955227;-0.40599897147057507;-0.18749999999999997;1.0
Cc1nc(Nc2ccc(NC(=O)Nc3cccc(Cl)c3)cc2)cc(N(C)C)n1;0.48715623833214716;-0.7661527172253734;4.3242083503985285;-0.3851146642402806;-1.5751643097199564;-1.5424960137979244;-0.6209838283181613;-0.49920768260333204;4.046856703705712;-0.030729254193150108;-0.48521256726432327;-0.4361122207682917;-0.15220388682955227;-0.40599897147057507;5.333333333333333;0.0
Cc1nc(Nc2ccc(NC(=O)Nc3cccc(F)c3)cc2)cc(N(C)C)n1;0.48715623833214716;-1.230745859783174;-0.16957679805484424;-0.3851146642402806;-1.5751643097199564;-1.5424960137979244;1.6103478937742153;0.364022567901614;-0.24710536429033883;-0.030729254193150108;-0.48521256726432327;-0.4361122207682917;-0.15220388682955227;2.463060426921489;-0.18749999999999997;0.0
Cc1nc(Nc2ccc(NC(=O)Nc3ccccc3)cc2)cc(N2CCCCC2)n1;-1.185067697901633;-0.13395360220973046;-0.16957679805484424;-0.3851146642402806;-1.5751643097199564;-1.5424960137979244;-0.6209838283181613;-0.49920768260333204;-0.24710536429033883;-0.030729254193150108;-0.48521256726432327;-0.4361122207682917;-0.15220388682955227;-0.40599897147057507;-0.18749999999999997;1.0
Cc1nc(Nc2ccc(NC(=O)Nc3ccccc3Cl)cc2)cc(N(C)C)n1;0.48715623833214716;-1.2294198125940217;-0.16957679805484424;-0.3851146642402806;-1.5751643097199564;-1.5424960137979244;-0.6209838283181613;-0.49920768260333204;-0.24710536429033883;-0.030729254193150108;-0.48521256726432327;-0.4361122207682917;-0.15220388682955227;-0.40599897147057507;-0.18749999999999997;1.0
Cc1nc(Nc2ccc(NC(=O)c3ccc(C(F)(F)F)cc3)cc2)cc(N2CCOCC2)n1;-0.026244509388248606;0.7053471696611058;-0.16957679805484424;-0.3851146642402806;-0.4458020348823024;-0.4038847501309328;-0.6209838283181613;-0.49920768260333204;-0.24710536429033883;-0.030729254193150108;-0.48521256726432327;-0.4361122207682917;-0.15220388682955227;-0.40599897147057507;-0.18749999999999997;1.0
Cc1nc(Nc2ccc(NC(=O)c3ccc(Cl)cc3)cc2)cc(N(C)C)n1;0.5127182348995148;-0.6359577705521451;4.3242083503985285;-0.3851146642402806;-0.4458020348823024;-0.9731903819644286;-0.6209838283181613;-0.49920768260333204;4.046856703705712;-0.030729254193150108;-0.48521256726432327;-0.4361122207682917;-0.15220388682955227;-0.40599897147057507;5.333333333333333;0.0
Cc1nc(Nc2ccc(NC(=O)c3ccc(F)cc3)cc2)cc(N2CCCCC2)n1;-0.8308325162359331;-0.07965836363533337;-0.16957679805484424;-0.3851146642402806;-0.4458020348823024;-0.9731903819644286;1.6103478937742153;0.364022567901614;-0.24710536429033883;-0.030729254193150108;-0.48521256726432327;-0.4361122207682917;-0.15220388682955227;2.463060426921489;-0.18749999999999997;1.0
Cc1nc(Nc2ccc(NC(=O)c3ccc([N+](=O)[O-])cc3)cc2)cc(N(C)C)n1;0.8298073260097982;-0.9938034036427326;-0.16957679805484424;-0.3851146642402806;1.9366447060446763;-0.9731903819644286;-0.6209838283181613;-0.49920768260333204;-0.24710536429033883;-0.030729254193150108;-0.48521256726432327;-0.4361122207682917;-0.15220388682955227;-0.40599897147057507;-0.18749999999999997;0.0
Cc1nc(Nc2ccc(NC(=O)c3cccc([N+](=O)[O-])c3)cc2)cc(N2CCCC2)n1;-0.4677721840675391;0.12209896356191179;-0.16957679805484424;1.6258289027286723;1.9366447060446763;-0.9731903819644286;-0.6209838283181613;-0.49920768260333204;-0.24710536429033883;-0.030729254193150108;2.060952389667274;2.536742788970546;-0.15220388682955227;-0.40599897147057507;-0.18749999999999997;0.0
Cc1nc(Nc2ccc(NC(=O)c3ccccc3)cc2)cc(N2CCCCC2)n1;-1.2189314920021435;-0.03700381067909643;-0.16957679805484424;-0.3851146642402806;-0.4458020348823024;-0.9731903819644286;-0.6209838283181613;-0.49920768260333204;-0.24710536429033883;-0.030729254193150108;-0.48521256726432327;-0.4361122207682917;-0.15220388682955227;-0.40599897147057507;-0.18749999999999997;1.0
Cc1nc(Nc2ccc(NC(=O)c3ccccc3)cc2)cc(N2CCOCC2)n1;-1.2189314920021435;0.4624208066150426;-0.16957679805484424;-0.3851146642402806;-0.4458020348823024;-0.9731903819644286;-0.6209838283181613;-0.49920768260333204;-0.24710536429033883;-0.030729254193150108;-0.48521256726432327;-0.4361122207682917;-0.15220388682955227;-0.40599897147057507;-0.18749999999999997;1.0
Cc1nc(Nc2ccc(NC(=O)c3ccccc3Cl)cc2)cc(N2CCOCC2)n1;-0.8308325162359331;0.37534137879537977;-0.16957679805484424;-0.3851146642402806;-0.4458020348823024;-0.9731903819644286;-0.6209838283181613;-0.49920768260333204;-0.24710536429033883;-0.030729254193150108;-0.48521256726432327;-0.4361122207682917;-0.15220388682955227;-0.40599897147057507;-0.18749999999999997;0.0
Cc1nc(Nc2ccc(NC(=O)c3ccccc3[N+](=O)[O-])cc2)cc(N2CCCC2)n1;-0.4677721840675391;0.24854867688565707;-0.16957679805484424;1.6258289027286723;1.9366447060446763;-0.9731903819644286;-0.6209838283181613;-0.49920768260333204;-0.24710536429033883;-0.030729254193150108;-0.48521256726432327;-0.4361122207682917;-0.15220388682955227;-0.40599897147057507;-0.18749999999999997;0.0
Cc1nc(Nc2ccc(NC(=O)c3cccs3)cc2)cc(N(C)C)n1;0.14489488921158455;-1.0421767445305845;-0.16957679805484424;-0.3851146642402806;-0.4458020348823024;-1.5424960137979244;-0.6209838283181613;-0.49920768260333204;-0.24710536429033883;-0.030729254193150108;-0.48521256726432327;-0.4361122207682917;-0.15220388682955227;-0.40599897147057507;-0.18749999999999997;0.0
Cc1nc(Nc2ccc(NS(=O)(=O)c3cc(C(C)C)ccc3C)cc2)cc(N2CCCC2)n1;0.2957874739442137;1.6891867521257151;-0.16957679805484424;1.6258289027286723;-0.46286595987428214;-0.4038847501309328;-0.6209838283181613;-0.49920768260333204;-0.24710536429033883;-0.030729254193150108;-0.48521256726432327;-0.4361122207682917;-0.15220388682955227;-0.40599897147057507;-0.18749999999999997;1.0
Cc1nc(Nc2ccc(NS(=O)(=O)c3ccc(C)c(C)c3)cc2)cc(N(C)C)n1;1.313976437535848;-1.0755963481343933;-0.16957679805484424;-0.3851146642402806;-0.46286595987428214;-0.4038847501309328;-0.6209838283181613;-0.49920768260333204;-0.24710536429033883;-0.030729254193150108;-0.48521256726432327;-0.4361122207682917;-0.15220388682955227;-0.40599897147057507;-0.18749999999999997;0.0
Cc1nc(Nc2ccc(NS(=O)(=O)c3ccc(Cl)cc3)cc2)cc(N2CCCC2)n1;-0.36280237509408025;1.1725852321300057;8.817993498851902;1.6258289027286723;-0.46286595987428214;-1.5424960137979244;-0.6209838283181613;-0.49920768260333204;4.046856703705712;-0.030729254193150108;-0.48521256726432327;-0.4361122207682917;-0.15220388682955227;-0.40599897147057507;5.333333333333333;1.0
Cc1nc(Nc2ccc(NS(=O)(=O)c3ccc(F)cc3)cc2)cc(N(C)C)n1;0.9886171038412634;-0.9825251970900761;-0.16957679805484424;-0.3851146642402806;-0.46286595987428214;-1.5424960137979244;1.6103478937742153;0.364022567901614;-0.24710536429033883;-0.030729254193150108;-0.48521256726432327;-0.4361122207682917;-0.15220388682955227;2.463060426921489;-0.18749999999999997;0.0
Cc1nc(Nc2ccc(NS(=O)(=O)c3ccc(F)cc3)cc2)cc(N2CCOCC2)n1;-0.35764802973578136;0.667263172350291;-0.16957679805484424;-0.3851146642402806;-0.46286595987428214;-1.5424960137979244;1.6103478937742153;0.364022567901614;-0.24710536429033883;-0.030729254193150108;-0.48521256726432327;-0.4361122207682917;-0.15220388682955227;2.463060426921489;-0.18749999999999997;1.0
Cc1nc(Nc2ccc(NS(=O)(=O)c3ccc(F)cc3)cc2)cc(NC2CCCCC2)n1;-0.3528158309623843;0.10972638190416;-0.16957679805484424;-0.3851146642402806;-0.46286595987428214;-1.5424960137979244;1.6103478937742153;0.364022567901614;-0.24710536429033883;-0.030729254193150108;-0.48521256726432327;-0.4361122207682917;-0.15220388682955227;2.463060426921489;-0.18749999999999997;1.0
Cc1nc(Nc2ccc(NS(=O)(=O)c3ccc4c(c3)OCCO4)cc2)cc(N2CCCC2)n1;-1.1825873827944209;0.9678715086292302;-0.16957679805484424;1.6258289027286723;-0.46286595987428214;-1.5424960137979244;-0.6209838283181613;-0.49920768260333204;-0.24710536429033883;-0.030729254193150108;2.060952389667274;2.536742788970546;-0.15220388682955227;-0.40599897147057507;-0.18749999999999997;1.0
Cc1nc(Nc2ccc(NS(=O)(=O)c3cccc(Cl)c3)cc2)cc(N2CCCC2)n1;-0.36280237509408025;0.6832832202831016;-0.16957679805484424;1.6258289027286723;-0.46286595987428214;-1.5424960137979244;-0.6209838283181613;-0.49920768260333204;-0.24710536429033883;-0.030729254193150108;-0.48521256726432327;-0.4361122207682917;-0.15220388682955227;-0.40599897147057507;-0.18749999999999997;1.0
Cc1nc(Nc2ccc(NS(=O)(=O)c3ccccc3)cc2)cc(N(C)C)n1;0.6391570787619014;-0.9471713993271166;-0.16957679805484424;-0.3851146642402806;-0.46286595987428214;-1.5424960137979244;-0.6209838283181613;-0.49920768260333204;-0.24710536429033883;-0.030729254193150108;-0.48521256726432327;-0.4361122207682917;-0.15220388682955227;-0.40599897147057507;-0.18749999999999997;1.0
Cc1nc(Nc2ccc(NS(=O)(=O)c3ccccc3)cc2)cc(N2CCCC2)n1;-0.7347623804760864;0.5810847780924603;-0.16957679805484424;1.6258289027286723;-0.46286595987428214;-1.5424960137979244;-0.6209838283181613;-0.49920768260333204;-0.24710536429033883;-0.030729254193150108;-0.48521256726432327;-0.4361122207682917;-0.15220388682955227;-0.40599897147057507;-0.18749999999999997;1.0
Cc1nc(Nc2ccc(NS(=O)(=O)c3ccccc3)cc2)cc(N2CCCCC2)n1;-0.7170375567597801;0.19709976796353487;-0.16957679805484424;-0.3851146642402806;-0.46286595987428214;-1.5424960137979244;-0.6209838283181613;-0.49920768260333204;-0.24710536429033883;-0.030729254193150108;-0.48521256726432327;-0.4361122207682917;-0.15220388682955227;-0.40599897147057507;-0.18749999999999997;1.0
Cc1nc(Nc2ccc(NS(=O)(=O)c3ccccc3)cc2)cc(N2CCOCC2)n1;-0.7170375567597801;0.7116776987941118;-0.16957679805484424;-0.3851146642402806;-0.46286595987428214;-1.5424960137979244;-0.6209838283181613;-0.49920768260333204;-0.24710536429033883;-0.030729254193150108;-0.48521256726432327;-0.4361122207682917;-0.15220388682955227;-0.40599897147057507;-0.18749999999999997;1.0
Cc1nc(Nc2ccc(NS(=O)(=O)c3ccccc3Cl)cc2)cc(N(C)C)n1;0.9886171038412634;-1.1783911663811824;-0.16957679805484424;-0.3851146642402806;-0.46286595987428214;-1.5424960137979244;-0.6209838283181613;-0.49920768260333204;-0.24710536429033883;-0.030729254193150108;-0.48521256726432327;-0.4361122207682917;-0.15220388682955227;-0.40599897147057507;-0.18749999999999997;0.0
Cc1nc(Nc2ccc(NS(=O)(=O)c3ccccc3Cl)cc2)cc(N2CCCC2)n1;-0.36280237509408025;0.4595836597936222;-0.16957679805484424;1.6258289027286723;-0.46286595987428214;-1.5424960137979244;-0.6209838283181613;-0.49920768260333204;-0.24710536429033883;-0.030729254193150108;-0.48521256726432327;-0.4361122207682917;-0.15220388682955227;-0.40599897147057507;-0.18749999999999997;1.0
Cc1nc(Nc2ccc(NS(=O)(=O)c3ccccc3Cl)cc2)cc(N2CCOCC2)n1;-0.35764802973578136;0.6145080798577025;-0.16957679805484424;-0.3851146642402806;-0.46286595987428214;-1.5424960137979244;-0.6209838283181613;-0.49920768260333204;-0.24710536429033883;-0.030729254193150108;-0.48521256726432327;-0.4361122207682917;-0.15220388682955227;-0.40599897147057507;-0.18749999999999997;1.0
Cc1nc(Nc2ccc(NS(=O)(=O)c3ccccc3F)cc2)cc(N(C)C)n1;0.9886171038412634;-0.9318742992066702;-0.16957679805484424;-0.3851146642402806;-0.46286595987428214;-1.5424960137979244;-0.6209838283181613;-0.49920768260333204;-0.24710536429033883;-0.030729254193150108;-0.48521256726432327;-0.4361122207682917;-0.15220388682955227;-0.40599897147057507;-0.18749999999999997;0.0
Cc1nc(Nc2ccc(NS(=O)(=O)c3ccccc3F)cc2)cc(N2CCOCC2)n1;-0.35764802973578136;0.7177102692440354;-0.16957679805484424;-0.3851146642402806;-0.46286595987428214;-1.5424960137979244;-0.6209838283181613;-0.49920768260333204;-0.24710536429033883;-0.030729254193150108;-0.48521256726432327;-0.4361122207682917;-0.15220388682955227;-0.40599897147057507;-0.18749999999999997;1.0
Cc1nc(Nc2ccc(O)cc2)cc(-c2ccccc2)n1;-0.8009365711288127;0.0003873696992579103;-0.16957679805484424;-0.3851146642402806;-1.5751643097199564;-0.9731903819644286;-0.6209838283181613;-0.49920768260333204;-0.24710536429033883;-0.030729254193150108;-0.48521256726432327;-0.4361122207682917;-0.15220388682955227;-0.40599897147057507;-0.18749999999999997;1.0
Cc1nc(Nc2ccc(Oc3ccccc3)cc2)[nH]c(=O)c1C;-0.2868977339872869;-0.5173083247116875;-0.16957679805484424;-0.3851146642402806;0.728183504088674;-0.9731903819644286;-0.6209838283181613;-0.49920768260333204;-0.24710536429033883;-0.030729254193150108;-0.48521256726432327;-0.4361122207682917;-0.15220388682955227;-0.40599897147057507;-0.18749999999999997;0.0
Cc1nc(Nc2ccc(S(=O)(=O)Nc3ccccn3)cc2)cc(-c2ccccc2)n1;-0.7170375567597801;0.08986138013254566;-0.16957679805484424;-0.3851146642402806;-0.46286595987428214;-0.9731903819644286;-0.6209838283181613;-0.49920768260333204;-0.24710536429033883;-0.030729254193150108;-0.48521256726432327;-0.4361122207682917;-0.15220388682955227;-0.40599897147057507;-0.18749999999999997;1.0
Cc1nc(Nc2cccc(C(F)(F)F)c2)nc2c1C(=O)CC(C)C2;1.187222899312634;0.21513151224703764;-0.16957679805484424;-0.3851146642402806;-0.4458020348823024;-0.4038847501309328;-0.6209838283181613;-0.49920768260333204;-0.24710536429033883;-0.030729254193150108;-0.48521256726432327;-0.4361122207682917;-0.15220388682955227;-0.40599897147057507;-0.18749999999999997;0.0
Cc1nc(Nc2cccc(Cl)c2C)c2c(C)noc2n1;0.2318730287612026;-0.34165657595945015;-0.16957679805484424;-0.3851146642402806;-1.5751643097199564;-0.4038847501309328;-0.6209838283181613;-0.49920768260333204;4.046856703705712;-0.030729254193150108;-0.48521256726432327;-0.4361122207682917;-0.15220388682955227;-0.40599897147057507;-0.18749999999999997;1.0
Cc1nc(Nc2ccccc2)nc2c1C(=O)CC(/C=C/c1ccccc1)C2;-1.2941843677810418;0.12784023491724386;-0.16957679805484424;-0.3851146642402806;-0.4458020348823024;-0.4038847501309328;-0.6209838283181613;-0.49920768260333204;-0.24710536429033883;-0.030729254193150108;-0.48521256726432327;-0.4361122207682917;-0.15220388682955227;-0.40599897147057507;-0.18749999999999997;1.0
Cc1nc(Nc2ccccc2)nc2c1C(=O)CC(c1ccco1)C2;-1.4305802051302958;-0.5953765952203891;-0.16957679805484424;-0.3851146642402806;-0.4458020348823024;-0.9731903819644286;-0.6209838283181613;-0.49920768260333204;-0.24710536429033883;-0.030729254193150108;-0.48521256726432327;-0.4361122207682917;-0.15220388682955227;-0.40599897147057507;-0.18749999999999997;1.0
Cc1nc(Nc2ccccc2)nc2c1C(=O)CCC2;-0.8638754029332277;-0.5991083824519191;-0.16957679805484424;-0.3851146642402806;-0.4458020348823024;-0.9731903819644286;-0.6209838283181613;-0.49920768260333204;-0.24710536429033883;-0.030729254193150108;-0.48521256726432327;-0.4361122207682917;-0.15220388682955227;-0.40599897147057507;-0.18749999999999997;0.0
Cc1nc(Nc2ccccc2)ncc1C#N;0.06878901710567238;-0.15232660335940287;-0.16957679805484424;-0.3851146642402806;-1.5751643097199564;-0.9731903819644286;-0.6209838283181613;-0.49920768260333204;-0.24710536429033883;-0.030729254193150108;-0.48521256726432327;-0.4361122207682917;-0.15220388682955227;-0.40599897147057507;-0.18749999999999997;1.0
Cc1nc(Nc2ccccn2)sc1C(=O)N1CCN(Cc2ccc3c(c2)OCO3)CC1;-1.6987178234999096;0.3052880330164138;-0.16957679805484424;1.6258289027286723;0.708380942051631;-0.9731903819644286;-0.6209838283181613;-0.49920768260333204;-0.24710536429033883;-0.030729254193150108;-0.48521256726432327;-0.4361122207682917;-0.15220388682955227;-0.40599897147057507;-0.18749999999999997;0.0
Cc1nc(Nc2cnn(C3CCNCC3)c2)nc2c1N(C)C(=O)c1cc3ccccc3cc1N2C;-1.4035261779132586;0.6445324754904174;-0.16957679805484424;-0.3851146642402806;0.657005475036045;0.16542088170256303;-0.6209838283181613;-0.49920768260333204;-0.24710536429033883;-0.030729254193150108;-0.48521256726432327;-0.4361122207682917;-0.15220388682955227;-0.40599897147057507;-0.18749999999999997;1.0
Cc1nc(Nc2n[nH]c3c2CN(C(=O)N[C@H](CN(C)C)c2ccccc2)C3(C)C)c2sccc2n1;-0.21572150343645963;-0.7564750206172095;-0.16957679805484424;1.6258289027286723;-0.3741601951151035;-0.4038847501309328;-0.6209838283181613;-0.49920768260333204;-0.24710536429033883;-0.030729254193150108;-0.48521256726432327;-0.4361122207682917;-0.15220388682955227;-0.40599897147057507;-0.18749999999999997;0.0
Cc1nc(Nc2nc(=O)c3c([nH]2)CCCC3)nc2c(C)cccc12;-0.9877862280481674;0.5432407871746251;-0.16957679805484424;-0.3851146642402806;0.8065775467381363;0.16542088170256303;-0.6209838283181613;-0.49920768260333204;-0.24710536429033883;-0.030729254193150108;-0.48521256726432327;-0.4361122207682917;-0.15220388682955227;-0.40599897147057507;-0.18749999999999997;1.0
Cc1nc(Nc2nc(O)c(Cc3ccccc3)c(O)n2)nc2ccccc12;-0.9005897214858158;-0.25488860470145425;-0.16957679805484424;-0.3851146642402806;-0.3227847280995177;0.16542088170256303;-0.6209838283181613;-0.49920768260333204;-0.24710536429033883;-0.030729254193150108;-0.48521256726432327;-0.4361122207682917;-0.15220388682955227;-0.40599897147057507;-0.18749999999999997;1.0
Cc1nc(Nc2nc3ccccc3o2)nc(-c2ccccc2)c1C#N;-1.3814777036845576;0.7874870038700001;-0.16957679805484424;-0.3851146642402806;-0.3227847280995177;-0.4038847501309328;-0.6209838283181613;-0.49920768260333204;-0.24710536429033883;-0.030729254193150108;-0.48521256726432327;-0.4361122207682917;-0.15220388682955227;-0.40599897147057507;-0.18749999999999997;1.0
Cc1nc(Nc2nc3ccccc3s2)nc(-c2ccccc2)c1C#N;-1.3814777036845576;0.4992801044482428;-0.16957679805484424;-0.3851146642402806;-0.3227847280995177;-0.4038847501309328;-0.6209838283181613;-0.49920768260333204;-0.24710536429033883;-0.030729254193150108;-0.48521256726432327;-0.4361122207682917;-0.15220388682955227;-0.40599897147057507;-0.18749999999999997;1.0
Cc1nc(Nc2ncc(C(=O)Nc3c(C)cccc3Cl)s2)cc(N2CCN(C(=O)CCCCCCC(=O)N[C@H](C(=O)N3C[C@H](O)C[C@H]3C(=O)NCc3ccc(-c4scnc4C)cc3)C(C)(C)C)CC2)n1;0.37033013242936075;1.7397709122149472;-0.16957679805484424;1.6258289027286723;4.071647064468314;0.16542088170256303;-0.6209838283181613;-0.49920768260333204;-0.24710536429033883;-0.030729254193150108;-0.48521256726432327;-0.4361122207682917;-0.15220388682955227;-0.40599897147057507;-0.18749999999999997;0.0
Cc1nc(Nc2ncc(C(=O)Nc3c(C)cccc3Cl)s2)cc(N2CCN(CC(=O)NCCCCNC(=O)COc3cccc4c3C(=O)N(C3CCC(=O)NC3=O)C4=O)CC2)n1;-0.12496394374592348;0.350949255885138;-0.16957679805484424;1.6258289027286723;9.891117149631928;0.16542088170256303;-0.6209838283181613;-0.49920768260333204;-0.24710536429033883;-0.030729254193150108;-0.48521256726432327;-0.4361122207682917;-0.15220388682955227;-0.40599897147057507;-0.18749999999999997;0.0
Cc1nc(Nc2ncc(C(=O)Nc3c(C)cccc3Cl)s2)cc(N2CCN(CC(=O)O)CC2)n1;0.18070941726140813;-0.25575453673597115;-0.16957679805484424;-0.3851146642402806;1.8377432168892844;-0.9731903819644286;-0.6209838283181613;-0.49920768260333204;-0.24710536429033883;-0.030729254193150108;-0.48521256726432327;-0.4361122207682917;-0.15220388682955227;-0.40599897147057507;-0.18749999999999997;0.0
Cc1nc(Nc2ncc(C(=O)Nc3c(C)cccc3Cl)s2)cc(N2CCN(CCO)CC2)n1;-0.12969447254837724;-0.3553882688110715;-0.16957679805484424;-0.3851146642402806;0.708380942051631;-0.9731903819644286;-0.6209838283181613;-0.49920768260333204;-0.24710536429033883;-0.030729254193150108;-0.48521256726432327;-0.4361122207682917;-0.15220388682955227;-0.40599897147057507;-0.18749999999999997;0.0
Cc1nc(Nc2ncc(C(=O)Nc3c(C)cccc3Cl)s2)cc(N2CCNCC2)n1;-0.47659733457022607;-0.07523946899979617;-0.16957679805484424;-0.3851146642402806;-0.4458020348823024;-0.9731903819644286;-0.6209838283181613;-0.49920768260333204;-0.24710536429033883;-0.030729254193150108;-0.48521256726432327;-0.4361122207682917;-0.15220388682955227;-0.40599897147057507;-0.18749999999999997;1.0
Cc1nc(Nc2ncc(C(=O)Nc3cc(NC(=O)c4cccc(C(F)(F)F)c4)ccc3C)s2)cc(N2CCN(CCO)CC2)n1;0.25941514643992997;-0.8835031838198222;-0.16957679805484424;-0.3851146642402806;1.8377432168892849;0.16542088170256303;1.6103478937742153;2.090483068911506;-0.24710536429033883;-0.030729254193150108;-0.48521256726432327;-0.4361122207682917;-0.15220388682955227;2.463060426921489;-0.18749999999999997;0.0
Cc1nc(Nc2ncc3c(n2)CC(c2ccccc2)CC3=O)nc2ccccc12;-1.801869558293904;-0.22176730936898525;-0.16957679805484424;-0.3851146642402806;0.8065775467381363;0.16542088170256303;-0.6209838283181613;-0.49920768260333204;-0.24710536429033883;-0.030729254193150108;-0.48521256726432327;-0.4361122207682917;-0.15220388682955227;-0.40599897147057507;-0.18749999999999997;1.0
Cc1nc(Nc2ncc3c(n2)CC(c2ccco2)CC3=O)nc2ccccc12;-1.858971411483442;-0.45409329973624035;-0.16957679805484424;-0.3851146642402806;0.8065775467381363;-0.4038847501309328;-0.6209838283181613;-0.49920768260333204;-0.24710536429033883;-0.030729254193150108;-0.48521256726432327;-0.4361122207682917;-0.15220388682955227;-0.40599897147057507;-0.18749999999999997;1.0
Cc1nc(O)[nH]c(=O)c1S(=O)(=O)N1CCN(C(c2ccccc2)c2ccccc2)CC1;-0.014839789414136799;1.8813177826655267;-0.16957679805484424;-0.3851146642402806;1.8823664810226073;-0.4038847501309328;-0.6209838283181613;-0.49920768260333204;-0.24710536429033883;-0.030729254193150108;2.060952389667274;2.536742788970546;-0.15220388682955227;-0.40599897147057507;-0.18749999999999997;1.0
Cc1nc(O)[nH]c(=O)c1S(=O)(=O)N1CCN(c2ccc(F)cc2)CC1;1.1316132765806406;1.2546021234068943;-0.16957679805484424;-0.3851146642402806;0.728183504088674;-1.5424960137979244;-0.6209838283181613;-0.49920768260333204;-0.24710536429033883;-0.030729254193150108;2.060952389667274;2.536742788970546;-0.15220388682955227;-0.40599897147057507;-0.18749999999999997;0.0
Cc1nc(O)[nH]c(=O)c1S(=O)(=O)NC(C)c1ccc(Cl)cc1;2.5650747406322445;0.05387620886894905;-0.16957679805484424;-0.3851146642402806;0.728183504088674;-0.9731903819644286;-0.6209838283181613;-0.49920768260333204;4.046856703705712;-0.030729254193150108;2.060952389667274;2.536742788970546;-0.15220388682955227;-0.40599897147057507;-0.18749999999999997;0.0
Cc1nc(O)[nH]c(=O)c1S(=O)(=O)NC(C)c1ccccc1;2.190838405377389;0.04394468624381101;-0.16957679805484424;-0.3851146642402806;0.728183504088674;-0.9731903819644286;-0.6209838283181613;-0.49920768260333204;-0.24710536429033883;-0.030729254193150108;2.060952389667274;2.536742788970546;-0.15220388682955227;-0.40599897147057507;-0.18749999999999997;0.0
Cc1nc(O)[nH]c(=O)c1S(=O)(=O)NC(c1ccccc1)c1ccccc1;0.6715484152137646;-1.0607644341673148;-0.16957679805484424;-0.3851146642402806;0.728183504088674;-0.4038847501309328;-0.6209838283181613;-0.49920768260333204;-0.24710536429033883;-0.030729254193150108;2.060952389667274;2.536742788970546;-0.15220388682955227;-0.40599897147057507;-0.18749999999999997;0.0
Cc1nc(O)[nH]c(=O)c1S(=O)(=O)NC1CC2CCC1C2;0.9339182404739783;-0.5946282750094329;-0.16957679805484424;-0.3851146642402806;0.728183504088674;-1.5424960137979244;-0.6209838283181613;-0.49920768260333204;-0.24710536429033883;-0.030729254193150108;2.060952389667274;2.536742788970546;-0.15220388682955227;-0.40599897147057507;-0.18749999999999997;0.0
Cc1nc(O)[nH]c(=O)c1S(=O)(=O)NC1CCCC1;1.9994224483285956;0.022272226306839088;-0.16957679805484424;-0.3851146642402806;0.728183504088674;-1.5424960137979244;-0.6209838283181613;-0.49920768260333204;-0.24710536429033883;-0.030729254193150108;2.060952389667274;2.536742788970546;-0.15220388682955227;-0.40599897147057507;-0.18749999999999997;0.0
Cc1nc(O)[nH]c(=O)c1S(=O)(=O)NCCCn1ccnc1;1.6847881458549563;0.3502241685285123;-0.16957679805484424;-0.3851146642402806;0.728183504088674;-1.5424960137979244;-0.6209838283181613;-0.49920768260333204;-0.24710536429033883;-0.030729254193150108;2.060952389667274;2.536742788970546;-0.15220388682955227;-0.40599897147057507;-0.18749999999999997;0.0
Cc1nc(O)[nH]c(=O)c1S(=O)(=O)NCCSC1CCCCC1;1.598978790634872;-0.23581945372031216;-0.16957679805484424;-0.3851146642402806;0.728183504088674;-1.5424960137979244;-0.6209838283181613;-0.49920768260333204;-0.24710536429033883;-0.030729254193150108;2.060952389667274;2.536742788970546;-0.15220388682955227;-0.40599897147057507;-0.18749999999999997;0.0
Cc1nc(O)[nH]c(=O)c1S(=O)(=O)NCCSCc1c(F)cccc1Cl;2.232903651477947;0.3125672368467531;-0.16957679805484424;-0.3851146642402806;0.728183504088674;-0.9731903819644286;-0.6209838283181613;-0.49920768260333204;-0.24710536429033883;-0.030729254193150108;2.060952389667274;2.536742788970546;-0.15220388682955227;-0.40599897147057507;-0.18749999999999997;0.0
Cc1nc(O)[nH]c(=O)c1S(=O)(=O)NCCSc1ccc(Cl)cc1;1.9826770076065774;-0.4903396205163524;-0.16957679805484424;-0.3851146642402806;0.728183504088674;-1.5424960137979244;-0.6209838283181613;-0.49920768260333204;-0.24710536429033883;-0.030729254193150108;2.060952389667274;2.536742788970546;-0.15220388682955227;-0.40599897147057507;-0.18749999999999997;0.0
Cc1nc(O)[nH]c(=O)c1S(=O)(=O)NCCSc1ccccc1;1.598978790634872;0.06722331556123728;-0.16957679805484424;-0.3851146642402806;0.728183504088674;-1.5424960137979244;-0.6209838283181613;-0.49920768260333204;-0.24710536429033883;-0.030729254193150108;2.060952389667274;2.536742788970546;-0.15220388682955227;-0.40599897147057507;-0.18749999999999997;0.0
Cc1nc(O)[nH]c(=O)c1S(=O)(=O)NCCc1ccccc1;1.6847881458549563;0.18300770655697712;-0.16957679805484424;-0.3851146642402806;0.728183504088674;-0.9731903819644286;-0.6209838283181613;-0.49920768260333204;-0.24710536429033883;-0.030729254193150108;2.060952389667274;2.536742788970546;-0.15220388682955227;-0.40599897147057507;-0.18749999999999997;0.0
Cc1nc(O)[nH]c(=O)c1S(=O)(=O)NCc1ccccc1;1.7791784365970473;-0.4602641896566296;-0.16957679805484424;-0.3851146642402806;0.728183504088674;-0.9731903819644286;-0.6209838283181613;-0.49920768260333204;-0.24710536429033883;-0.030729254193150108;2.060952389667274;2.536742788970546;-0.15220388682955227;-0.40599897147057507;-0.18749999999999997;0.0
Cc1nc(O)[nH]c(=O)c1S(=O)(=O)NCc1ccco1;1.8835045474172531;-0.26683223193775457;-0.16957679805484424;-0.3851146642402806;0.728183504088674;-1.5424960137979244;-0.6209838283181613;-0.49920768260333204;-0.24710536429033883;-0.030729254193150108;2.060952389667274;2.536742788970546;-0.15220388682955227;-0.40599897147057507;-0.18749999999999997;0.0
Cc1nc(O)[nH]c(=O)c1S(=O)(=O)Nc1cc(Cl)c(Cl)cc1Cl;3.0481227156309307;-0.5331078922224043;8.817993498851902;-0.3851146642402806;1.8404818539343477;-1.5424960137979244;-0.6209838283181613;-0.49920768260333204;-0.24710536429033883;-0.030729254193150108;2.060952389667274;2.536742788970546;-0.15220388682955227;-0.40599897147057507;5.333333333333333;0.0
Cc1nc(O)[nH]c(=O)c1S(=O)(=O)Nc1cc(Cl)ccc1Cl;2.6968886648998214;-0.9342500600477944;8.817993498851902;-0.3851146642402806;1.8404818539343477;-1.5424960137979244;-0.6209838283181613;-0.49920768260333204;-0.24710536429033883;-0.030729254193150108;2.060952389667274;2.536742788970546;-0.15220388682955227;-0.40599897147057507;5.333333333333333;0.0
Cc1nc(O)[nH]c(=O)c1S(=O)(=O)Nc1cc(Cl)ccc1Oc1ccccc1;1.032751725057113;-0.14798940609431627;8.817993498851902;-0.3851146642402806;1.8404818539343477;-1.5424960137979244;-0.6209838283181613;-0.49920768260333204;-0.24710536429033883;-0.030729254193150108;2.060952389667274;2.536742788970546;-0.15220388682955227;-0.40599897147057507;5.333333333333333;0.0
Cc1nc(O)[nH]c(=O)c1S(=O)(=O)Nc1ccc(F)cc1F;2.6968886648998214;-0.19921901662430275;-0.16957679805484424;-0.3851146642402806;1.8404818539343477;-1.5424960137979244;-0.6209838283181613;-0.49920768260333204;-0.24710536429033883;-0.030729254193150108;2.060952389667274;2.536742788970546;-0.15220388682955227;-0.40599897147057507;-0.18749999999999997;0.0
Cc1nc(O)[nH]c(=O)c1S(=O)(=O)Nc1cccc(Br)c1;2.3105312090956045;-0.14367573076948006;-0.16957679805484424;-0.3851146642402806;1.8404818539343477;-1.5424960137979244;-0.6209838283181613;-0.49920768260333204;-0.24710536429033883;-0.030729254193150108;2.060952389667274;2.536742788970546;-0.15220388682955227;-0.40599897147057507;-0.18749999999999997;0.0
Cc1nc(O)[nH]c(=O)c1S(=O)(=O)Nc1cccc(C(F)(F)F)c1;3.0551969938772947;-0.8007177031898822;-0.16957679805484424;-0.3851146642402806;1.8404818539343477;-0.9731903819644286;-0.6209838283181613;-0.49920768260333204;-0.24710536429033883;-0.030729254193150108;2.060952389667274;2.536742788970546;-0.15220388682955227;-0.40599897147057507;-0.18749999999999997;0.0
Cc1nc(O)[nH]c(=O)c1S(=O)(=O)Nc1ccccc1;1.8835045474172531;-0.19544607267924774;-0.16957679805484424;-0.3851146642402806;1.8404818539343477;-1.5424960137979244;-0.6209838283181613;-0.49920768260333204;-0.24710536429033883;-0.030729254193150108;2.060952389667274;2.536742788970546;-0.15220388682955227;-0.40599897147057507;-0.18749999999999997;0.0
Cc1nc(O)[nH]c(=O)c1S(=O)(=O)Nc1ccccc1Br;2.3105312090956045;-1.3088446114269026;-0.16957679805484424;-0.3851146642402806;1.8404818539343477;-1.5424960137979244;-0.6209838283181613;-0.49920768260333204;-0.24710536429033883;-0.030729254193150108;2.060952389667274;2.536742788970546;-0.15220388682955227;-0.40599897147057507;-0.18749999999999997;0.0
Cc1nc(O)c(C#N)c(C#N)c1C;3.8843113502327706;0.06743189128518064;-0.16957679805484424;-0.3851146642402806;-1.5751643097199564;0.16542088170256303;-0.6209838283181613;-0.49920768260333204;-0.24710536429033883;-0.030729254193150108;-0.48521256726432327;-0.4361122207682917;-0.15220388682955227;-0.40599897147057507;-0.18749999999999997;1.0
Cc1nc(OCC(=O)N2CCOCC2)c2c(-c3ccc(F)cc3)noc2n1;-0.9005897214858158;-0.8993466528566127;-0.16957679805484424;-0.3851146642402806;-0.4458020348823024;-0.4038847501309328;1.6103478937742153;0.364022567901614;-0.24710536429033883;-0.030729254193150108;2.060952389667274;1.050315284101127;-0.15220388682955227;-0.40599897147057507;-0.18749999999999997;1.0
Cc1nc(OCC(=O)NC(C)C(=O)N2CCCCC2)c2c(-c3ccc(F)cc3)noc2n1;-0.12740312265967288;0.35588733256658933;-0.16957679805484424;-0.3851146642402806;0.6835602399553516;-0.4038847501309328;1.6103478937742153;0.364022567901614;-0.24710536429033883;-0.030729254193150108;2.060952389667274;1.050315284101127;-0.15220388682955227;-0.40599897147057507;-0.18749999999999997;0.0
Cc1nc(OCC(=O)NC2CCS(=O)(=O)C2)c2c(-c3ccc(F)cc3)noc2n1;-0.0018620046160103172;-0.37206748109103294;-0.16957679805484424;1.6258289027286723;-0.4458020348823024;-0.4038847501309328;1.6103478937742153;0.364022567901614;-0.24710536429033883;-0.030729254193150108;2.060952389667274;2.536742788970546;6.5701344481423405;-0.40599897147057507;-0.18749999999999997;0.0
Cc1nc(OCC(=O)NCc2ccc(F)cc2Cl)c2c(-c3ccccc3)noc2n1;-0.47659733457022607;-0.06480588580114348;4.3242083503985285;-0.3851146642402806;-0.4458020348823024;0.16542088170256303;1.6103478937742153;0.364022567901614;-0.24710536429033883;-0.030729254193150108;-0.48521256726432327;-0.4361122207682917;-0.15220388682955227;-0.40599897147057507;5.333333333333333;1.0
Cc1nc(OCC(=O)NCc2ccccc2Cl)c2c(C)c(C)oc2n1;0.56997710721042;2.3046556261059927;4.3242083503985285;-0.3851146642402806;-0.4458020348823024;0.16542088170256303;-0.6209838283181613;-0.49920768260333204;-0.24710536429033883;-0.030729254193150108;-0.48521256726432327;-0.4361122207682917;-0.15220388682955227;-0.40599897147057507;5.333333333333333;0.0
Cc1nc(OCC(=O)NCc2cccnc2)c2c(-c3ccc(F)cc3)noc2n1;-0.8524813040720981;-0.5988918976168429;-0.16957679805484424;-0.3851146642402806;0.728183504088674;0.16542088170256303;1.6103478937742153;0.364022567901614;-0.24710536429033883;-0.030729254193150108;-0.48521256726432327;-0.4361122207682917;-0.15220388682955227;-0.40599897147057507;-0.18749999999999997;0.0
Cc1nc(OCC(=O)Nc2cc(Cl)ccc2Cl)c2ccccc2n1;0.15939124580318756;1.7701493269377986;8.817993498851902;-0.3851146642402806;-0.4458020348823024;-0.9731903819644286;-0.6209838283181613;-0.49920768260333204;-0.24710536429033883;-0.030729254193150108;-0.48521256726432327;-0.4361122207682917;-0.15220388682955227;-0.40599897147057507;5.333333333333333;1.0
Cc1nc(OCC(=O)Nc2cc(F)ccc2C)c2ccccc2n1;0.15939124580318756;1.125918641333705;-0.16957679805484424;-0.3851146642402806;-0.4458020348823024;-0.4038847501309328;-0.6209838283181613;-0.49920768260333204;-0.24710536429033883;-0.030729254193150108;-0.48521256726432327;-0.4361122207682917;-0.15220388682955227;2.463060426921489;-0.18749999999999997;1.0
Cc1nc(OCC(=O)Nc2ccc(C(C)C)cc2)c2ccccc2n1;0.1448948892115773;0.8111313698838658;-0.16957679805484424;-0.3851146642402806;-0.4458020348823024;-0.4038847501309328;-0.6209838283181613;-0.49920768260333204;-0.24710536429033883;-0.030729254193150108;-0.48521256726432327;-0.4361122207682917;-0.15220388682955227;-0.40599897147057507;-0.18749999999999997;1.0
Cc1nc(OCC(=O)Nc2ccc(C)c(C)c2)c2ccccc2n1;0.15939124580318756;1.4861232317511186;-0.16957679805484424;-0.3851146642402806;-0.4458020348823024;0.16542088170256303;-0.6209838283181613;-0.49920768260333204;-0.24710536429033883;-0.030729254193150108;-0.48521256726432327;-0.4361122207682917;-0.15220388682955227;-0.40599897147057507;-0.18749999999999997;1.0
Cc1nc(OCC(=O)Nc2cccc(Br)c2)c2ccccc2n1;-0.2868977339872869;1.7115194062069394;-0.16957679805484424;-0.3851146642402806;-0.4458020348823024;-0.9731903819644286;-0.6209838283181613;-0.49920768260333204;-0.24710536429033883;-0.030729254193150108;-0.48521256726432327;-0.4361122207682917;-0.15220388682955227;-0.40599897147057507;-0.18749999999999997;1.0
Cc1nc(OCC(=O)Nc2cccc(C(F)(F)F)c2)c2ccccc2n1;0.6715484152137646;2.11008555238398;-0.16957679805484424;-0.3851146642402806;-0.4458020348823024;-0.4038847501309328;-0.6209838283181613;-0.49920768260333204;-0.24710536429033883;-0.030729254193150108;-0.48521256726432327;-0.4361122207682917;-0.15220388682955227;-0.40599897147057507;-0.18749999999999997;0.0
Cc1nc(OCC(=O)Nc2cccc(C)c2C)c2c(-c3ccc(F)cc3)noc2n1;-0.12236215290451896;0.8967089170799043;-0.16957679805484424;-0.3851146642402806;-0.4458020348823024;0.7347265135360589;1.6103478937742153;0.364022567901614;-0.24710536429033883;-0.030729254193150108;-0.48521256726432327;-0.4361122207682917;-0.15220388682955227;-0.40599897147057507;-0.18749999999999997;1.0
Cc1nc(Oc2ccc(F)cc2)c(C(=O)O)c(C)c1Cl;2.1398387698813783;0.005532783090946279;-0.16957679805484424;-0.3851146642402806;-1.5751643097199564;-0.4038847501309328;-0.6209838283181613;-0.49920768260333204;-0.24710536429033883;-0.030729254193150108;-0.48521256726432327;-0.4361122207682917;-0.15220388682955227;-0.40599897147057507;-0.18749999999999997;0.0
Cc1nc(Oc2ccc3c(c2)OCO3)c2c3c(sc2n1)CCCC3;-2.577757678981651;-0.7194920785324369;-0.16957679805484424;1.6258289027286723;-1.5751643097199564;-0.4038847501309328;-0.6209838283181613;-0.49920768260333204;-0.24710536429033883;-0.030729254193150108;-0.48521256726432327;-0.4361122207682917;-0.15220388682955227;-0.40599897147057507;-0.18749999999999997;1.0
Cc1nc(Oc2ccc3cnccc3c2)c2c3c(sc2n1)CCCC3;-2.482768078581864;0.2736164284071083;-0.16957679805484424;-0.3851146642402806;-0.40117877074897995;0.7347265135360589;-0.6209838283181613;-0.49920768260333204;-0.24710536429033883;-0.030729254193150108;-0.48521256726432327;-0.4361122207682917;-0.15220388682955227;-0.40599897147057507;-0.18749999999999997;1.0
Cc1nc(Oc2cccc(N)c2)c(C#N)c(C)c1Cl;1.7038282956128101;-0.5719133366035228;-0.16957679805484424;-0.3851146642402806;-1.5751643097199564;-0.4038847501309328;-0.6209838283181613;-0.49920768260333204;-0.24710536429033883;-0.030729254193150108;-0.48521256726432327;-0.4361122207682917;-0.15220388682955227;-0.40599897147057507;-0.18749999999999997;0.0
Cc1nc(Oc2ccccc2)c(N)c(N2CCC(C)CC2)n1;-0.29071046421457947;-0.5052296081590256;-0.16957679805484424;-0.3851146642402806;-1.5751643097199564;-1.5424960137979244;-0.6209838283181613;-0.49920768260333204;-0.24710536429033883;-0.030729254193150108;-0.48521256726432327;-0.4361122207682917;-0.15220388682955227;-0.40599897147057507;-0.18749999999999997;1.0
Cc1nc(Oc2ccccc2)c(N)c(N2CCC(N(C)C)CC2)n1;0.15939124580318756;-0.006460873138012659;-0.16957679805484424;-0.3851146642402806;-1.5751643097199564;-1.5424960137979244;-0.6209838283181613;-0.49920768260333204;-0.24710536429033883;-0.030729254193150108;-0.48521256726432327;-0.4361122207682917;-0.15220388682955227;-0.40599897147057507;-0.18749999999999997;1.0
Cc1nc(Oc2ccccc2)c(N)c(N2CCCCC2)n1;-0.8009365711288127;0.15304803504226808;-0.16957679805484424;-0.3851146642402806;-1.5751643097199564;-1.5424960137979244;-0.6209838283181613;-0.49920768260333204;-0.24710536429033883;-0.030729254193150108;-0.48521256726432327;-0.4361122207682917;-0.15220388682955227;-0.40599897147057507;-0.18749999999999997;1.0
Cc1nc(Oc2cccnc2)c2oc3ccccc3c2n1;-2.1119965412446438;0.1685051178520896;-0.16957679805484424;-0.3851146642402806;-0.40117877074897995;-0.9731903819644286;-0.6209838283181613;-0.49920768260333204;-0.24710536429033883;-0.030729254193150108;-0.48521256726432327;-0.4361122207682917;-0.15220388682955227;-0.40599897147057507;-0.18749999999999997;1.0
Cc1nc(S(=O)(=O)N(C)C2CCCCC2)c(C#N)c(C)c1Cl;2.5650747406322445;-0.6488266299308055;8.817993498851902;-0.3851146642402806;-1.5751643097199564;-0.4038847501309328;-0.6209838283181613;-0.49920768260333204;4.046856703705712;-0.030729254193150108;-0.48521256726432327;-0.4361122207682917;-0.15220388682955227;-0.40599897147057507;5.333333333333333;0.0
Cc1nc(S(=O)(=O)N(C)c2ccc(Cl)cc2)c(C#N)c(C)c1Cl;2.9067687858649323;0.5692971038698025;8.817993498851902;-0.3851146642402806;-0.5610625645607878;-0.4038847501309328;-0.6209838283181613;-0.49920768260333204;4.046856703705712;-0.030729254193150108;-0.48521256726432327;-0.4361122207682917;-0.15220388682955227;-0.40599897147057507;5.333333333333333;0.0
Cc1nc(S(=O)(=O)N(CCCN2CCc3ccccc3C2)C2CCOCC2)cn1C;-0.36280237509408025;-0.220420252623955;-0.16957679805484424;-0.3851146642402806;-0.4209813327860232;-0.4038847501309328;-0.6209838283181613;-0.49920768260333204;-0.24710536429033883;-0.030729254193150108;2.060952389667274;2.536742788970546;-0.15220388682955227;-0.40599897147057507;-0.18749999999999997;1.0
Cc1nc(S(=O)(=O)N2CC3(CC(CC(=O)NCC4CC4)CO3)C2)cn1C;0.15265014066850524;-0.13272169239293422;-0.16957679805484424;1.6258289027286723;-0.4458020348823024;-1.5424960137979244;-0.6209838283181613;-0.49920768260333204;-0.24710536429033883;-0.030729254193150108;-0.48521256726432327;-0.4361122207682917;-0.15220388682955227;-0.40599897147057507;-0.18749999999999997;0.0
Cc1nc(S(=O)(=O)N2CCC(C(=O)NC3CCCC3)CC2)cn1C;0.7444289222305055;0.8737460409554213;-0.16957679805484424;-0.3851146642402806;-0.4458020348823024;-1.5424960137979244;-0.6209838283181613;-0.49920768260333204;-0.24710536429033883;-0.030729254193150108;-0.48521256726432327;-0.4361122207682917;6.5701344481423405;-0.40599897147057507;-0.18749999999999997;0.0
Cc1nc(S(=O)(=O)N2CCC(C(=O)Nc3ccc(C(C)C)cc3)CC2)cn1C;1.3681547984830806;0.7192068217653612;-0.16957679805484424;-0.3851146642402806;-0.4458020348823024;-0.9731903819644286;-0.6209838283181613;-0.49920768260333204;-0.24710536429033883;-0.030729254193150108;-0.48521256726432327;-0.4361122207682917;6.5701344481423405;-0.40599897147057507;-0.18749999999999997;0.0
Cc1nc(S(=O)(=O)N2CCC(C(=O)Nc3ccc(F)cc3)CC2)cn1C;1.0802813171357377;0.6444307042840105;-0.16957679805484424;-0.3851146642402806;-0.4458020348823024;-1.5424960137979244;-0.6209838283181613;-0.49920768260333204;-0.24710536429033883;-0.030729254193150108;-0.48521256726432327;-0.4361122207682917;6.5701344481423405;-0.40599897147057507;-0.18749999999999997;0.0
Cc1nc(S(=O)(=O)N2CCC(C)CC2)c(C#N)c(C)c1Cl;2.6968886648998214;-0.20788989351345205;8.817993498851902;-0.3851146642402806;-1.5751643097199564;-0.4038847501309328;-0.6209838283181613;-0.49920768260333204;4.046856703705712;-0.030729254193150108;-0.48521256726432327;-0.4361122207682917;-0.15220388682955227;-0.40599897147057507;5.333333333333333;0.0
Cc1nc(S(=O)(=O)N2CCC(N(CCN)C3CCOCC3)CC2)cn1C;0.6715484152137718;1.1920896798876908;-0.16957679805484424;-0.3851146642402806;-0.4209813327860232;-1.5424960137979244;-0.6209838283181613;-0.49920768260333204;-0.24710536429033883;-0.030729254193150108;-0.48521256726432327;-0.4361122207682917;-0.15220388682955227;-0.40599897147057507;-0.18749999999999997;0.0
Cc1nc(S(=O)(=O)N2CCC3(CC2)CC(OCC(=O)N(C)C)CCO3)cn1C;1.490077969350387;0.37085970246732297;-0.16957679805484424;-0.3851146642402806;-0.4458020348823024;-1.5424960137979244;-0.6209838283181613;-0.49920768260333204;-0.24710536429033883;-0.030729254193150108;2.060952389667274;2.536742788970546;-0.15220388682955227;-0.40599897147057507;-0.18749999999999997;0.0
Cc1nc(S(=O)(=O)N2CCC3(CC2)CC3NC(=O)c2ccncc2)cn1C;0.1394772588294169;-0.5398306945574406;-0.16957679805484424;-0.3851146642402806;0.728183504088674;-0.9731903819644286;-0.6209838283181613;-0.49920768260333204;-0.24710536429033883;-0.030729254193150108;-0.48521256726432327;-0.4361122207682917;-0.15220388682955227;-0.40599897147057507;-0.18749999999999997;0.0
Cc1nc(S(=O)(=O)N2CCC3C(=O)N(Cc4ccccc4)CC(=O)N3CC2)cn1C;0.34566798823733397;-0.23341625328524412;-0.16957679805484424;-0.3851146642402806;0.6835602399553516;-0.9731903819644286;-0.6209838283181613;-0.49920768260333204;-0.24710536429033883;-0.030729254193150108;-0.48521256726432327;-0.4361122207682917;6.5701344481423405;-0.40599897147057507;-0.18749999999999997;0.0
Cc1nc(S(=O)(=O)N2CCCC2CCc2noc(-c3ccccc3)n2)cn1C;-0.37421556838743975;-0.717723237031513;-0.16957679805484424;1.6258289027286723;-1.5751643097199564;-0.9731903819644286;-0.6209838283181613;-0.49920768260333204;-0.24710536429033883;-0.030729254193150108;-0.48521256726432327;-0.4361122207682917;-0.15220388682955227;-0.40599897147057507;-0.18749999999999997;1.0
Cc1nc(S(=O)(=O)N2CCN(c3ccc(Cl)cc3)CC2)cn1C;0.7856222522834375;-0.45839112397526643;-0.16957679805484424;-0.3851146642402806;-1.5751643097199564;-1.5424960137979244;-0.6209838283181613;-0.49920768260333204;-0.24710536429033883;-0.030729254193150108;-0.48521256726432327;-0.4361122207682917;-0.15220388682955227;-0.40599897147057507;-0.18749999999999997;1.0
Cc1nc(S(=O)(=O)N2CCN(c3cccc(Cl)c3)CC2)cn1C;0.7856222522834375;1.306659677122297;-0.16957679805484424;-0.3851146642402806;-1.5751643097199564;-1.5424960137979244;-0.6209838283181613;-0.49920768260333204;-0.24710536429033883;-0.030729254193150108;-0.48521256726432327;-0.4361122207682917;-0.15220388682955227;-0.40599897147057507;-0.18749999999999997;0.0
Cc1nc(S(=O)(=O)N2CCN(c3cnn4c(C)nnc4c3)CC2)cn1C;0.021348264349868765;-0.6464285340167029;-0.16957679805484424;-0.3851146642402806;-1.5751643097199564;-1.5424960137979244;-0.6209838283181613;-0.49920768260333204;-0.24710536429033883;-0.030729254193150108;-0.48521256726432327;-0.4361122207682917;-0.15220388682955227;-0.40599897147057507;-0.18749999999999997;1.0
Cc1nc(S(=O)(=O)N2C[C@@H]3CN(C(=O)c4ccccc4)C[C@]3(C(=O)N(C)C)C2)cn1C;1.1237090858825836;1.9388315536915603;-0.16957679805484424;3.636772469697625;0.6835602399553516;-0.9731903819644286;-0.6209838283181613;-0.49920768260333204;-0.24710536429033883;-0.030729254193150108;2.060952389667274;4.023170293839964;-0.15220388682955227;-0.40599897147057507;-0.18749999999999997;0.0
Cc1nc(S(=O)(=O)N2C[C@H]3CCCC(=O)N(Cc4ccccc4)[C@H]3C2)cn1C;0.005322126254391848;0.268059883377222;-0.16957679805484424;1.6258289027286723;-0.4458020348823024;-0.9731903819644286;-0.6209838283181613;-0.49920768260333204;-0.24710536429033883;-0.030729254193150108;-0.48521256726432327;-0.4361122207682917;6.5701344481423405;-0.40599897147057507;-0.18749999999999997;0.0
Cc1nc(S(=O)(=O)N2Cc3c(-c4nc(C5CC5)no4)nn(C)c3C2)cn1C;-0.6130802488278337;-0.01625198577115857;-0.16957679805484424;1.6258289027286723;-0.472356799801609;-0.9731903819644286;-0.6209838283181613;-0.49920768260333204;-0.24710536429033883;-0.030729254193150108;-0.48521256726432327;-0.4361122207682917;6.5701344481423405;-0.40599897147057507;-0.18749999999999997;1.0
Cc1nc(S(=O)(=O)N2[C@@H]3CC[C@H]2Cc2nn(CC4CC4)c(=O)n2C3)cn1C;-0.6130802488278337;-1.7380646545898217;-0.16957679805484424;1.6258289027286723;-0.49937537543548566;-1.5424960137979244;-0.6209838283181613;-0.49920768260333204;-0.24710536429033883;-0.030729254193150108;-0.48521256726432327;-0.4361122207682917;6.5701344481423405;-0.40599897147057507;-0.18749999999999997;1.0
Cc1nc(S(=O)(=O)NCc2ccccc2Cl)c(C#N)c(C)c1Cl;2.444722896735755;1.4533885233012096;17.805563795758648;-0.3851146642402806;-1.5751643097199564;0.16542088170256303;-0.6209838283181613;-0.49920768260333204;4.046856703705712;-0.030729254193150108;-0.48521256726432327;-0.4361122207682917;-0.15220388682955227;-0.40599897147057507;5.333333333333333;0.0
Cc1nc(S(=O)(=O)NCc2cccnc2Oc2ccccc2)cn1C;0.28144884058296243;0.8834053391696624;-0.16957679805484424;-0.3851146642402806;-1.5751643097199564;-0.9731903819644286;-0.6209838283181613;-0.49920768260333204;-0.24710536429033883;-0.030729254193150108;2.060952389667274;2.536742788970546;-0.15220388682955227;-0.40599897147057507;-0.18749999999999997;1.0
Cc1nc(S(=O)(=O)N[C@H]2Cc3c(C(=O)NCc4ccccc4)cnn3C2)cn1C;-0.001862004616003085;-0.6249501551499452;-0.16957679805484424;1.6258289027286723;0.657005475036045;-0.4038847501309328;-0.6209838283181613;-0.49920768260333204;-0.24710536429033883;-0.030729254193150108;-0.48521256726432327;-0.4361122207682917;-0.15220388682955227;-0.40599897147057507;-0.18749999999999997;0.0
Cc1nc(S(=O)(=O)Nc2ccc(-c3nc4ccc(Cl)cc4s3)cc2)cn1C;0.013038414967022988;-0.7710634598284376;-0.16957679805484424;-0.3851146642402806;-0.46286595987428214;-0.9731903819644286;-0.6209838283181613;-0.49920768260333204;-0.24710536429033883;-0.030729254193150108;-0.48521256726432327;-0.4361122207682917;-0.15220388682955227;-0.40599897147057507;-0.18749999999999997;1.0
Cc1nc(S(=O)(=O)Nc2ccc(C(C)C)cc2)cn1C;2.3105312090956045;-1.853140211916007;-0.16957679805484424;-0.3851146642402806;-0.46286595987428214;-0.9731903819644286;-0.6209838283181613;-0.49920768260333204;-0.24710536429033883;-0.030729254193150108;-0.48521256726432327;-0.4361122207682917;-0.15220388682955227;-0.40599897147057507;-0.18749999999999997;1.0
Cc1nc(S(=O)(=O)Nc2ccc(Cl)cc2)cn1C;1.9994224483285956;-0.7640283918987919;-0.16957679805484424;-0.3851146642402806;-0.46286595987428214;-1.5424960137979244;-0.6209838283181613;-0.49920768260333204;-0.24710536429033883;-0.030729254193150108;-0.48521256726432327;-0.4361122207682917;-0.15220388682955227;-0.40599897147057507;-0.18749999999999997;0.0
Cc1nc(S(=O)(=O)Nc2ccc(F)c(Cl)c2)cn1C;2.4428232553104667;-1.0263001549227957;8.817993498851902;-0.3851146642402806;-0.46286595987428214;-1.5424960137979244;-0.6209838283181613;-0.49920768260333204;-0.24710536429033883;-0.030729254193150108;-0.48521256726432327;-0.4361122207682917;-0.15220388682955227;-0.40599897147057507;5.333333333333333;0.0
Cc1nc(S(=O)(=O)Nc2ccc(F)cc2)cn1C;1.9994224483285956;-0.9291476002979989;-0.16957679805484424;-0.3851146642402806;-0.46286595987428214;-1.5424960137979244;-0.6209838283181613;-0.49920768260333204;-0.24710536429033883;-0.030729254193150108;-0.48521256726432327;-0.4361122207682917;-0.15220388682955227;-0.40599897147057507;-0.18749999999999997;0.0
Cc1nc(S(=O)(=O)Nc2ccc(F)cc2Cl)cn1C;2.4428232553104667;-0.5074403647415071;-0.16957679805484424;-0.3851146642402806;-0.46286595987428214;-1.5424960137979244;-0.6209838283181613;-0.49920768260333204;4.046856703705712;-0.030729254193150108;-0.48521256726432327;-0.4361122207682917;-0.15220388682955227;-0.40599897147057507;-0.18749999999999997;0.0
Cc1nc(S(=O)(=O)Nc2ccc3nc(S(C)(=O)=O)sc3c2)cn1C;1.7722605757399374;-1.0405624496405463;-0.16957679805484424;-0.3851146642402806;-0.46286595987428214;-1.5424960137979244;-0.6209838283181613;-0.49920768260333204;-0.24710536429033883;-0.030729254193150108;-0.48521256726432327;-0.4361122207682917;6.5701344481423405;-0.40599897147057507;-0.18749999999999997;1.0
Cc1nc(S(=O)(=O)c2ccc(Br)cc2)c(N2CCC(C)CC2)o1;0.7856222522834303;-0.8303085474962881;-0.16957679805484424;-0.3851146642402806;-1.5751643097199564;-1.5424960137979244;-0.6209838283181613;-0.49920768260333204;-0.24710536429033883;-0.030729254193150108;-0.48521256726432327;-0.4361122207682917;-0.15220388682955227;-0.40599897147057507;-0.18749999999999997;1.0
Cc1nc(SC2CC(=O)N(c3ccc([N+](=O)[O-])cc3)C2=O)nc2c1CCCC2;-0.11660104461292171;0.3820402968693793;-0.16957679805484424;1.6258289027286723;3.06600698088233;-0.9731903819644286;-0.6209838283181613;-0.49920768260333204;-0.24710536429033883;-0.030729254193150108;-0.48521256726432327;-0.4361122207682917;-0.15220388682955227;-0.40599897147057507;-0.18749999999999997;0.0
Cc1nc(SC2CC(=O)N(c3ccccc3)C2=O)c(C#N)c(C)c1C;0.9950593252092772;1.167909752353774;-0.16957679805484424;1.6258289027286723;0.6835602399553516;0.16542088170256303;-0.6209838283181613;-0.49920768260333204;-0.24710536429033883;-0.030729254193150108;-0.48521256726432327;-0.4361122207682917;-0.15220388682955227;-0.40599897147057507;-0.18749999999999997;0.0
Cc1nc(SCC(=O)CC(=O)OC(C)C)c(C#N)c(C)c1C;3.6613661310026093;-0.963827150164467;-0.16957679805484424;-0.3851146642402806;0.6835602399553516;0.16542088170256303;-0.6209838283181613;-0.49920768260333204;-0.24710536429033883;-0.030729254193150108;-0.48521256726432327;-0.4361122207682917;-0.15220388682955227;-0.40599897147057507;-0.18749999999999997;0.0
Cc1nc(SCC(=O)N(C)Cc2ccccc2)c(C#N)c(C)c1C;1.7493626967366782;0.3860833283486846;-0.16957679805484424;-0.3851146642402806;-0.4458020348823024;0.7347265135360589;-0.6209838283181613;-0.49920768260333204;-0.24710536429033883;-0.030729254193150108;-0.48521256726432327;-0.4361122207682917;-0.15220388682955227;-0.40599897147057507;-0.18749999999999997;0.0
Cc1nc(SCC(=O)N(C)Cc2ccccc2)c(C#N)c(C)c1Cl;1.7493626967366782;0.06059206183820348;-0.16957679805484424;-0.3851146642402806;-0.4458020348823024;0.16542088170256303;-0.6209838283181613;-0.49920768260333204;-0.24710536429033883;-0.030729254193150108;-0.48521256726432327;-0.4361122207682917;-0.15220388682955227;-0.40599897147057507;-0.18749999999999997;0.0
Cc1nc(SCC(=O)NC2CCCC2)[nH]c(=O)c1Cc1ccccc1;-0.2801873287872654;0.44977307200948774;-0.16957679805484424;-0.3851146642402806;0.6835602399553516;-0.4038847501309328;-0.6209838283181613;-0.49920768260333204;-0.24710536429033883;-0.030729254193150108;-0.48521256726432327;-0.4361122207682917;-0.15220388682955227;-0.40599897147057507;-0.18749999999999997;0.0
Cc1nc(SCC(=O)NC2CCCCC2)cc(-c2ccccc2)n1;-0.7261967083610693;-0.5779707323521821;-0.16957679805484424;-0.3851146642402806;-0.4458020348823024;-0.9731903819644286;-0.6209838283181613;-0.49920768260333204;-0.24710536429033883;-0.030729254193150108;-0.48521256726432327;-0.4361122207682917;-0.15220388682955227;-0.40599897147057507;-0.18749999999999997;0.0
Cc1nc(SCC(=O)Nc2[nH]c(C)c(C)c2C#N)[nH]c1-c1ccccc1;0.5402465388951354;-0.4572151916100733;-0.16957679805484424;-0.3851146642402806;-0.4458020348823024;0.16542088170256303;-0.6209838283181613;-0.49920768260333204;-0.24710536429033883;-0.030729254193150108;-0.48521256726432327;-0.4361122207682917;-0.15220388682955227;-0.40599897147057507;-0.18749999999999997;0.0
Cc1nc(SCC(=O)Nc2[nH]c(C)c(C)c2C#N)[nH]c1Cc1ccccc1;0.5127182348995003;-0.4184078321662112;-0.16957679805484424;-0.3851146642402806;-0.4458020348823024;0.16542088170256303;-0.6209838283181613;-0.49920768260333204;-0.24710536429033883;-0.030729254193150108;-0.48521256726432327;-0.4361122207682917;-0.15220388682955227;-0.40599897147057507;-0.18749999999999997;0.0
Cc1nc(SCC(=O)Nc2ccc(-c3ccccc3)cc2)c2c3c(sc2n1)CCC3;-1.74857449531701;2.20816521677784;-0.16957679805484424;-0.3851146642402806;-0.4458020348823024;0.7347265135360589;-0.6209838283181613;-0.49920768260333204;-0.24710536429033883;-0.030729254193150108;-0.48521256726432327;-0.4361122207682917;-0.15220388682955227;-0.40599897147057507;-0.18749999999999997;1.0
Cc1nc(SCC(=O)Nc2ccc(Cl)cn2)[nH]c1C;1.1445095877195968;0.676936881858284;-0.16957679805484424;-0.3851146642402806;-0.4458020348823024;-1.5424960137979244;-0.6209838283181613;-0.49920768260333204;-0.24710536429033883;-0.030729254193150108;-0.48521256726432327;-0.4361122207682917;-0.15220388682955227;-0.40599897147057507;-0.18749999999999997;0.0
Cc1nc(SCC(=O)Nc2ccc(Cl)cn2)oc1C;1.1445095877195968;0.7082567172603114;-0.16957679805484424;-0.3851146642402806;-0.4458020348823024;-1.5424960137979244;-0.6209838283181613;-0.49920768260333204;-0.24710536429033883;-0.030729254193150108;-0.48521256726432327;-0.4361122207682917;-0.15220388682955227;-0.40599897147057507;-0.18749999999999997;0.0
Cc1nc(SCC(=O)Nc2ccc(S(N)(=O)=O)cc2)[nH]c1C;2.0820267656335583;0.9051595120427276;-0.16957679805484424;-0.3851146642402806;-0.4458020348823024;-1.5424960137979244;-0.6209838283181613;-0.49920768260333204;-0.24710536429033883;-0.030729254193150108;-0.48521256726432327;-0.4361122207682917;-0.15220388682955227;-0.40599897147057507;-0.18749999999999997;0.0
Cc1nc(SCC(=O)Nc2ccccc2C#N)[nH]c(=O)c1C;1.4438038458946791;0.3874283151075762;-0.16957679805484424;-0.3851146642402806;0.6835602399553516;-0.4038847501309328;-0.6209838283181613;-0.49920768260333204;-0.24710536429033883;-0.030729254193150108;-0.48521256726432327;-0.4361122207682917;-0.15220388682955227;-0.40599897147057507;-0.18749999999999997;0.0
Cc1nc(SCC(=O)Nc2ccccn2)oc1C;0.628980243649341;0.3595827621713055;-0.16957679805484424;-0.3851146642402806;-0.4458020348823024;-1.5424960137979244;-0.6209838283181613;-0.49920768260333204;-0.24710536429033883;-0.030729254193150108;-0.48521256726432327;-0.4361122207682917;-0.15220388682955227;-0.40599897147057507;-0.18749999999999997;0.0
Cc1nc(SCC(=O)Nc2nc3ccc([N+](=O)[O-])cc3s2)[nH]c1C;0.602185222885316;0.8089392533363123;-0.16957679805484424;-0.3851146642402806;1.9366447060446763;-1.5424960137979244;-0.6209838283181613;-0.49920768260333204;-0.24710536429033883;-0.030729254193150108;-0.48521256726432327;-0.4361122207682917;-0.15220388682955227;-0.40599897147057507;-0.18749999999999997;0.0
Cc1nc(SCC(=O)Nc2nccs2)c2c(=O)n(C)c(=O)n(C)c2n1;0.9950593252092628;1.0076014905418793;-0.16957679805484424;-0.3851146642402806;2.835138108524294;-0.9731903819644286;-0.6209838283181613;-0.49920768260333204;-0.24710536429033883;-0.030729254193150108;-0.48521256726432327;-0.4361122207682917;6.5701344481423405;-0.40599897147057507;-0.18749999999999997;0.0
Cc1nc(SCC(=O)Nc2nnc(SCc3ccccc3)s2)[nH]c1C;-0.28018732878725816;0.6990979298910522;-0.16957679805484424;-0.3851146642402806;0.8065775467381363;-0.9731903819644286;-0.6209838283181613;-0.49920768260333204;-0.24710536429033883;-0.030729254193150108;-0.48521256726432327;-0.4361122207682917;6.5701344481423405;-0.40599897147057507;-0.18749999999999997;1.0
Cc1nc(SCC(=O)Nc2nonc2N)c2ccccc2n1;-0.29071046421457947;0.6901071392862509;-0.16957679805484424;-0.3851146642402806;-0.4458020348823024;-0.9731903819644286;-0.6209838283181613;-0.49920768260333204;-0.24710536429033883;-0.030729254193150108;-0.48521256726432327;-0.4361122207682917;6.5701344481423405;-0.40599897147057507;-0.18749999999999997;1.0
Cc1nc(SCC(=O)Nc2oncc2-c2ccccc2)[nH]c(=O)c1C;0.14489488921158455;0.49585115978673017;-0.16957679805484424;-0.3851146642402806;1.9359398215757906;0.16542088170256303;-0.6209838283181613;-0.49920768260333204;-0.24710536429033883;-0.030729254193150108;-0.48521256726432327;-0.4361122207682917;-0.15220388682955227;-0.40599897147057507;-0.18749999999999997;1.0
Cc1nc(SCC(=O)Nc2sc3c(c2C#N)CCC3)cc(-c2ccccc2)n1;-0.8756764338965705;0.3554853443347181;-0.16957679805484424;-0.3851146642402806;-0.4458020348823024;0.16542088170256303;-0.6209838283181613;-0.49920768260333204;-0.24710536429033883;-0.030729254193150108;-0.48521256726432327;-0.4361122207682917;-0.15220388682955227;-0.40599897147057507;-0.18749999999999997;0.0
Cc1nc(SCC(=O)Nc2sc3c(c2C(N)=O)CCCC3)cc(-c2ccccc2)n1;-0.47659733457022607;0.44205931889152444;-0.16957679805484424;-0.3851146642402806;0.6835602399553516;0.16542088170256303;-0.6209838283181613;-0.49920768260333204;-0.24710536429033883;-0.030729254193150108;2.060952389667274;1.050315284101127;-0.15220388682955227;-0.40599897147057507;-0.18749999999999997;0.0
Cc1nc(SCC(=O)O)c2c(=O)n(C)c(=O)n(C)c2n1;2.6711915423799355;0.0372051423271468;-0.16957679805484424;-0.3851146642402806;2.835138108524294;-0.9731903819644286;-0.6209838283181613;-0.49920768260333204;-0.24710536429033883;-0.030729254193150108;-0.48521256726432327;-0.4361122207682917;6.5701344481423405;-0.40599897147057507;-0.18749999999999997;0.0
Cc1nc(SCC(=O)OC(C)(C)C)c2c3c(sc2n1)CCCC3;0.7856222522834303;1.2364816214678858;-0.16957679805484424;-0.3851146642402806;-0.4458020348823024;-0.4038847501309328;-0.6209838283181613;-0.49920768260333204;-0.24710536429033883;-0.030729254193150108;-0.48521256726432327;-0.4361122207682917;-0.15220388682955227;-0.40599897147057507;-0.18749999999999997;0.0
Cc1nc(SCC(=O)c2ccc3c(c2)OCCO3)cc(-c2ccccc2)n1;-1.2941843677810418;0.008198403257745126;-0.16957679805484424;-0.3851146642402806;-0.4458020348823024;-0.4038847501309328;-0.6209838283181613;-0.49920768260333204;-0.24710536429033883;-0.030729254193150108;2.060952389667274;1.050315284101127;6.5701344481423405;-0.40599897147057507;-0.18749999999999997;1.0
Cc1nc(SCC(=O)c2ccccc2)c2sc3nc4c(cc3c2n1)COC(C)(C)C4;-0.9263091725094499;-2.5420621043999274;-0.16957679805484424;-0.3851146642402806;-0.4458020348823024;0.16542088170256303;-0.6209838283181613;-0.49920768260333204;-0.24710536429033883;-0.030729254193150108;-0.48521256726432327;-0.4361122207682917;6.5701344481423405;-0.40599897147057507;-0.18749999999999997;1.0
Cc1nc(SCC(N)=O)c(C#N)c(C)c1Cl;3.782128124752283;0.1489955685991119;-0.16957679805484424;-0.3851146642402806;-0.4458020348823024;-0.4038847501309328;-0.6209838283181613;-0.49920768260333204;-0.24710536429033883;-0.030729254193150108;-0.48521256726432327;-0.4361122207682917;-0.15220388682955227;-0.40599897147057507;-0.18749999999999997;0.0
Cc1nc(SCC(O)COc2ccc(Cl)cc2)c(C#N)c2c1CCCC2;0.13151363697316953;-0.21601666923817717;-0.16957679805484424;-0.3851146642402806;-1.5751643097199564;0.16542088170256303;-0.6209838283181613;-0.49920768260333204;-0.24710536429033883;-0.030729254193150108;-0.48521256726432327;-0.4361122207682917;-0.15220388682955227;-0.40599897147057507;-0.18749999999999997;1.0
Cc1nc(SCCOc2ccc(C(C)(C)C)cc2)c2ccccc2n1;0.28144884058296243;0.9372569093625589;-0.16957679805484424;-0.3851146642402806;-1.5751643097199564;-0.4038847501309328;-0.6209838283181613;-0.49920768260333204;-0.24710536429033883;-0.030729254193150108;-0.48521256726432327;-0.4361122207682917;-0.15220388682955227;-0.40599897147057507;-0.18749999999999997;1.0
Cc1nc(SCCOc2ccc(Cl)cc2)[nH]c(=O)c1Cc1ccccc1;-0.27721926494878907;1.4400407081235391;-0.16957679805484424;-0.3851146642402806;-0.4458020348823024;-0.4038847501309328;-0.6209838283181613;-0.49920768260333204;-0.24710536429033883;-0.030729254193150108;-0.48521256726432327;-0.4361122207682917;-0.15220388682955227;-0.40599897147057507;-0.18749999999999997;1.0
Cc1nc(SCCOc2ccccc2F)[nH]c(=O)c1Cc1ccccc1;-0.27721926494878907;1.0622115332208155;-0.16957679805484424;-0.3851146642402806;-0.4458020348823024;-0.4038847501309328;-0.6209838283181613;-0.49920768260333204;-0.24710536429033883;-0.030729254193150108;-0.48521256726432327;-0.4361122207682917;-0.15220388682955227;-0.40599897147057507;-0.18749999999999997;1.0
Cc1nc(SCc2ccc(C(=O)NC(C)C)cc2)nc(N2CCN(C)CC2)c1C;0.8298073260097982;0.6231403324382884;-0.16957679805484424;-0.3851146642402806;-0.4458020348823024;0.16542088170256303;-0.6209838283181613;-0.49920768260333204;-0.24710536429033883;-0.030729254193150108;-0.48521256726432327;-0.4361122207682917;-0.15220388682955227;-0.40599897147057507;-0.18749999999999997;0.0
Cc1nc(SCc2ccc(C(=O)NCC(C)C)cc2)nc(N(C)C)c1C;2.0079124936029773;0.21915551974341207;-0.16957679805484424;-0.3851146642402806;-0.4458020348823024;0.16542088170256303;-0.6209838283181613;-0.49920768260333204;-0.24710536429033883;-0.030729254193150108;-0.48521256726432327;-0.4361122207682917;-0.15220388682955227;-0.40599897147057507;-0.18749999999999997;0.0
Cc1nc(SCc2ccc(C(=O)NCCN3CCOCC3)cc2)nc(N(C)C)c1C;0.44114464451087965;0.27388757535479197;-0.16957679805484424;-0.3851146642402806;0.708380942051631;0.16542088170256303;-0.6209838283181613;-0.49920768260333204;-0.24710536429033883;-0.030729254193150108;-0.48521256726432327;-0.4361122207682917;-0.15220388682955227;-0.40599897147057507;-0.18749999999999997;0.0
Cc1nc(SCc2ccc(Cl)cc2)c(C#N)c(C)c1Cl;1.6084859973828285;-1.027689275710343;-0.16957679805484424;-0.3851146642402806;-1.5751643097199564;0.16542088170256303;-0.6209838283181613;-0.49920768260333204;-0.24710536429033883;-0.030729254193150108;-0.48521256726432327;-0.4361122207682917;-0.15220388682955227;-0.40599897147057507;-0.18749999999999997;1.0
Cc1nc(SCc2ccc([N+](=O)[O-])cc2)c(C#N)c(C)c1Cl;1.9268518208933654;-1.1515510674053047;-0.16957679805484424;-0.3851146642402806;0.807282431207023;0.16542088170256303;-0.6209838283181613;-0.49920768260333204;-0.24710536429033883;-0.030729254193150108;-0.48521256726432327;-0.4361122207682917;-0.15220388682955227;-0.40599897147057507;-0.18749999999999997;0.0
Cc1nc(SCc2cccc(C(=O)NC3CC3)c2)nc(N2CCOCC2)c1C;-0.8756764338965632;0.989323253425584;-0.16957679805484424;-0.3851146642402806;-0.4458020348823024;0.16542088170256303;-0.6209838283181613;-0.49920768260333204;-0.24710536429033883;-0.030729254193150108;-0.48521256726432327;-0.4361122207682917;6.5701344481423405;-0.40599897147057507;-0.18749999999999997;0.0
Cc1nc(SCc2cccc(Cl)c2)nc2c1CCCC2;-0.8308325162359043;-0.05664942535837689;-0.16957679805484424;-0.3851146642402806;-1.5751643097199564;-0.4038847501309328;-0.6209838283181613;-0.49920768260333204;-0.24710536429033883;-0.030729254193150108;-0.48521256726432327;-0.4361122207682917;-0.15220388682955227;-0.40599897147057507;-0.18749999999999997;1.0
Cc1nc(SCc2ccccc2)c2sc3nc4c(cc3c2n1)COC(C)(C)C4;-1.3575105459743113;-3.578840902225449;-0.16957679805484424;-0.3851146642402806;-1.5751643097199564;0.16542088170256303;-0.6209838283181613;-0.49920768260333204;-0.24710536429033883;-0.030729254193150108;-0.48521256726432327;-0.4361122207682917;6.5701344481423405;-0.40599897147057507;-0.18749999999999997;1.0
Cc1nc(SCc2ccccc2)nc2ccccc12;-1.423194110826441;-0.4884501187873052;-0.16957679805484424;-0.3851146642402806;-1.5751643097199564;-0.4038847501309328;-0.6209838283181613;-0.49920768260333204;-0.24710536429033883;-0.030729254193150108;-0.48521256726432327;-0.4361122207682917;-0.15220388682955227;-0.40599897147057507;-0.18749999999999997;1.0
Cc1nc(SCc2ccccc2Cl)c(C#N)c(C)c1C;1.6084859973828285;-0.2637635642149258;-0.16957679805484424;-0.3851146642402806;-1.5751643097199564;0.7347265135360589;-0.6209838283181613;-0.49920768260333204;4.046856703705712;-0.030729254193150108;-0.48521256726432327;-0.4361122207682917;-0.15220388682955227;-0.40599897147057507;-0.18749999999999997;0.0
Cc1nc(SCc2nc(-c3ccc(C(C)(C)C)cc3)no2)nc(O)c1C;1.0802813171357448;0.8836907268875058;-0.16957679805484424;-0.3851146642402806;-1.5751643097199564;0.16542088170256303;-0.6209838283181613;-0.49920768260333204;-0.24710536429033883;-0.030729254193150108;-0.48521256726432327;-0.4361122207682917;-0.15220388682955227;-0.40599897147057507;-0.18749999999999997;0.0
Cc1nc(SCc2nc(-c3ccc(Cl)cc3)no2)nc(O)c1CCO;0.1448948892115773;0.08875315487002222;-0.16957679805484424;-0.3851146642402806;-1.5751643097199564;-0.4038847501309328;-0.6209838283181613;-0.49920768260333204;4.046856703705712;-0.030729254193150108;-0.48521256726432327;-0.4361122207682917;-0.15220388682955227;-0.40599897147057507;-0.18749999999999997;1.0
Cc1nc(SCc2nc(-c3ccc(OC(C)C)cc3)no2)nc(O)c1Cc1ccccc1;-0.4594986054712692;0.2938634028699162;-0.16957679805484424;-0.3851146642402806;-1.5751643097199564;0.16542088170256303;-0.6209838283181613;-0.49920768260333204;-0.24710536429033883;-0.030729254193150108;-0.48521256726432327;-0.4361122207682917;-0.15220388682955227;-0.40599897147057507;-0.18749999999999997;1.0
Cc1nc(SCc2nc(-c3ccc(OC(F)(F)F)cc3)no2)nc(O)c1C;1.0327517250571276;0.630244697028987;-0.16957679805484424;-0.3851146642402806;-1.5751643097199564;-0.4038847501309328;-0.6209838283181613;-0.49920768260333204;-0.24710536429033883;-0.030729254193150108;-0.48521256726432327;-0.4361122207682917;-0.15220388682955227;-0.40599897147057507;-0.18749999999999997;0.0
Cc1nc(SCc2nc(-c3ccc4c(c3)OCO4)no2)nc(O)c1C;-0.9563954856857148;0.6258487622857376;-0.16957679805484424;1.6258289027286723;-1.5751643097199564;-0.4038847501309328;-0.6209838283181613;-0.49920768260333204;-0.24710536429033883;-0.030729254193150108;2.060952389667274;1.050315284101127;-0.15220388682955227;-0.40599897147057507;-0.18749999999999997;1.0
Cc1nc(SCc2nc(-c3ccccc3)oc2C)nc(O)c1Cc1ccccc1;-0.8524813040721054;0.1018745355242761;-0.16957679805484424;-0.3851146642402806;-1.5751643097199564;0.16542088170256303;-0.6209838283181613;-0.49920768260333204;-0.24710536429033883;-0.030729254193150108;-0.48521256726432327;-0.4361122207682917;-0.15220388682955227;-0.40599897147057507;-0.18749999999999997;1.0
Cc1nc(SCc2nc3ccccc3[nH]2)[nH]c(=O)c1Cc1ccccc1;-1.336152317734658;0.7032500436703821;-0.16957679805484424;-0.3851146642402806;-0.4458020348823024;-0.4038847501309328;-0.6209838283181613;-0.49920768260333204;-0.24710536429033883;-0.030729254193150108;-0.48521256726432327;-0.4361122207682917;-0.15220388682955227;-0.40599897147057507;-0.18749999999999997;1.0
Cc1nc(Sc2ccccc2)c2oc3ccccc3c2n1;-2.1119965412446438;0.05418249847298737;-0.16957679805484424;-0.3851146642402806;-1.5751643097199564;-0.9731903819644286;-0.6209838283181613;-0.49920768260333204;-0.24710536429033883;-0.030729254193150108;-0.48521256726432327;-0.4361122207682917;-0.15220388682955227;-0.40599897147057507;-0.18749999999999997;1.0
Cc1nc([C@@H]2C[C@H](OCc3ccccc3)CN2C(=O)C2CCOCC2)n[nH]1;-1.2941843677810418;1.4221848755393942;-0.16957679805484424;1.6258289027286723;0.7552020797225507;-0.9731903819644286;-0.6209838283181613;-0.49920768260333204;-0.24710536429033883;-0.030729254193150108;-0.48521256726432327;-0.4361122207682917;-0.15220388682955227;-0.40599897147057507;-0.18749999999999997;0.0
Cc1nc([C@@H]2C[C@H](OCc3ccccc3)CN2C(=O)c2cccn2C)n[nH]1;-0.9005897214858086;2.322884817387346;-0.16957679805484424;1.6258289027286723;0.7552020797225507;-0.9731903819644286;-0.6209838283181613;-0.49920768260333204;-0.24710536429033883;-0.030729254193150108;-0.48521256726432327;-0.4361122207682917;-0.15220388682955227;-0.40599897147057507;-0.18749999999999997;0.0
Cc1nc([C@@H]2C[C@H](OCc3ccccc3)CN2C(=O)c2cccs2)n[nH]1;-1.336152317734658;1.4097944066815433;-0.16957679805484424;1.6258289027286723;0.7552020797225507;-0.9731903819644286;-0.6209838283181613;-0.49920768260333204;-0.24710536429033883;-0.030729254193150108;-0.48521256726432327;-0.4361122207682917;6.5701344481423405;-0.40599897147057507;-0.18749999999999997;0.0
Cc1nc([C@@H]2C[C@H](OCc3ccccc3)CN2Cc2c(C)noc2C)n[nH]1;-0.9005897214858086;2.2837912792937196;-0.16957679805484424;1.6258289027286723;0.7800227818188298;-0.4038847501309328;-0.6209838283181613;-0.49920768260333204;-0.24710536429033883;-0.030729254193150108;-0.48521256726432327;-0.4361122207682917;-0.15220388682955227;-0.40599897147057507;-0.18749999999999997;0.0
Cc1nc([C@@H]2C[C@H](OCc3ccccc3)CN2Cc2sccc2C)n[nH]1;-1.336152317734658;2.5727754946728627;-0.16957679805484424;1.6258289027286723;0.7800227818188298;-0.4038847501309328;-0.6209838283181613;-0.49920768260333204;-0.24710536429033883;-0.030729254193150108;-0.48521256726432327;-0.4361122207682917;6.5701344481423405;-0.40599897147057507;-0.18749999999999997;0.0
Cc1nc([C@@H]2C[C@H](OCc3ccccc3)CN2S(=O)(=O)C2CC2)n[nH]1;-0.8198415343143514;0.23361240418942836;-0.16957679805484424;1.6258289027286723;-0.3741601951151035;-0.9731903819644286;-0.6209838283181613;-0.49920768260333204;-0.24710536429033883;-0.030729254193150108;-0.48521256726432327;-0.4361122207682917;-0.15220388682955227;-0.40599897147057507;-0.18749999999999997;0.0
Cc1nc([C@@]23CCC[C@@H]2CN(C(=O)Cc2cccc(F)c2)C3)no1;-0.8455425287029924;0.6350920609851847;-0.16957679805484424;1.6258289027286723;-0.4458020348823024;-0.9731903819644286;1.6103478937742153;0.364022567901614;-0.24710536429033883;-0.030729254193150108;-0.48521256726432327;-0.4361122207682917;-0.15220388682955227;2.463060426921489;-0.18749999999999997;0.0
Cc1nc([C@@]23CCC[C@@H]2CN(S(=O)(=O)Cc2ccc(Cl)cc2)C3)no1;-0.2582053649441235;0.7137782525355292;-0.16957679805484424;1.6258289027286723;-1.5751643097199564;-0.9731903819644286;-0.6209838283181613;-0.49920768260333204;-0.24710536429033883;-0.030729254193150108;-0.48521256726432327;-0.4361122207682917;6.5701344481423405;-0.40599897147057507;-0.18749999999999997;1.0
Cc1nc([C@@]23CCC[C@@H]2CN(S(=O)(=O)c2cn(C)cn2)C3)no1;-0.2630042950273545;0.6125262152198225;-0.16957679805484424;1.6258289027286723;-1.5751643097199564;-1.5424960137979244;-0.6209838283181613;-0.49920768260333204;-0.24710536429033883;-0.030729254193150108;-0.48521256726432327;-0.4361122207682917;6.5701344481423405;-0.40599897147057507;-0.18749999999999997;1.0
Cc1nc([C@@]23CN(Cc4ccccc4)C[C@@H]2CCN(C(=O)CCC(C)C)C3)no1;-0.36831219254604114;0.3555842339852635;-0.16957679805484424;1.6258289027286723;0.708380942051631;-0.9731903819644286;-0.6209838283181613;-0.49920768260333204;-0.24710536429033883;-0.030729254193150108;-0.48521256726432327;-0.4361122207682917;-0.15220388682955227;-0.40599897147057507;-0.18749999999999997;0.0
Cc1nc([C@@]23CN(Cc4ccccc4)C[C@@H]2CCN(C(=O)c2ocnc2C)C3)no1;-1.2805443541751569;-0.9426648629554003;-0.16957679805484424;1.6258289027286723;0.708380942051631;-0.9731903819644286;-0.6209838283181613;-0.49920768260333204;-0.24710536429033883;-0.030729254193150108;-0.48521256726432327;-0.4361122207682917;-0.15220388682955227;-0.40599897147057507;-0.18749999999999997;0.0
Cc1nc([C@@]23CN(Cc4ccccc4)C[C@@H]2CCN(S(C)(=O)=O)C3)no1;-0.25608276125346785;-0.29534916793013327;-0.16957679805484424;1.6258289027286723;-0.4209813327860232;-0.9731903819644286;-0.6209838283181613;-0.49920768260333204;-0.24710536429033883;-0.030729254193150108;-0.48521256726432327;-0.4361122207682917;6.5701344481423405;-0.40599897147057507;-0.18749999999999997;0.0
Cc1nc([C@]23CN(Cc4cn(C)nc4C)CC[C@H]2CN(Cc2ccccc2)C3)no1;-1.2805443541751642;-0.29901952011109806;-0.16957679805484424;1.6258289027286723;1.8360091540662573;-0.4038847501309328;-0.6209838283181613;-0.49920768260333204;-0.24710536429033883;-0.030729254193150108;-0.48521256726432327;-0.4361122207682917;-0.15220388682955227;-0.40599897147057507;-0.18749999999999997;0.0
Cc1nc([N+](=O)[O-])c(Br)n1CC(=O)c1ccccc1;1.7038282956128101;-0.7309376891406091;-0.16957679805484424;-0.3851146642402806;0.6299868994021683;-0.9731903819644286;-0.6209838283181613;-0.49920768260333204;-0.24710536429033883;-0.030729254193150108;-0.48521256726432327;-0.4361122207682917;-0.15220388682955227;-0.40599897147057507;-0.18749999999999997;0.0
Cc1nc([N+](=O)[O-])c(C(=O)OCc2ccc(C#N)cc2)n1C;1.9268518208933654;-0.274618178693289;-0.16957679805484424;-0.3851146642402806;-0.49937537543548566;-0.4038847501309328;-0.6209838283181613;-0.49920768260333204;-0.24710536429033883;-0.030729254193150108;-0.48521256726432327;-0.4361122207682917;-0.15220388682955227;-0.40599897147057507;-0.18749999999999997;1.0
Cc1nc([N+](=O)[O-])c(C(=O)OCc2ccccc2F)n1C;2.0282741775543234;-0.3308243695928211;-0.16957679805484424;-0.3851146642402806;-0.49937537543548566;-0.9731903819644286;-0.6209838283181613;-0.49920768260333204;-0.24710536429033883;-0.030729254193150108;-0.48521256726432327;-0.4361122207682917;-0.15220388682955227;2.463060426921489;-0.18749999999999997;1.0
Cc1nc([N+](=O)[O-])c(NCC(=O)O)n1C;4.047804511001561;0.34015453670573986;-0.16957679805484424;-0.3851146642402806;0.6299868994021683;-1.5424960137979244;-0.6209838283181613;-0.49920768260333204;-0.24710536429033883;-0.030729254193150108;-0.48521256726432327;-0.4361122207682917;-0.15220388682955227;-0.40599897147057507;-0.18749999999999997;0.0
Cc1nc([N+](=O)[O-])c(SCC(N)=O)[nH]1;3.592359277431371;0.27366314328260694;-0.16957679805484424;-0.3851146642402806;-0.4458020348823024;-1.5424960137979244;-0.6209838283181613;-0.49920768260333204;-0.24710536429033883;-0.030729254193150108;-0.48521256726432327;-0.4361122207682917;-0.15220388682955227;-0.40599897147057507;-0.18749999999999997;0.0
Cc1nc([N+](=O)[O-])c(SCC(O)CCl)n1Cc1ccccc1;1.4438038458946647;0.06000036048707455;-0.16957679805484424;-0.3851146642402806;-0.49937537543548566;-0.9731903819644286;-0.6209838283181613;-0.49920768260333204;4.046856703705712;-0.030729254193150108;-0.48521256726432327;-0.4361122207682917;-0.15220388682955227;-0.40599897147057507;-0.18749999999999997;1.0
Cc1nc([N+](=O)[O-])c([N+](=O)[O-])n1C;4.701777154076702;0.06743189128518064;-0.16957679805484424;-0.3851146642402806;-1.5751643097199564;-1.5424960137979244;-0.6209838283181613;-0.49920768260333204;-0.24710536429033883;-0.030729254193150108;-0.48521256726432327;-0.4361122207682917;-0.15220388682955227;-0.40599897147057507;-0.18749999999999997;1.0
Cc1nc([N+](=O)[O-])c2oc(-c3ccccc3)cn12;-0.31019775204296585;-0.12230901845730406;-0.16957679805484424;-0.3851146642402806;-1.5751643097199564;-0.9731903819644286;-0.6209838283181613;-0.49920768260333204;-0.24710536429033883;-0.030729254193150108;-0.48521256726432327;-0.4361122207682917;-0.15220388682955227;-0.40599897147057507;-0.18749999999999997;1.0
Cc1nc([N+](=O)[O-])cn1CC(=O)Nc1ccc(Cl)cc1Cl;2.0282741775543234;-0.8580605805617136;-0.16957679805484424;-0.3851146642402806;0.6299868994021683;-1.5424960137979244;-0.6209838283181613;-0.49920768260333204;4.046856703705712;-0.030729254193150108;-0.48521256726432327;-0.4361122207682917;-0.15220388682955227;-0.40599897147057507;-0.18749999999999997;0.0
Cc1nc([N+](=O)[O-])cn1Cc1cccc(C(F)(F)F)c1;2.3105312090956045;-0.690726170703682;-0.16957679805484424;-0.3851146642402806;-1.5751643097199564;-0.4038847501309328;1.6103478937742153;2.090483068911506;-0.24710536429033883;-0.030729254193150108;-0.48521256726432327;-0.4361122207682917;-0.15220388682955227;-0.40599897147057507;-0.18749999999999997;0.0
Cc1nc([N+](=O)[O-])cn1Cc1nnc(N)s1;1.3971709483520578;-0.1250852384648154;-0.16957679805484424;-0.3851146642402806;-1.5751643097199564;-1.5424960137979244;-0.6209838283181613;-0.49920768260333204;-0.24710536429033883;-0.030729254193150108;-0.48521256726432327;-0.4361122207682917;-0.15220388682955227;-0.40599897147057507;-0.18749999999999997;1.0
Cc1nc2[nH]c(C)c(CCC(C)C)c(=O)n2n1;1.9281631149774772;1.3981069924954792;-0.16957679805484424;-0.3851146642402806;-0.4458020348823024;-0.9731903819644286;-0.6209838283181613;-0.49920768260333204;-0.24710536429033883;-0.030729254193150108;-0.48521256726432327;-0.4361122207682917;-0.15220388682955227;-0.40599897147057507;-0.18749999999999997;0.0
Cc1nc2c(-c3ccc(F)cc3)c(C)nn2c(C)c1CCC(=O)NCc1ccccc1Cl;0.20469236015193068;0.4477018423069564;4.3242083503985285;-0.3851146642402806;-0.4458020348823024;0.7347265135360589;-0.6209838283181613;-0.49920768260333204;-0.24710536429033883;-0.030729254193150108;-0.48521256726432327;-0.4361122207682917;-0.15220388682955227;-0.40599897147057507;5.333333333333333;1.0
Cc1nc2c(-c3ccc(F)cc3)c(C)nn2c(C)c1CCC(=O)Nc1ccc2c(c1)OCCO2;-0.6290629172218996;0.5564573646615286;-0.16957679805484424;-0.3851146642402806;-0.4458020348823024;0.16542088170256303;-0.6209838283181613;-0.49920768260333204;-0.24710536429033883;-0.030729254193150108;2.060952389667274;1.050315284101127;-0.15220388682955227;-0.40599897147057507;-0.18749999999999997;1.0
Cc1nc2c(-c3ccccc3)c(C)nn2c(C)c1CC(=O)N1CCC2(CC1)OCCO2;-0.9029771885248628;0.1778708810181746;-0.16957679805484424;1.6258289027286723;-0.4458020348823024;0.16542088170256303;-0.6209838283181613;-0.49920768260333204;-0.24710536429033883;-0.030729254193150108;2.060952389667274;2.536742788970546;-0.15220388682955227;-0.40599897147057507;-0.18749999999999997;0.0
Cc1nc2c(-c3ccccc3)c(C)nn2c(C)c1CC(=O)N1CCCCCC1;-0.4961387392547461;0.22517275566155037;-0.16957679805484424;-0.3851146642402806;-0.4458020348823024;0.16542088170256303;-0.6209838283181613;-0.49920768260333204;-0.24710536429033883;-0.030729254193150108;-0.48521256726432327;-0.4361122207682917;-0.15220388682955227;-0.40599897147057507;-0.18749999999999997;0.0
Cc1nc2c(-c3ccccc3)c(C)nn2c(C)c1CC(=O)NCc1ccccn1;-0.4860311161420673;1.169384631869244;-0.16957679805484424;-0.3851146642402806;0.728183504088674;0.16542088170256303;-0.6209838283181613;-0.49920768260333204;-0.24710536429033883;-0.030729254193150108;-0.48521256726432327;-0.4361122207682917;-0.15220388682955227;-0.40599897147057507;-0.18749999999999997;0.0
Cc1nc2c(-c3ccccc3)c(C)nn2c(NCCN2CCOCC2)c1Cc1ccccc1;-1.6080693292870047;0.4894625527652285;-0.16957679805484424;-0.3851146642402806;-0.4209813327860232;0.7347265135360589;-0.6209838283181613;-0.49920768260333204;-0.24710536429033883;-0.030729254193150108;-0.48521256726432327;-0.4361122207682917;-0.15220388682955227;-0.40599897147057507;-0.18749999999999997;1.0
Cc1nc2c(-c3ccccc3)cnn2c(NCCN(C)C)c1C;0.17514815514189058;-1.7284440997023784;-0.16957679805484424;-0.3851146642402806;-1.5751643097199564;0.16542088170256303;-0.6209838283181613;-0.49920768260333204;-0.24710536429033883;-0.030729254193150108;-0.48521256726432327;-0.4361122207682917;-0.15220388682955227;-0.40599897147057507;-0.18749999999999997;1.0
Cc1nc2c(-c3cnc(N)nc3)nc(N3CCOCC3)nc2n1C(C)C;-0.5186865138907191;-3.466290768699962;-0.16957679805484424;-0.3851146642402806;-1.5751643097199564;-0.9731903819644286;-0.6209838283181613;-0.49920768260333204;-0.24710536429033883;-0.030729254193150108;-0.48521256726432327;-0.4361122207682917;-0.15220388682955227;-0.40599897147057507;-0.18749999999999997;1.0
Cc1nc2c(C(=O)N3CCC4(CC3)OCCO4)cnn2c(O)c1Cc1ccccc1Cl;-0.9029771885248555;0.10653813815558745;4.3242083503985285;1.6258289027286723;-0.4458020348823024;0.16542088170256303;-0.6209838283181613;-0.49920768260333204;4.046856703705712;-0.030729254193150108;2.060952389667274;4.023170293839964;-0.15220388682955227;-0.40599897147057507;5.333333333333333;0.0
Cc1nc2c(C(=O)NC3CCCC(C)C3C)cnn2c(C)c1Cc1ccccc1;-0.11958092821202922;0.13662508248286495;-0.16957679805484424;-0.3851146642402806;-0.4458020348823024;0.16542088170256303;-0.6209838283181613;-0.49920768260333204;-0.24710536429033883;-0.030729254193150108;-0.48521256726432327;-0.4361122207682917;-0.15220388682955227;-0.40599897147057507;-0.18749999999999997;1.0
Cc1nc2c(C(=O)NC3CCCC3)cnn2c(C)c1Cc1ccc(F)cc1;-0.5069950751905825;0.5758546744092292;-0.16957679805484424;-0.3851146642402806;-0.4458020348823024;0.16542088170256303;-0.6209838283181613;-0.49920768260333204;-0.24710536429033883;-0.030729254193150108;-0.48521256726432327;-0.4361122207682917;-0.15220388682955227;-0.40599897147057507;-0.18749999999999997;1.0
Cc1nc2c(C(=O)NC3CCCC3)cnn2c(C)c1Cc1ccccc1Cl;-0.5069950751905825;1.1856744814822147;-0.16957679805484424;-0.3851146642402806;-0.4458020348823024;0.16542088170256303;-0.6209838283181613;-0.49920768260333204;4.046856703705712;-0.030729254193150108;-0.48521256726432327;-0.4361122207682917;-0.15220388682955227;-0.40599897147057507;-0.18749999999999997;0.0
Cc1nc2c(C(=O)NC3CCCCC3)cnn2c(C)c1Cc1ccc(F)cc1;-0.49613873925473884;0.17064565392900635;-0.16957679805484424;-0.3851146642402806;-0.4458020348823024;0.16542088170256303;-0.6209838283181613;-0.49920768260333204;-0.24710536429033883;-0.030729254193150108;-0.48521256726432327;-0.4361122207682917;-0.15220388682955227;-0.40599897147057507;-0.18749999999999997;0.0
Cc1nc2c(C(=O)NC3CCCCC3)cnn2c(C)c1Cc1ccccc1;-0.9005897214858158;0.20896016068252832;-0.16957679805484424;-0.3851146642402806;-0.4458020348823024;0.16542088170256303;-0.6209838283181613;-0.49920768260333204;-0.24710536429033883;-0.030729254193150108;-0.48521256726432327;-0.4361122207682917;-0.15220388682955227;-0.40599897147057507;-0.18749999999999997;0.0
Cc1nc2c(C(=O)NC3CCCCC3C)cnn2c(C)c1Cc1ccc(F)cc1Cl;0.23187302876118812;1.2862025792802816;-0.16957679805484424;-0.3851146642402806;-0.4458020348823024;0.16542088170256303;-0.6209838283181613;-0.49920768260333204;4.046856703705712;-0.030729254193150108;-0.48521256726432327;-0.4361122207682917;-0.15220388682955227;-0.40599897147057507;-0.18749999999999997;1.0
Cc1nc2c(C(=O)NCCN(C)C)cnn2c(C)c1Cc1ccccc1Cl;0.9063128811947336;-0.8626901374710679;-0.16957679805484424;-0.3851146642402806;-0.4458020348823024;0.16542088170256303;-0.6209838283181613;-0.49920768260333204;4.046856703705712;-0.030729254193150108;-0.48521256726432327;-0.4361122207682917;-0.15220388682955227;-0.40599897147057507;-0.18749999999999997;0.0
Cc1nc2c(C(=O)NCCN3CCOCC3)cnn2c(C)c1Cc1ccccc1Cl;-0.4765973345702188;-0.3349045093902361;-0.16957679805484424;-0.3851146642402806;0.708380942051631;0.16542088170256303;-0.6209838283181613;-0.49920768260333204;4.046856703705712;-0.030729254193150108;-0.48521256726432327;-0.4361122207682917;-0.15220388682955227;-0.40599897147057507;-0.18749999999999997;0.0
Cc1nc2c(C(=O)NCCc3ccc(Cl)cc3)cnn2c(O)c1Cc1ccc(Cl)cc1;-0.12496394374588732;-0.16258137303351544;-0.16957679805484424;-0.3851146642402806;-0.4458020348823024;0.7347265135360589;-0.6209838283181613;-0.49920768260333204;-0.24710536429033883;-0.030729254193150108;2.060952389667274;1.050315284101127;-0.15220388682955227;-0.40599897147057507;-0.18749999999999997;1.0
Cc1nc2c(C(=O)NCCc3ccccc3)cnn2c(O)c1Cc1ccc(F)cc1Cl;-0.12496394374588009;0.3565690698816023;4.3242083503985285;-0.3851146642402806;-0.4458020348823024;0.7347265135360589;-0.6209838283181613;-0.49920768260333204;4.046856703705712;-0.030729254193150108;2.060952389667274;1.050315284101127;-0.15220388682955227;-0.40599897147057507;5.333333333333333;1.0
Cc1nc2c(C(=O)NCCc3ccccc3)cnn2c(O)c1Cc1cccc(Cl)c1;-0.4765973345702188;-0.8843334044665792;-0.16957679805484424;-0.3851146642402806;-0.4458020348823024;0.7347265135360589;-0.6209838283181613;-0.49920768260333204;-0.24710536429033883;-0.030729254193150108;2.060952389667274;1.050315284101127;-0.15220388682955227;-0.40599897147057507;-0.18749999999999997;1.0
Cc1nc2c(C(=O)NCc3ccc(F)cc3)cnn2c(C)c1Cc1ccc(F)cc1;-0.12236215290451896;0.2473955411059237;-0.16957679805484424;-0.3851146642402806;-0.4458020348823024;0.7347265135360589;1.6103478937742153;0.364022567901614;-0.24710536429033883;-0.030729254193150108;-0.48521256726432327;-0.4361122207682917;-0.15220388682955227;-0.40599897147057507;-0.18749999999999997;1.0
Cc1nc2c(C(=O)NCc3ccc4c(c3)OCO4)cnn2c(C)c1Cc1ccccc1Cl;-0.9877862280481818;0.8933223783180186;-0.16957679805484424;1.6258289027286723;-0.4458020348823024;0.7347265135360589;-0.6209838283181613;-0.49920768260333204;4.046856703705712;-0.030729254193150108;-0.48521256726432327;-0.4361122207682917;-0.15220388682955227;-0.40599897147057507;-0.18749999999999997;0.0
Cc1nc2c(C(=O)NCc3ccccc3Cl)cnn2c(O)c1Cc1ccc(F)cc1Cl;0.21784429657576446;0.6078056938288564;8.817993498851902;-0.3851146642402806;-0.4458020348823024;0.7347265135360589;-0.6209838283181613;-0.49920768260333204;4.046856703705712;-0.030729254193150108;2.060952389667274;1.050315284101127;-0.15220388682955227;-0.40599897147057507;5.333333333333333;1.0
Cc1nc2c(C(=O)NCc3ccccc3Cl)cnn2c(O)c1Cc1cccc(Cl)c1;-0.12236215290451896;-0.7152611056371037;4.3242083503985285;-0.3851146642402806;-0.4458020348823024;0.7347265135360589;-0.6209838283181613;-0.49920768260333204;-0.24710536429033883;-0.030729254193150108;2.060952389667274;1.050315284101127;-0.15220388682955227;-0.40599897147057507;5.333333333333333;1.0
Cc1nc2c(C)cccc2cc1C(=O)N/N=C/c1c(F)cccc1Cl;0.5699771072104345;1.1183448574310255;-0.16957679805484424;-0.3851146642402806;0.728183504088674;0.7347265135360589;-0.6209838283181613;-0.49920768260333204;-0.24710536429033883;-0.030729254193150108;-0.48521256726432327;-0.4361122207682917;-0.15220388682955227;-0.40599897147057507;-0.18749999999999997;0.0
Cc1nc2c(C)cccn2c(=O)c1CCN1CCC(c2noc3cc(F)ccc23)CC1;-1.013101342856606;0.8654156424187538;-0.16957679805484424;-0.3851146642402806;0.5907898780774372;0.16542088170256303;-0.6209838283181613;-0.49920768260333204;-0.24710536429033883;-0.030729254193150108;-0.48521256726432327;-0.4361122207682917;-0.15220388682955227;-0.40599897147057507;-0.18749999999999997;1.0
Cc1nc2c(C)cccn2c(=O)c1Cc1nnc(SCC(=O)N2CCCC2)n1C;-0.11958092821202199;0.07453919832649708;-0.16957679805484424;1.6258289027286723;1.720152152915091;-0.4038847501309328;-0.6209838283181613;-0.49920768260333204;-0.24710536429033883;-0.030729254193150108;-0.48521256726432327;-0.4361122207682917;-0.15220388682955227;-0.40599897147057507;-0.18749999999999997;0.0
Cc1nc2c(C)cccn2c(=O)c1NC(=O)CCCc1ccccc1;0.1448948892115773;0.683978124418902;-0.16957679805484424;-0.3851146642402806;1.720152152915091;-0.4038847501309328;-0.6209838283181613;-0.49920768260333204;-0.24710536429033883;-0.030729254193150108;-0.48521256726432327;-0.4361122207682917;-0.15220388682955227;-0.40599897147057507;-0.18749999999999997;1.0
Cc1nc2c(C)cccn2c(=O)c1NC(=O)c1ccc(Cl)cc1;0.6371940442710681;0.8559459169274509;4.3242083503985285;-0.3851146642402806;1.720152152915091;-0.4038847501309328;-0.6209838283181613;-0.49920768260333204;4.046856703705712;-0.030729254193150108;-0.48521256726432327;-0.4361122207682917;-0.15220388682955227;-0.40599897147057507;5.333333333333333;0.0
Cc1nc2c(C)cccn2c(=O)c1NC(=O)c1cccc(Cl)c1;0.6371940442710681;0.34702270153826625;-0.16957679805484424;-0.3851146642402806;1.720152152915091;-0.4038847501309328;-0.6209838283181613;-0.49920768260333204;-0.24710536429033883;-0.030729254193150108;-0.48521256726432327;-0.4361122207682917;-0.15220388682955227;-0.40599897147057507;-0.18749999999999997;0.0
Cc1nc2c(F)cc(-c3nc(Nc4ccc(CN5CCNCC5)cn4)ncc3F)cc2n1C(C)C;-0.6168901958437497;0.11747985236229148;-0.16957679805484424;-0.3851146642402806;-0.4209813327860232;-0.4038847501309328;1.6103478937742153;0.364022567901614;-0.24710536429033883;-0.030729254193150108;-0.48521256726432327;-0.4361122207682917;-0.15220388682955227;-0.40599897147057507;-0.18749999999999997;1.0
Cc1nc2c(N)cccc2[nH]1;0.19233751078409955;0.06743189128518064;-0.16957679805484424;-0.3851146642402806;-1.5751643097199564;-1.5424960137979244;-0.6209838283181613;-0.49920768260333204;-0.24710536429033883;-0.030729254193150108;-0.48521256726432327;-0.4361122207682917;-0.15220388682955227;-0.40599897147057507;-0.18749999999999997;1.0
Cc1nc2c(NC(=O)C3CCCCC3)cccn2n1;-0.8638754029332277;-0.496150528369259;-0.16957679805484424;-0.3851146642402806;-0.4458020348823024;-1.5424960137979244;-0.6209838283181613;-0.49920768260333204;-0.24710536429033883;-0.030729254193150108;-0.48521256726432327;-0.4361122207682917;-0.15220388682955227;-0.40599897147057507;-0.18749999999999997;0.0
Cc1nc2c(NC(=O)NCc3ccc(F)cc3)cccn2n1;-0.29071046421457947;0.24974938128614696;-0.16957679805484424;-0.3851146642402806;-1.5751643097199564;-0.9731903819644286;1.6103478937742153;0.364022567901614;-0.24710536429033883;-0.030729254193150108;-0.48521256726432327;-0.4361122207682917;-0.15220388682955227;-0.40599897147057507;-0.18749999999999997;1.0
Cc1nc2c(NC(=O)c3ccc(OC(F)(F)F)cc3)cccn2n1;0.7444289222304911;0.13025750963470428;-0.16957679805484424;-0.3851146642402806;-0.4458020348823024;-0.9731903819644286;-0.6209838283181613;-0.49920768260333204;-0.24710536429033883;-0.030729254193150108;2.060952389667274;1.050315284101127;-0.15220388682955227;-0.40599897147057507;-0.18749999999999997;0.0
Cc1nc2c(NC3CCN(C(=O)c4ccc(F)cc4)CC3)cccn2n1;-0.9274194158126922;-0.19203882572580216;-0.16957679805484424;-0.3851146642402806;-0.4458020348823024;-0.9731903819644286;1.6103478937742153;0.364022567901614;-0.24710536429033883;-0.030729254193150108;-0.48521256726432327;-0.4361122207682917;-0.15220388682955227;2.463060426921489;-0.18749999999999997;1.0
Cc1nc2c(NC3CCN(S(=O)(=O)C4CC4)CC3)cccn2n1;-0.8734783921689014;-0.2943665330068958;-0.16957679805484424;-0.3851146642402806;-1.5751643097199564;-1.5424960137979244;-0.6209838283181613;-0.49920768260333204;-0.24710536429033883;-0.030729254193150108;-0.48521256726432327;-0.4361122207682917;-0.15220388682955227;-0.40599897147057507;-0.18749999999999997;1.0
Cc1nc2c(NCc3cccc(S(C)(=O)=O)c3)nccn2c1-c1ccc(O)c(F)c1;0.34566798823733397;0.4149085562614093;-0.16957679805484424;-0.3851146642402806;-0.5385723967602168;-0.4038847501309328;1.6103478937742153;0.364022567901614;-0.24710536429033883;-0.030729254193150108;-0.48521256726432327;-0.4361122207682917;-0.15220388682955227;-0.40599897147057507;-0.18749999999999997;0.0
Cc1nc2c(NS(=O)(=O)c3c(C)noc3C)cccn2n1;0.8797784352615575;0.35528277330608726;-0.16957679805484424;-0.3851146642402806;-0.46286595987428214;-1.5424960137979244;-0.6209838283181613;-0.49920768260333204;-0.24710536429033883;-0.030729254193150108;-0.48521256726432327;-0.4361122207682917;-0.15220388682955227;-0.40599897147057507;-0.18749999999999997;0.0
Cc1nc2c(NS(=O)(=O)c3ccc(F)c(C)c3)cccn2n1;0.8305604305229932;-0.49621404710658695;-0.16957679805484424;-0.3851146642402806;-0.46286595987428214;-0.9731903819644286;1.6103478937742153;0.364022567901614;-0.24710536429033883;-0.030729254193150108;-0.48521256726432327;-0.4361122207682917;-0.15220388682955227;2.463060426921489;-0.18749999999999997;1.0
Cc1nc2c([nH]1)-c1ccccc1N(C(=O)c1ccc(NC(=O)c3ccccc3-c3ccccc3)cc1)CC2;-1.588408544313066;-0.11158223719035017;-0.16957679805484424;-0.3851146642402806;0.6835602399553516;1.3040321453695547;-0.6209838283181613;-0.49920768260333204;-0.24710536429033883;-0.030729254193150108;-0.48521256726432327;-0.4361122207682917;-0.15220388682955227;-0.40599897147057507;-0.18749999999999997;1.0
Cc1nc2c([nH]c3ccc(Br)cc32)s1;-1.0998960221997789;-0.7928880239285456;-0.16957679805484424;-0.3851146642402806;-1.5751643097199564;-0.9731903819644286;-0.6209838283181613;-0.49920768260333204;-0.24710536429033883;-0.030729254193150108;-0.48521256726432327;-0.4361122207682917;-0.15220388682955227;-0.40599897147057507;-0.18749999999999997;1.0
Cc1nc2c(c(=O)[nH]1)CCC(C(=O)N1CCN(CCOc3ccc(Cl)cc3)CC1)CC2;-0.4677721840675391;-0.5402214556340048;-0.16957679805484424;-0.3851146642402806;1.8377432168892849;-0.9731903819644286;-0.6209838283181613;-0.49920768260333204;-0.24710536429033883;-0.030729254193150108;-0.48521256726432327;-0.4361122207682917;-0.15220388682955227;-0.40599897147057507;-0.18749999999999997;0.0
Cc1nc2c(c(=O)[nH]1)CCC(C(=O)N1CCN(c3ccccc3F)CC1)CC2;-0.4961387392547461;0.9933390720692553;-0.16957679805484424;-0.3851146642402806;0.6835602399553516;-0.9731903819644286;1.6103478937742153;0.364022567901614;-0.24710536429033883;-0.030729254193150108;-0.48521256726432327;-0.4361122207682917;-0.15220388682955227;-0.40599897147057507;-0.18749999999999997;0.0
Cc1nc2c(c(=O)[nH]1)CCC(C(=O)NCCCN1CCCc3ccccc31)CC2;-0.8524813040721054;1.1683351914506677;-0.16957679805484424;-0.3851146642402806;0.6835602399553516;-0.4038847501309328;-0.6209838283181613;-0.49920768260333204;-0.24710536429033883;-0.030729254193150108;-0.48521256726432327;-0.4361122207682917;-0.15220388682955227;-0.40599897147057507;-0.18749999999999997;0.0
Cc1nc2c(c(=O)[nH]1)CCC(C(=O)NCCCN1CCN(c3ccccc3)CC1)CC2;-0.8105804243891909;0.4812770161035213;-0.16957679805484424;-0.3851146642402806;1.8377432168892849;-0.9731903819644286;-0.6209838283181613;-0.49920768260333204;-0.24710536429033883;-0.030729254193150108;-0.48521256726432327;-0.4361122207682917;-0.15220388682955227;-0.40599897147057507;-0.18749999999999997;0.0
Cc1nc2c(c(=O)[nH]1)CCC(C(=O)NCCc1cccs1)CC2;-0.2868977339872869;-0.041374604229248164;-0.16957679805484424;-0.3851146642402806;0.6835602399553516;-0.9731903819644286;-0.6209838283181613;-0.49920768260333204;-0.24710536429033883;-0.030729254193150108;-0.48521256726432327;-0.4361122207682917;6.5701344481423405;-0.40599897147057507;-0.18749999999999997;1.0
Cc1nc2c(c(=O)[nH]1)CCC(C(=O)NCCc1nc3ccccc3n1C)CC2;-0.49613873925473884;0.9834199084909071;-0.16957679805484424;-0.3851146642402806;0.6835602399553516;-0.9731903819644286;-0.6209838283181613;-0.49920768260333204;-0.24710536429033883;-0.030729254193150108;-0.48521256726432327;-0.4361122207682917;-0.15220388682955227;-0.40599897147057507;-0.18749999999999997;0.0
Cc1nc2c(c(=O)[nH]1)CCC(C(=O)NCc1ccc(OC(F)(F)F)cc1)CC2;0.9886171038412561;0.4057248517808364;-0.16957679805484424;-0.3851146642402806;0.6835602399553516;-0.4038847501309328;-0.6209838283181613;-0.49920768260333204;-0.24710536429033883;-0.030729254193150108;-0.48521256726432327;-0.4361122207682917;-0.15220388682955227;-0.40599897147057507;-0.18749999999999997;0.0
Cc1nc2c(c(=O)[nH]1)CCC(C(=O)NCc1ccccn1)CC2;-0.2868977339872869;-0.024689743669141208;-0.16957679805484424;-0.3851146642402806;1.8575457789263279;-0.9731903819644286;-0.6209838283181613;-0.49920768260333204;-0.24710536429033883;-0.030729254193150108;-0.48521256726432327;-0.4361122207682917;-0.15220388682955227;-0.40599897147057507;-0.18749999999999997;1.0
Cc1nc2c(c(=O)[nH]1)CCC(C(=O)Nc1ccc(C)c(F)c1)CC2;0.602185222885316;0.6259058754555431;-0.16957679805484424;-0.3851146642402806;0.6835602399553516;-0.4038847501309328;-0.6209838283181613;-0.49920768260333204;-0.24710536429033883;-0.030729254193150108;-0.48521256726432327;-0.4361122207682917;-0.15220388682955227;2.463060426921489;-0.18749999999999997;0.0
Cc1nc2c(c(=O)n1CC(=O)NCCCc1ccccc1)CN(Cc1ccccc1)CC2;-0.7915940882828728;-0.04416970906563485;-0.16957679805484424;-0.3851146642402806;2.9135321511737553;0.16542088170256303;-0.6209838283181613;-0.49920768260333204;-0.24710536429033883;-0.030729254193150108;-0.48521256726432327;-0.4361122207682917;-0.15220388682955227;-0.40599897147057507;-0.18749999999999997;1.0
Cc1nc2c(c(=O)n1CC(=O)Nc1ccc(Cl)cc1F)CCN(Cc1ccccc1)C2;-0.12496394374589455;0.4848636928539238;-0.16957679805484424;-0.3851146642402806;2.9135321511737553;-0.4038847501309328;1.6103478937742153;0.364022567901614;-0.24710536429033883;-0.030729254193150108;-0.48521256726432327;-0.4361122207682917;-0.15220388682955227;-0.40599897147057507;-0.18749999999999997;1.0
Cc1nc2c(c(=O)n1CC(=O)Nc1ccc3c(c1)OCCO3)CCN(Cc1ccccc1)C2;-1.2860373459545495;0.7230525292928195;-0.16957679805484424;-0.3851146642402806;2.9135321511737553;-0.4038847501309328;-0.6209838283181613;-0.49920768260333204;-0.24710536429033883;-0.030729254193150108;2.060952389667274;1.050315284101127;-0.15220388682955227;-0.40599897147057507;-0.18749999999999997;1.0
Cc1nc2c(c(=O)n1CC(=O)Nc1ccc3c(c1)OCO3)CCN(Cc1ccccc1)C2;-1.3198817108597853;0.7182534936344377;-0.16957679805484424;1.6258289027286723;2.9135321511737553;-0.4038847501309328;-0.6209838283181613;-0.49920768260333204;-0.24710536429033883;-0.030729254193150108;2.060952389667274;1.050315284101127;-0.15220388682955227;-0.40599897147057507;-0.18749999999999997;0.0
Cc1nc2c(c(C(F)(F)F)n1)Oc1ccccc1C(=O)N2CCN;1.187222899312634;0.12690124113938264;-0.16957679805484424;-0.3851146642402806;0.708380942051631;-0.9731903819644286;-0.6209838283181613;-0.49920768260333204;-0.24710536429033883;-0.030729254193150108;-0.48521256726432327;-0.4361122207682917;-0.15220388682955227;-0.40599897147057507;-0.18749999999999997;0.0
Cc1nc2c(c(C)c(C)n2-c2ccc(C)c(F)c2)c(=O)[nH]1;1.2232644669609174;0.7679271413982246;-0.16957679805484424;-0.3851146642402806;0.6299868994021683;0.16542088170256303;1.6103478937742153;0.364022567901614;-0.24710536429033883;-0.030729254193150108;-0.48521256726432327;-0.4361122207682917;-0.15220388682955227;-0.40599897147057507;-0.18749999999999997;0.0
Cc1nc2c(c(C)c1CCC(=O)N1CCC(Cc3ccccc3)CC1)c(=O)n(C)c(=O)n2C;0.5143694941165546;-1.0936934978704844;-0.16957679805484424;-0.3851146642402806;2.835138108524294;0.7347265135360589;-0.6209838283181613;-0.49920768260333204;-0.24710536429033883;-0.030729254193150108;-0.48521256726432327;-0.4361122207682917;-0.15220388682955227;-0.40599897147057507;-0.18749999999999997;0.0
Cc1nc2c(c(C)c1CCC(=O)N1CCN(C(=O)c3ccco3)CC1)c(=O)n(C)c(=O)n2C;0.8364014774490097;-1.1532141235426778;-0.16957679805484424;-0.3851146642402806;3.964500383361948;0.16542088170256303;-0.6209838283181613;-0.49920768260333204;-0.24710536429033883;-0.030729254193150108;-0.48521256726432327;-0.4361122207682917;-0.15220388682955227;-0.40599897147057507;-0.18749999999999997;0.0
Cc1nc2c(c(C)c1CCC(=O)N1CCN(C)CC1)c(=O)n(C)c(=O)n2C;1.693502173785193;-1.5304176594494934;-0.16957679805484424;-0.3851146642402806;2.835138108524294;0.16542088170256303;-0.6209838283181613;-0.49920768260333204;-0.24710536429033883;-0.030729254193150108;-0.48521256726432327;-0.4361122207682917;-0.15220388682955227;-0.40599897147057507;-0.18749999999999997;0.0
Cc1nc2c(c(C)c1CCC(=O)NC(C)C)c(=O)n(C)c(=O)n2C;3.0777446279830634;-0.8224715976494318;-0.16957679805484424;-0.3851146642402806;2.835138108524294;0.16542088170256303;-0.6209838283181613;-0.49920768260333204;-0.24710536429033883;-0.030729254193150108;-0.48521256726432327;-0.4361122207682917;-0.15220388682955227;-0.40599897147057507;-0.18749999999999997;0.0
Cc1nc2c(c(C)c1CCC(=O)NC(C)CCc1ccco1)c(=O)n(C)c(=O)n2C;1.5038501895079863;-0.13915810567090714;-0.16957679805484424;-0.3851146642402806;2.835138108524294;0.16542088170256303;-0.6209838283181613;-0.49920768260333204;-0.24710536429033883;-0.030729254193150108;-0.48521256726432327;-0.4361122207682917;-0.15220388682955227;-0.40599897147057507;-0.18749999999999997;0.0
Cc1nc2c(c(C)c1CCC(=O)NC1CCCCCC1)c(=O)n(C)c(=O)n2C;1.2462316276157959;0.045021845450121514;-0.16957679805484424;-0.3851146642402806;2.835138108524294;0.16542088170256303;-0.6209838283181613;-0.49920768260333204;-0.24710536429033883;-0.030729254193150108;-0.48521256726432327;-0.4361122207682917;-0.15220388682955227;-0.40599897147057507;-0.18749999999999997;0.0
Cc1nc2c(c(C)c1CCC(=O)NCC1CCCO1)c(=O)n(C)c(=O)n2C;1.2999075274899743;-0.448453264848896;-0.16957679805484424;1.6258289027286723;2.835138108524294;0.16542088170256303;-0.6209838283181613;-0.49920768260333204;-0.24710536429033883;-0.030729254193150108;-0.48521256726432327;-0.4361122207682917;-0.15220388682955227;-0.40599897147057507;-0.18749999999999997;0.0
Cc1nc2c(c(C)c1CCC(=O)NCCC(C)C)c(=O)n(C)c(=O)n2C;2.825378297446916;-0.4831633795552636;-0.16957679805484424;-0.3851146642402806;2.835138108524294;0.16542088170256303;-0.6209838283181613;-0.49920768260333204;-0.24710536429033883;-0.030729254193150108;-0.48521256726432327;-0.4361122207682917;-0.15220388682955227;-0.40599897147057507;-0.18749999999999997;0.0
Cc1nc2c(c(C)c1CCC(=O)NCCC1=CCCCC1)c(=O)n(C)c(=O)n2C;1.1962575139398435;-0.8086470159801916;-0.16957679805484424;-0.3851146642402806;2.835138108524294;0.16542088170256303;-0.6209838283181613;-0.49920768260333204;-0.24710536429033883;-0.030729254193150108;-0.48521256726432327;-0.4361122207682917;-0.15220388682955227;-0.40599897147057507;-0.18749999999999997;0.0
Cc1nc2c(c(C)c1CCC(=O)NCCCOC(C)C)c(=O)n(C)c(=O)n2C;2.609064299844499;-0.6055844474084516;-0.16957679805484424;-0.3851146642402806;2.835138108524294;0.16542088170256303;-0.6209838283181613;-0.49920768260333204;-0.24710536429033883;-0.030729254193150108;2.060952389667274;1.050315284101127;-0.15220388682955227;-0.40599897147057507;-0.18749999999999997;0.0
Cc1nc2c(c(C)c1CCC(=O)NCCN1CCCCCC1)c(=O)n(C)c(=O)n2C;1.1496150078422867;-0.9693139361708188;-0.16957679805484424;-0.3851146642402806;2.835138108524294;0.16542088170256303;-0.6209838283181613;-0.49920768260333204;-0.24710536429033883;-0.030729254193150108;-0.48521256726432327;-0.4361122207682917;-0.15220388682955227;-0.40599897147057507;-0.18749999999999997;0.0
Cc1nc2c(c(C)c1CCC(=O)NCCN1CCCc3ccccc31)c(=O)n(C)c(=O)n2C;0.5143694941165546;-0.8568749800630736;-0.16957679805484424;-0.3851146642402806;2.835138108524294;0.7347265135360589;-0.6209838283181613;-0.49920768260333204;-0.24710536429033883;-0.030729254193150108;-0.48521256726432327;-0.4361122207682917;-0.15220388682955227;-0.40599897147057507;-0.18749999999999997;0.0
Cc1nc2c(c(C)c1CCC(=O)NCCN1CCN(C)CC1)c(=O)n(C)c(=O)n2C;1.5038501895079863;-0.6836661627393783;-0.16957679805484424;-0.3851146642402806;3.9893210854582266;0.16542088170256303;-0.6209838283181613;-0.49920768260333204;-0.24710536429033883;-0.030729254193150108;-0.48521256726432327;-0.4361122207682917;-0.15220388682955227;-0.40599897147057507;-0.18749999999999997;0.0
Cc1nc2c(c(C)c1CCC(=O)NCCN1CCOCC1)c(=O)n(C)c(=O)n2C;1.1962575139398435;-1.0263146319809537;-0.16957679805484424;-0.3851146642402806;3.9893210854582266;0.16542088170256303;-0.6209838283181613;-0.49920768260333204;-0.24710536429033883;-0.030729254193150108;-0.48521256726432327;-0.4361122207682917;-0.15220388682955227;-0.40599897147057507;-0.18749999999999997;0.0
Cc1nc2c(c(C)c1CCC(=O)NCCc1c[nH]cn1)c(=O)n(C)c(=O)n2C;1.2462316276157959;-0.7185981590159987;-0.16957679805484424;-0.3851146642402806;2.835138108524294;0.16542088170256303;-0.6209838283181613;-0.49920768260333204;-0.24710536429033883;-0.030729254193150108;-0.48521256726432327;-0.4361122207682917;-0.15220388682955227;-0.40599897147057507;-0.18749999999999997;0.0
Cc1nc2c(c(C)c1CCC(=O)NCc1ccccc1)c(=O)n(C)c(=O)n2C;1.2462316276157959;-0.08676026583193529;-0.16957679805484424;-0.3851146642402806;2.835138108524294;0.7347265135360589;-0.6209838283181613;-0.49920768260333204;-0.24710536429033883;-0.030729254193150108;-0.48521256726432327;-0.4361122207682917;-0.15220388682955227;-0.40599897147057507;-0.18749999999999997;0.0
Cc1nc2c(c(C)c1CCC(=O)Nc1cccc(C(F)(F)F)c1)c(=O)n(C)c(=O)n2C;2.2445305709832035;0.5119539096083127;-0.16957679805484424;-0.3851146642402806;2.835138108524294;0.7347265135360589;-0.6209838283181613;-0.49920768260333204;-0.24710536429033883;-0.030729254193150108;-0.48521256726432327;-0.4361122207682917;-0.15220388682955227;-0.40599897147057507;-0.18749999999999997;0.0
Cc1nc2c(c(C)c1CCC(=O)Nc1cccc([N+](=O)[O-])c1)c(=O)n(C)c(=O)n2C;1.8580853711736862;0.4730999633761081;-0.16957679805484424;-0.3851146642402806;5.217584849451272;0.16542088170256303;-0.6209838283181613;-0.49920768260333204;-0.24710536429033883;-0.030729254193150108;-0.48521256726432327;-0.4361122207682917;-0.15220388682955227;-0.40599897147057507;-0.18749999999999997;0.0
Cc1nc2c(c(C)nn2-c2ccccc2)c(C)c1CCC(=O)NCCC(C)C;0.8666939329739644;-0.10494863732799846;-0.16957679805484424;-0.3851146642402806;-0.4458020348823024;0.16542088170256303;-0.6209838283181613;-0.49920768260333204;-0.24710536429033883;-0.030729254193150108;-0.48521256726432327;-0.4361122207682917;-0.15220388682955227;-0.40599897147057507;-0.18749999999999997;1.0
Cc1nc2c(c(C)nn2-c2ccccc2)c(C)c1CCC(=O)NN1CCOCC1;-0.4860311161420673;0.8558300112387464;-0.16957679805484424;-0.3851146642402806;0.8322533602019725;0.16542088170256303;-0.6209838283181613;-0.49920768260333204;-0.24710536429033883;-0.030729254193150108;2.060952389667274;1.050315284101127;-0.15220388682955227;-0.40599897147057507;-0.18749999999999997;0.0
Cc1nc2c(c(C)nn2C(C)(C)C)c(C)c1CCC(=O)N1CCC(C(N)=O)CC1;2.046876813395924;1.2272674737042224;-0.16957679805484424;-0.3851146642402806;0.6835602399553516;0.16542088170256303;-0.6209838283181613;-0.49920768260333204;-0.24710536429033883;-0.030729254193150108;-0.48521256726432327;-0.4361122207682917;-0.15220388682955227;-0.40599897147057507;-0.18749999999999997;0.0
Cc1nc2c(c(C)nn2C(C)(C)C)c(C)c1CCC(=O)N1CCN(Cc2ccccc2)CC1;0.6178194572766688;1.6505606774369672;-0.16957679805484424;-0.3851146642402806;0.708380942051631;0.7347265135360589;-0.6209838283181613;-0.49920768260333204;-0.24710536429033883;-0.030729254193150108;-0.48521256726432327;-0.4361122207682917;-0.15220388682955227;-0.40599897147057507;-0.18749999999999997;0.0
Cc1nc2c(c(C)nn2C(C)(C)C)c(C)c1CCC(=O)NC1CCCC1;1.4890142190576963;2.6693249146407867;-0.16957679805484424;-0.3851146642402806;-0.4458020348823024;0.16542088170256303;-0.6209838283181613;-0.49920768260333204;-0.24710536429033883;-0.030729254193150108;-0.48521256726432327;-0.4361122207682917;-0.15220388682955227;-0.40599897147057507;-0.18749999999999997;0.0
Cc1nc2c(c(C)nn2C(C)(C)C)c(C)c1CCC(=O)NCC1CCCO1;1.4263463713523392;2.132596937925186;-0.16957679805484424;1.6258289027286723;-0.4458020348823024;0.16542088170256303;-0.6209838283181613;-0.49920768260333204;-0.24710536429033883;-0.030729254193150108;-0.48521256726432327;-0.4361122207682917;-0.15220388682955227;-0.40599897147057507;-0.18749999999999997;0.0
Cc1nc2c(c(C)nn2C(C)(C)C)c(C)c1CCC(=O)NCC1CCN(C2CCCC2)C1;0.6434706174724046;2.8548074914761243;-0.16957679805484424;1.6258289027286723;-0.4458020348823024;0.16542088170256303;-0.6209838283181613;-0.49920768260333204;-0.24710536429033883;-0.030729254193150108;-0.48521256726432327;-0.4361122207682917;-0.15220388682955227;-0.40599897147057507;-0.18749999999999997;0.0
Cc1nc2c(c(C)nn2C(C)(C)C)c(C)c1CCC(=O)NCCC(C)C;2.956680173765531;1.991786424147706;-0.16957679805484424;-0.3851146642402806;-0.4458020348823024;0.16542088170256303;-0.6209838283181613;-0.49920768260333204;-0.24710536429033883;-0.030729254193150108;-0.48521256726432327;-0.4361122207682917;-0.15220388682955227;-0.40599897147057507;-0.18749999999999997;0.0
Cc1nc2c(c(C)nn2C(C)(C)C)c(C)c1CCC(=O)Nc1ccc2c(c1)OCO2;0.6999031699030338;3.460579141032439;-0.16957679805484424;1.6258289027286723;-0.4458020348823024;0.16542088170256303;-0.6209838283181613;-0.49920768260333204;-0.24710536429033883;-0.030729254193150108;2.060952389667274;1.050315284101127;-0.15220388682955227;-0.40599897147057507;-0.18749999999999997;0.0
Cc1nc2c(c(C)nn2C)c(C)c1CCC(=O)NC(C)c1ccccc1;0.948979440817094;0.9612521004349182;-0.16957679805484424;-0.3851146642402806;0.657005475036045;0.7347265135360589;-0.6209838283181613;-0.49920768260333204;-0.24710536429033883;-0.030729254193150108;-0.48521256726432327;-0.4361122207682917;-0.15220388682955227;-0.40599897147057507;-0.18749999999999997;0.0
Cc1nc2c(c(C)nn2C)c(C)c1CCC(=O)NC1CCCC1;0.6371940442710681;0.9176134231981363;-0.16957679805484424;-0.3851146642402806;0.657005475036045;0.16542088170256303;-0.6209838283181613;-0.49920768260333204;-0.24710536429033883;-0.030729254193150108;-0.48521256726432327;-0.4361122207682917;-0.15220388682955227;-0.40599897147057507;-0.18749999999999997;0.0
Cc1nc2c(c(C)nn2C)c(C)c1CCC(=O)NCCCN1CCCC1=O;0.9063128811947336;0.204305749037075;-0.16957679805484424;1.6258289027286723;1.7863677498736987;0.16542088170256303;-0.6209838283181613;-0.49920768260333204;-0.24710536429033883;-0.030729254193150108;-0.48521256726432327;-0.4361122207682917;-0.15220388682955227;-0.40599897147057507;-0.18749999999999997;0.0
Cc1nc2c(c(C)nn2C)c(C)c1CCC(=O)NCCCc1ccccc1;0.5127182348995003;0.4552763267102914;-0.16957679805484424;-0.3851146642402806;0.657005475036045;0.7347265135360589;-0.6209838283181613;-0.49920768260333204;-0.24710536429033883;-0.030729254193150108;-0.48521256726432327;-0.4361122207682917;-0.15220388682955227;-0.40599897147057507;-0.18749999999999997;0.0
Cc1nc2c(c(N)nn2C)c(C)c1[N+](=O)[O-];2.725552879598443;0.6287377455445592;-0.16957679805484424;-0.3851146642402806;0.807282431207023;-0.4038847501309328;-0.6209838283181613;-0.49920768260333204;-0.24710536429033883;-0.030729254193150108;-0.48521256726432327;-0.4361122207682917;-0.15220388682955227;-0.40599897147057507;-0.18749999999999997;0.0
Cc1nc2c(c(N3CCC(C(=O)NC4CCCC4)CC3)n1)CCOCC2;-1.336152317734658;1.6498549338875959;-0.16957679805484424;-0.3851146642402806;-0.4458020348823024;-0.9731903819644286;-0.6209838283181613;-0.49920768260333204;-0.24710536429033883;-0.030729254193150108;-0.48521256726432327;-0.4361122207682917;-0.15220388682955227;-0.40599897147057507;-0.18749999999999997;1.0
Cc1nc2c(c(N3CCC(C(=O)NCCc4cccs4)CC3)n1)CCOCC2;-1.2552141285383949;1.3409836077661723;-0.16957679805484424;-0.3851146642402806;-0.4458020348823024;-0.9731903819644286;-0.6209838283181613;-0.49920768260333204;-0.24710536429033883;-0.030729254193150108;-0.48521256726432327;-0.4361122207682917;6.5701344481423405;-0.40599897147057507;-0.18749999999999997;1.0
Cc1nc2c(c(N3CCC(C(=O)NCc4ccccc4Cl)CC3)n1)CCOCC2;-0.8524813040721054;0.5223723903282296;4.3242083503985285;-0.3851146642402806;-0.4458020348823024;-0.4038847501309328;-0.6209838283181613;-0.49920768260333204;-0.24710536429033883;-0.030729254193150108;-0.48521256726432327;-0.4361122207682917;-0.15220388682955227;-0.40599897147057507;5.333333333333333;0.0
Cc1nc2c(c(N3CCCC3)n1)CN(C(=O)Nc1cccc3ccccc13)CC2;-1.801869558293904;0.4863859145506299;-0.16957679805484424;1.6258289027286723;-1.5751643097199564;0.16542088170256303;-0.6209838283181613;-0.49920768260333204;-0.24710536429033883;-0.030729254193150108;-0.48521256726432327;-0.4361122207682917;-0.15220388682955227;-0.40599897147057507;-0.18749999999999997;1.0
Cc1nc2c(c(NC(=O)C3CC3)nn2C)c(C)c1Cl;0.8140807207464196;-1.053796792914117;-0.16957679805484424;-0.3851146642402806;-0.4458020348823024;-0.4038847501309328;-0.6209838283181613;-0.49920768260333204;-0.24710536429033883;-0.030729254193150108;-0.48521256726432327;-0.4361122207682917;-0.15220388682955227;-0.40599897147057507;-0.18749999999999997;0.0
Cc1nc2c(c(NC(=O)CCC3CCCC3)nn2C)c(C)c1Cl;0.6371940442710681;0.055238679497191794;-0.16957679805484424;-0.3851146642402806;-0.4458020348823024;-0.4038847501309328;-0.6209838283181613;-0.49920768260333204;-0.24710536429033883;-0.030729254193150108;-0.48521256726432327;-0.4361122207682917;-0.15220388682955227;-0.40599897147057507;-0.18749999999999997;0.0
Cc1nc2c(c(NC(=O)c3ccc(F)cc3)nn2C)c(C)c1Cl;1.0992399334002456;-0.654427649581093;-0.16957679805484424;-0.3851146642402806;-0.4458020348823024;0.16542088170256303;1.6103478937742153;0.364022567901614;-0.24710536429033883;-0.030729254193150108;-0.48521256726432327;-0.4361122207682917;-0.15220388682955227;2.463060426921489;-0.18749999999999997;0.0
Cc1nc2c(c(NC(=O)c3ccc(N(C)C)cc3)nn2C)c(C)c1Cl;1.42014154320812;-0.10125780881113845;-0.16957679805484424;-0.3851146642402806;-0.4458020348823024;0.16542088170256303;-0.6209838283181613;-0.49920768260333204;-0.24710536429033883;-0.030729254193150108;-0.48521256726432327;-0.4361122207682917;-0.15220388682955227;-0.40599897147057507;-0.18749999999999997;0.0
Cc1nc2c(c(S(=O)(=O)N3CCOCC3)nn2C)c(C)c1Cl;1.3136084055216795;-0.1091360517826126;8.817993498851902;-0.3851146642402806;-1.5751643097199564;-0.4038847501309328;-0.6209838283181613;-0.49920768260333204;4.046856703705712;-0.030729254193150108;-0.48521256726432327;-0.4361122207682917;-0.15220388682955227;-0.40599897147057507;5.333333333333333;0.0
Cc1nc2c(c(S(=O)(=O)NCc3ccccc3)nn2C)c(C)c1Cl;1.187222899312634;1.1508390062514515;8.817993498851902;-0.3851146642402806;-1.5751643097199564;0.16542088170256303;-0.6209838283181613;-0.49920768260333204;4.046856703705712;-0.030729254193150108;-0.48521256726432327;-0.4361122207682917;-0.15220388682955227;-0.40599897147057507;5.333333333333333;0.0
Cc1nc2c(c(SC(C)C(=O)Nc3ccc(F)cc3)n1)CCC2;0.17514815514189058;2.4727475256645572;-0.16957679805484424;-0.3851146642402806;-0.4458020348823024;-0.9731903819644286;-0.6209838283181613;-0.49920768260333204;-0.24710536429033883;-0.030729254193150108;-0.48521256726432327;-0.4361122207682917;-0.15220388682955227;-0.40599897147057507;-0.18749999999999997;1.0
Cc1nc2c(c(SCC(=O)Nc3ccc(S(=O)(=O)N(C)C)cc3)n1)CCC2;1.032751725057113;1.3443202237670047;-0.16957679805484424;-0.3851146642402806;-0.4458020348823024;-0.9731903819644286;-0.6209838283181613;-0.49920768260333204;-0.24710536429033883;-0.030729254193150108;-0.48521256726432327;-0.4361122207682917;-0.15220388682955227;-0.40599897147057507;-0.18749999999999997;0.0
Cc1nc2c(c(SCC(=O)Nc3ccc(S(=O)(=O)N4CCCCC4)cc3)n1)CCC2;-0.36280237509408747;1.5236045595302792;-0.16957679805484424;-0.3851146642402806;-0.4458020348823024;-0.9731903819644286;-0.6209838283181613;-0.49920768260333204;-0.24710536429033883;-0.030729254193150108;-0.48521256726432327;-0.4361122207682917;-0.15220388682955227;-0.40599897147057507;-0.18749999999999997;1.0
Cc1nc2c(c(SCC(=O)Nc3ccc(S(=O)(=O)N4CCOCC4)cc3)n1)CCC2;-0.36280237509408747;1.6636294031101484;-0.16957679805484424;-0.3851146642402806;-0.4458020348823024;-0.9731903819644286;-0.6209838283181613;-0.49920768260333204;-0.24710536429033883;-0.030729254193150108;-0.48521256726432327;-0.4361122207682917;-0.15220388682955227;-0.40599897147057507;-0.18749999999999997;1.0
Cc1nc2c(c(SCC(=O)Nc3nc(-c4ccccc4)cs3)n1)CCC2;-1.336152317734658;1.6422107565462127;-0.16957679805484424;-0.3851146642402806;-0.4458020348823024;-0.4038847501309328;-0.6209838283181613;-0.49920768260333204;-0.24710536429033883;-0.030729254193150108;-0.48521256726432327;-0.4361122207682917;-0.15220388682955227;-0.40599897147057507;-0.18749999999999997;1.0
Cc1nc2c(c(SCC(=O)Nc3nc(C)c(C(=O)N(C)C)s3)n1)CCC2;0.948979440817094;1.2129277511417378;-0.16957679805484424;-0.3851146642402806;0.6835602399553516;-0.9731903819644286;-0.6209838283181613;-0.49920768260333204;-0.24710536429033883;-0.030729254193150108;-0.48521256726432327;-0.4361122207682917;-0.15220388682955227;-0.40599897147057507;-0.18749999999999997;0.0
Cc1nc2c(c(SCC(=O)Nc3nc4c(s3)CCCC4)n1)CCC2;-1.4305802051302958;1.2940271167453767;-0.16957679805484424;-0.3851146642402806;-0.4458020348823024;-0.9731903819644286;-0.6209838283181613;-0.49920768260333204;-0.24710536429033883;-0.030729254193150108;-0.48521256726432327;-0.4361122207682917;-0.15220388682955227;-0.40599897147057507;-0.18749999999999997;0.0
Cc1nc2c(c(SCC(=O)O)n1)CCC2;0.7953798261765794;0.7706183674405812;-0.16957679805484424;-0.3851146642402806;-0.4458020348823024;-0.9731903819644286;-0.6209838283181613;-0.49920768260333204;-0.24710536429033883;-0.030729254193150108;-0.48521256726432327;-0.4361122207682917;-0.15220388682955227;-0.40599897147057507;-0.18749999999999997;0.0
Cc1nc2c(c(SCC(=O)c3ccc(O)cc3O)n1)CCC2;0.19233751078410677;-0.2084933687536785;-0.16957679805484424;-0.3851146642402806;-0.4458020348823024;-0.4038847501309328;-0.6209838283181613;-0.49920768260333204;-0.24710536429033883;-0.030729254193150108;2.060952389667274;1.050315284101127;-0.15220388682955227;-0.40599897147057507;-0.18749999999999997;1.0
Cc1nc2c(c(SCc3ccccc3C#N)n1)CCC2;-0.8308325162359043;-1.368474183274315;-0.16957679805484424;-0.3851146642402806;-1.5751643097199564;0.16542088170256303;-0.6209838283181613;-0.49920768260333204;-0.24710536429033883;-0.030729254193150108;-0.48521256726432327;-0.4361122207682917;-0.15220388682955227;-0.40599897147057507;-0.18749999999999997;1.0
Cc1nc2c(cc1C(=O)OC(C)C)c(=O)[nH]c(=O)n2Cc1ccco1;0.9950593252092556;0.31840901809240224;-0.16957679805484424;-0.3851146642402806;1.8039724383731446;-0.4038847501309328;-0.6209838283181613;-0.49920768260333204;-0.24710536429033883;-0.030729254193150108;2.060952389667274;2.536742788970546;-0.15220388682955227;-0.40599897147057507;-0.18749999999999997;0.0
Cc1nc2c(cnn2-c2ccc(Cl)cc2)c(=O)n1-c1ccc(N2CCC(C)CC2)cc1;-1.0131013428566134;0.531120970916062;-0.16957679805484424;-0.3851146642402806;0.6299868994021683;-0.9731903819644286;-0.6209838283181613;-0.49920768260333204;4.046856703705712;-0.030729254193150108;-0.48521256726432327;-0.4361122207682917;-0.15220388682955227;-0.40599897147057507;-0.18749999999999997;1.0
Cc1nc2c(n1C)CN(C(=O)c1ccco1)CC2;-0.31019775204296585;0.22782684428371236;-0.16957679805484424;-0.3851146642402806;-0.4458020348823024;-1.5424960137979244;-0.6209838283181613;-0.49920768260333204;-0.24710536429033883;-0.030729254193150108;-0.48521256726432327;-0.4361122207682917;-0.15220388682955227;-0.40599897147057507;-0.18749999999999997;0.0
Cc1nc2c(s1)CCc1oc(C(=O)NCc3ccccc3)c(C)c1-2;-0.9877862280481602;0.3026475235626926;-0.16957679805484424;-0.3851146642402806;-0.4458020348823024;0.16542088170256303;-0.6209838283181613;-0.49920768260333204;-0.24710536429033883;-0.030729254193150108;-0.48521256726432327;-0.4361122207682917;-0.15220388682955227;-0.40599897147057507;-0.18749999999999997;0.0
Cc1nc2c(sc3nc4c(cc32)COC(C)(C)C4)c(=O)n1CC(=O)NCc1ccco1;-0.560168948203211;-0.7391355080979328;-0.16957679805484424;-0.3851146642402806;1.7593491742398217;-0.4038847501309328;-0.6209838283181613;-0.49920768260333204;-0.24710536429033883;-0.030729254193150108;-0.48521256726432327;-0.4361122207682917;6.5701344481423405;-0.40599897147057507;-0.18749999999999997;0.0
Cc1nc2c(sc3nc4c(cc32)COC(C)(C)C4)c(=O)n1CC(C)C;0.45540511968219854;-1.9065659495302387;-0.16957679805484424;-0.3851146642402806;0.6299868994021683;-0.4038847501309328;-0.6209838283181613;-0.49920768260333204;-0.24710536429033883;-0.030729254193150108;-0.48521256726432327;-0.4361122207682917;6.5701344481423405;-0.40599897147057507;-0.18749999999999997;0.0
Cc1nc2c(sc3nc4c(cc32)COC(C)(C)C4)c(=O)n1CCC(C)C;0.43008116627184906;-1.6935178019580572;-0.16957679805484424;-0.3851146642402806;0.6299868994021683;-0.4038847501309328;-0.6209838283181613;-0.49920768260333204;-0.24710536429033883;-0.030729254193150108;-0.48521256726432327;-0.4361122207682917;6.5701344481423405;-0.40599897147057507;-0.18749999999999997;0.0
Cc1nc2c(sc3ncccc32)c(=O)[nH]1;-1.0401041319855884;0.3732484998092032;-0.16957679805484424;-0.3851146642402806;-0.4458020348823024;-0.9731903819644286;-0.6209838283181613;-0.49920768260333204;-0.24710536429033883;-0.030729254193150108;-0.48521256726432327;-0.4361122207682917;-0.15220388682955227;-0.40599897147057507;-0.18749999999999997;0.0
Cc1nc2c3c(-c4ccc(C(C)C)cc4)nc(N4CCCC4)nc3nn2c(C)c1CCC(=O)O;-0.31650246281097427;-1.7643229344202556;-0.16957679805484424;1.6258289027286723;-0.4458020348823024;0.7347265135360589;-0.6209838283181613;-0.49920768260333204;-0.24710536429033883;-0.030729254193150108;-0.48521256726432327;-0.4361122207682917;-0.15220388682955227;-0.40599897147057507;-0.18749999999999997;1.0
Cc1nc2c3c(-c4ccc(C(C)C)cc4)nc(N4CCOCC4)nc3nn2c(C)c1CCC(=O)O;-0.3132600401302917;-1.8813487188725606;-0.16957679805484424;-0.3851146642402806;-0.4458020348823024;0.7347265135360589;-0.6209838283181613;-0.49920768260333204;-0.24710536429033883;-0.030729254193150108;-0.48521256726432327;-0.4361122207682917;-0.15220388682955227;-0.40599897147057507;-0.18749999999999997;1.0
Cc1nc2c3c(-c4ccccc4)nc(N4CCC(C)CC4)nc3nn2c(C)c1CCC(=O)O;-0.6419733792896105;-1.8135234734044527;-0.16957679805484424;-0.3851146642402806;-0.4458020348823024;0.16542088170256303;-0.6209838283181613;-0.49920768260333204;-0.24710536429033883;-0.030729254193150108;-0.48521256726432327;-0.4361122207682917;-0.15220388682955227;-0.40599897147057507;-0.18749999999999997;1.0
Cc1nc2c3c(-c4ccccc4)nc(N4CCCCC4)nc3nn2c(C)c1CCC(=O)O;-0.9877862280481746;-1.7169612391136049;-0.16957679805484424;-0.3851146642402806;-0.4458020348823024;0.16542088170256303;-0.6209838283181613;-0.49920768260333204;-0.24710536429033883;-0.030729254193150108;-0.48521256726432327;-0.4361122207682917;-0.15220388682955227;-0.40599897147057507;-0.18749999999999997;1.0
Cc1nc2c3c(-c4ccccc4)nc(N4CCCCCC4)nc3nn2c(C)c1CCC(=O)O;-0.9640053626220728;-1.711284591285009;-0.16957679805484424;-0.3851146642402806;-0.4458020348823024;0.16542088170256303;-0.6209838283181613;-0.49920768260333204;-0.24710536429033883;-0.030729254193150108;-0.48521256726432327;-0.4361122207682917;-0.15220388682955227;-0.40599897147057507;-0.18749999999999997;1.0
Cc1nc2c3c4c(sc3nc(C)n2n1)COC(C)(C)C4;-0.4426947281476476;0.18192359721832738;-0.16957679805484424;-0.3851146642402806;-1.5751643097199564;-0.4038847501309328;-0.6209838283181613;-0.49920768260333204;-0.24710536429033883;-0.030729254193150108;-0.48521256726432327;-0.4361122207682917;-0.15220388682955227;-0.40599897147057507;-0.18749999999999997;1.0
Cc1nc2c3c4c(sc3ncn2n1)CN(C)CC4;-1.839767717178101;-0.18587724325179267;-0.16957679805484424;-0.3851146642402806;-1.5751643097199564;-0.4038847501309328;-0.6209838283181613;-0.49920768260333204;-0.24710536429033883;-0.030729254193150108;-0.48521256726432327;-0.4361122207682917;-0.15220388682955227;-0.40599897147057507;-0.18749999999999997;1.0
Cc1nc2c3c4c(sc3ncn2n1)CN(Cc1ccccc1)CC4;-2.577757678981651;0.0021881565901907723;-0.16957679805484424;-0.3851146642402806;-0.4209813327860232;0.16542088170256303;-0.6209838283181613;-0.49920768260333204;-0.24710536429033883;-0.030729254193150108;-0.48521256726432327;-0.4361122207682917;-0.15220388682955227;-0.40599897147057507;-0.18749999999999997;1.0
Cc1nc2c3cc(-c4ccc(NS(=O)(=O)c5ncc[nH]5)cc4C)c(Cl)cc3[nH]c(=O)n2n1;-0.21691248791609707;0.8946454873401126;4.3242083503985285;-0.3851146642402806;-0.46286595987428214;0.7347265135360589;-0.6209838283181613;-0.49920768260333204;4.046856703705712;-0.030729254193150108;-0.48521256726432327;-0.4361122207682917;-0.15220388682955227;-0.40599897147057507;5.333333333333333;1.0
Cc1nc2c3ccc(Br)cc3nn2c(C)c1CC(=O)NC1CCOC(C)(C)C1;0.38485982089621623;-0.3297548508186197;-0.16957679805484424;-0.3851146642402806;-0.4458020348823024;-0.4038847501309328;-0.6209838283181613;-0.49920768260333204;-0.24710536429033883;32.54228019054596;2.060952389667274;1.050315284101127;-0.15220388682955227;-0.40599897147057507;-0.18749999999999997;0.0
Cc1nc2c3ccc(Br)cc3nn2c(C)c1CCC(=O)O;0.7172142074384849;0.2848899338187296;-0.16957679805484424;-0.3851146642402806;-0.4458020348823024;-0.4038847501309328;-0.6209838283181613;-0.49920768260333204;-0.24710536429033883;32.54228019054596;-0.48521256726432327;-0.4361122207682917;-0.15220388682955227;-0.40599897147057507;-0.18749999999999997;0.0
Cc1nc2c3ccccc3c(=O)n(C)c2o1;-0.3235952624249747;0.46998013662520766;-0.16957679805484424;-0.3851146642402806;0.6299868994021683;-0.4038847501309328;-0.6209838283181613;-0.49920768260333204;-0.24710536429033883;-0.030729254193150108;-0.48521256726432327;-0.4361122207682917;-0.15220388682955227;-0.40599897147057507;-0.18749999999999997;1.0
Cc1nc2c3ccccc3n3c(CCCC(=O)N4CCN(C(=O)c5ccco5)CC4)nnc3n2n1;-1.707156333626731;0.8499637150065948;-0.16957679805484424;-0.3851146642402806;1.720152152915091;-0.9731903819644286;-0.6209838283181613;-0.49920768260333204;-0.24710536429033883;-0.030729254193150108;-0.48521256726432327;-0.4361122207682917;-0.15220388682955227;-0.40599897147057507;-0.18749999999999997;0.0
Cc1nc2c3ccccc3n3c(CCCC(=O)N4CCN(c5cccc(C)c5C)CC4)nnc3n2n1;-1.3701787193319692;1.0778437951467699;-0.16957679805484424;-0.3851146642402806;0.5907898780774372;0.16542088170256303;-0.6209838283181613;-0.49920768260333204;-0.24710536429033883;-0.030729254193150108;-0.48521256726432327;-0.4361122207682917;-0.15220388682955227;-0.40599897147057507;-0.18749999999999997;1.0
Cc1nc2c3ccccc3n3c(CCCC(=O)NCCCOC(C)C)nnc3n2n1;-0.4765973345702116;-0.308042490398732;-0.16957679805484424;-0.3851146642402806;0.5907898780774372;-0.9731903819644286;-0.6209838283181613;-0.49920768260333204;-0.24710536429033883;-0.030729254193150108;2.060952389667274;1.050315284101127;-0.15220388682955227;-0.40599897147057507;-0.18749999999999997;0.0
Cc1nc2c3ccccc3nc(NNC(=O)CCC(=O)N3CCOCC3)n2n1;-0.8756764338965705;0.27142751400714293;-0.16957679805484424;-0.3851146642402806;3.2396710301239007;-0.9731903819644286;-0.6209838283181613;-0.49920768260333204;-0.24710536429033883;-0.030729254193150108;-0.48521256726432327;-0.4361122207682917;-0.15220388682955227;-0.40599897147057507;-0.18749999999999997;0.0
Cc1nc2c3ccccc3nc(NNC(=O)CCC(=O)NC(C)C)n2n1;0.5402465388951426;0.09732172812082306;-0.16957679805484424;-0.3851146642402806;3.2396710301239007;-0.9731903819644286;-0.6209838283181613;-0.49920768260333204;-0.24710536429033883;-0.030729254193150108;-0.48521256726432327;-0.4361122207682917;-0.15220388682955227;-0.40599897147057507;-0.18749999999999997;0.0
Cc1nc2c3ccccc3nc(NNC(=O)CCC(=O)NC3CCC(C)CC3)n2n1;-0.4765973345702188;-0.11527197128483069;-0.16957679805484424;-0.3851146642402806;3.2396710301239007;-0.9731903819644286;-0.6209838283181613;-0.49920768260333204;-0.24710536429033883;-0.030729254193150108;-0.48521256726432327;-0.4361122207682917;-0.15220388682955227;-0.40599897147057507;-0.18749999999999997;1.0
Cc1nc2c3ccccc3nc(NNC(=O)CCC(=O)NCCCN3CCOCC3)n2n1;-0.7915940882828656;-0.1585296692433048;-0.16957679805484424;-0.3851146642402806;4.393854007057834;-0.9731903819644286;-0.6209838283181613;-0.49920768260333204;-0.24710536429033883;-0.030729254193150108;-0.48521256726432327;-0.4361122207682917;-0.15220388682955227;-0.40599897147057507;-0.18749999999999997;1.0
Cc1nc2c3ccccc3nc(NNC(=O)CCC(=O)NCCN3CCOCC3)n2n1;-0.8105804243891837;-0.16786742528640922;-0.16957679805484424;-0.3851146642402806;4.393854007057834;-0.9731903819644286;-0.6209838283181613;-0.49920768260333204;-0.24710536429033883;-0.030729254193150108;-0.48521256726432327;-0.4361122207682917;-0.15220388682955227;-0.40599897147057507;-0.18749999999999997;1.0
Cc1nc2c3ccccc3nc(SCC(=O)N3CCC(C(N)=O)CC3)n2n1;-0.5069950751905825;0.3761748878650672;-0.16957679805484424;-0.3851146642402806;0.6835602399553516;-0.9731903819644286;-0.6209838283181613;-0.49920768260333204;-0.24710536429033883;-0.030729254193150108;-0.48521256726432327;-0.4361122207682917;-0.15220388682955227;-0.40599897147057507;-0.18749999999999997;0.0
Cc1nc2c3ccccc3nc(SCc3ccccc3C)n2n1;-1.4839524893104412;0.7588249065314082;-0.16957679805484424;-0.3851146642402806;-1.5751643097199564;0.16542088170256303;-0.6209838283181613;-0.49920768260333204;-0.24710536429033883;-0.030729254193150108;-0.48521256726432327;-0.4361122207682917;-0.15220388682955227;-0.40599897147057507;-0.18749999999999997;1.0
Cc1nc2c3ccccc3nn2c(C)c1CC(=O)NCC1CCOCC1;-0.9274194158126922;0.6615546740585968;-0.16957679805484424;-0.3851146642402806;-0.4458020348823024;-0.4038847501309328;-0.6209838283181613;-0.49920768260333204;-0.24710536429033883;-0.030729254193150108;-0.48521256726432327;-0.4361122207682917;-0.15220388682955227;-0.40599897147057507;-0.18749999999999997;1.0
Cc1nc2c3ccccc3nn2c(C)c1CC(=O)NCCC(C)C;0.6021852228853233;0.8057287387442844;-0.16957679805484424;-0.3851146642402806;-0.4458020348823024;-0.4038847501309328;-0.6209838283181613;-0.49920768260333204;-0.24710536429033883;-0.030729254193150108;-0.48521256726432327;-0.4361122207682917;-0.15220388682955227;-0.40599897147057507;-0.18749999999999997;0.0
Cc1nc2c3ccccc3nn2c(C)c1CCC(=O)N1CCN(S(=O)(=O)N(C)C)CC1;0.670776691229174;-1.9750313928430117;-0.16957679805484424;-0.3851146642402806;-0.4458020348823024;-0.4038847501309328;-0.6209838283181613;-0.49920768260333204;-0.24710536429033883;-0.030729254193150108;-0.48521256726432327;-0.4361122207682917;6.5701344481423405;-0.40599897147057507;-0.18749999999999997;0.0
Cc1nc2c3ccccc3nn2c(C)c1CCC(=O)NCC1CCOCC1;-0.9005897214858158;0.37784113288793936;-0.16957679805484424;-0.3851146642402806;-0.4458020348823024;-0.4038847501309328;-0.6209838283181613;-0.49920768260333204;-0.24710536429033883;-0.030729254193150108;-0.48521256726432327;-0.4361122207682917;-0.15220388682955227;-0.40599897147057507;-0.18749999999999997;0.0
Cc1nc2c3cccnc3nn2c(C)c1CCC(=O)NCCc1cccs1;-0.9005897214858158;-0.709414602503837;-0.16957679805484424;-0.3851146642402806;-0.4458020348823024;-0.4038847501309328;-0.6209838283181613;-0.49920768260333204;-0.24710536429033883;-0.030729254193150108;-0.48521256726432327;-0.4361122207682917;6.5701344481423405;-0.40599897147057507;-0.18749999999999997;1.0
Cc1nc2cc(-c3ccc(Cl)cc3)nn2c(C)c1CCC(=O)N1CCCC1;-0.5069950751905897;-2.4297912711066125;-0.16957679805484424;1.6258289027286723;-0.4458020348823024;-0.4038847501309328;-0.6209838283181613;-0.49920768260333204;4.046856703705712;-0.030729254193150108;-0.48521256726432327;-0.4361122207682917;-0.15220388682955227;-0.40599897147057507;-0.18749999999999997;0.0
Cc1nc2cc(-c3ccc(Cl)cc3)nn2c(C)c1CCC(=O)Nc1ccc2c(c1)OCO2;-0.987786228048189;-0.5438515211964574;-0.16957679805484424;1.6258289027286723;-0.4458020348823024;-0.4038847501309328;-0.6209838283181613;-0.49920768260333204;4.046856703705712;-0.030729254193150108;2.060952389667274;1.050315284101127;-0.15220388682955227;-0.40599897147057507;-0.18749999999999997;1.0
Cc1nc2cc(-c3cccc(F)c3)nn2c(C)c1CCC(=O)Nc1ccccc1;-0.4860311161420673;-0.6120739246327672;-0.16957679805484424;-0.3851146642402806;-0.4458020348823024;-0.4038847501309328;1.6103478937742153;0.364022567901614;-0.24710536429033883;-0.030729254193150108;-0.48521256726432327;-0.4361122207682917;-0.15220388682955227;-0.40599897147057507;-0.18749999999999997;0.0
Cc1nc2cc(-c3ccccc3)nn2c(C)c1CC(=O)NCCCN1CCCC1=O;-0.4765973345702188;-1.131838158272609;-0.16957679805484424;1.6258289027286723;0.6835602399553516;-0.4038847501309328;-0.6209838283181613;-0.49920768260333204;-0.24710536429033883;-0.030729254193150108;-0.48521256726432327;-0.4361122207682917;-0.15220388682955227;-0.40599897147057507;-0.18749999999999997;0.0
Cc1nc2cc(-c3ccccc3)nn2c(C)c1CCC(=O)N1CCCCC1;-0.9005897214858158;-2.2090493734477814;-0.16957679805484424;-0.3851146642402806;-0.4458020348823024;-0.4038847501309328;-0.6209838283181613;-0.49920768260333204;-0.24710536429033883;-0.030729254193150108;-0.48521256726432327;-0.4361122207682917;-0.15220388682955227;-0.40599897147057507;-0.18749999999999997;1.0
Cc1nc2cc(-c3ccccc3)nn2c(C)c1CCC(=O)Nc1ccccc1Cl;-0.48603111614206007;-0.117691054480112;-0.16957679805484424;-0.3851146642402806;-0.4458020348823024;-0.4038847501309328;-0.6209838283181613;-0.49920768260333204;-0.24710536429033883;-0.030729254193150108;-0.48521256726432327;-0.4361122207682917;-0.15220388682955227;-0.40599897147057507;-0.18749999999999997;1.0
Cc1nc2cc(-c3noc(-c4cc(F)ccc4Cl)n3)ccc2o1;-1.0219066001812638;-0.28568101289292486;-0.16957679805484424;-0.3851146642402806;-1.5751643097199564;-0.4038847501309328;1.6103478937742153;0.364022567901614;-0.24710536429033883;-0.030729254193150108;-0.48521256726432327;-0.4361122207682917;-0.15220388682955227;-0.40599897147057507;-0.18749999999999997;1.0
Cc1nc2cc(-c3noc(-c4cc5ccccc5[nH]4)n3)ccc2o1;-2.577757678981651;0.29799666602103614;-0.16957679805484424;-0.3851146642402806;-1.5751643097199564;-0.4038847501309328;-0.6209838283181613;-0.49920768260333204;-0.24710536429033883;-0.030729254193150108;-0.48521256726432327;-0.4361122207682917;-0.15220388682955227;-0.40599897147057507;-0.18749999999999997;1.0
Cc1nc2cc(-c3noc(-c4ccc(Br)o4)n3)ccc2o1;-1.6059462817222112;0.5230055238740896;-0.16957679805484424;-0.3851146642402806;-1.5751643097199564;-0.9731903819644286;-0.6209838283181613;-0.49920768260333204;-0.24710536429033883;32.54228019054596;-0.48521256726432327;-0.4361122207682917;-0.15220388682955227;-0.40599897147057507;-0.18749999999999997;1.0
Cc1nc2cc(-c3noc(-c4ccc(Cl)nc4)n3)ccc2o1;-1.5421767993251518;0.32704361746607535;4.3242083503985285;-0.3851146642402806;-1.5751643097199564;-0.4038847501309328;-0.6209838283181613;-0.49920768260333204;4.046856703705712;-0.030729254193150108;-0.48521256726432327;-0.4361122207682917;-0.15220388682955227;-0.40599897147057507;5.333333333333333;0.0
Cc1nc2cc(-c3noc(-c4ccc(Cl)s4)n3)ccc2o1;-1.6059462817222112;0.020248469687572775;-0.16957679805484424;-0.3851146642402806;-1.5751643097199564;-0.9731903819644286;-0.6209838283181613;-0.49920768260333204;4.046856703705712;-0.030729254193150108;-0.48521256726432327;-0.4361122207682917;-0.15220388682955227;-0.40599897147057507;-0.18749999999999997;1.0
Cc1nc2cc(-c3noc(-c4ccc(F)cc4)n3)ccc2n(C)c1=O;-0.531313267686872;0.3186434708581169;-0.16957679805484424;-0.3851146642402806;-0.4458020348823024;-0.4038847501309328;1.6103478937742153;0.364022567901614;-0.24710536429033883;-0.030729254193150108;-0.48521256726432327;-0.4361122207682917;-0.15220388682955227;2.463060426921489;-0.18749999999999997;0.0
Cc1nc2cc(-c3noc(-c4ccc(OC(F)(F)F)cc4)n3)ccc2o1;-0.38738463757208985;0.25323277657005017;-0.16957679805484424;-0.3851146642402806;-1.5751643097199564;-0.4038847501309328;-0.6209838283181613;-0.49920768260333204;-0.24710536429033883;-0.030729254193150108;2.060952389667274;1.050315284101127;-0.15220388682955227;-0.40599897147057507;-0.18749999999999997;1.0
Cc1nc2cc(-c3noc(-c4cccc(Br)c4)n3)ccc2n(C)c1=O;-0.531313267686872;1.0844598153746339;-0.16957679805484424;-0.3851146642402806;-0.4458020348823024;-0.4038847501309328;-0.6209838283181613;-0.49920768260333204;-0.24710536429033883;32.54228019054596;-0.48521256726432327;-0.4361122207682917;-0.15220388682955227;-0.40599897147057507;-0.18749999999999997;0.0
Cc1nc2cc(-c3noc(-c4cccc(C#N)c4)n3)ccc2o1;-1.4839524893104412;0.1451378273263348;-0.16957679805484424;-0.3851146642402806;-1.5751643097199564;0.16542088170256303;-0.6209838283181613;-0.49920768260333204;-0.24710536429033883;-0.030729254193150108;-0.48521256726432327;-0.4361122207682917;-0.15220388682955227;-0.40599897147057507;-0.18749999999999997;1.0
Cc1nc2cc(-c3noc(-c4ccccc4C(F)(F)F)n3)ccc2o1;-0.39475931631549416;-0.6889544056479415;-0.16957679805484424;-0.3851146642402806;-1.5751643097199564;0.16542088170256303;1.6103478937742153;2.090483068911506;-0.24710536429033883;-0.030729254193150108;-0.48521256726432327;-0.4361122207682917;-0.15220388682955227;-0.40599897147057507;-0.18749999999999997;1.0
Cc1nc2cc(-c3noc(-c4ccco4)n3)ccc2n(C)c1=O;-1.0219066001812638;0.28406179726430186;-0.16957679805484424;-0.3851146642402806;-0.4458020348823024;-0.9731903819644286;-0.6209838283181613;-0.49920768260333204;-0.24710536429033883;-0.030729254193150108;-0.48521256726432327;-0.4361122207682917;-0.15220388682955227;-0.40599897147057507;-0.18749999999999997;0.0
Cc1nc2cc(-c3noc(-c4ccco4)n3)ccc2n(C2CCCC2)c1=O;-1.9203030315758987;1.2182355462698407;-0.16957679805484424;-0.3851146642402806;-0.4458020348823024;-0.9731903819644286;-0.6209838283181613;-0.49920768260333204;-0.24710536429033883;-0.030729254193150108;-0.48521256726432327;-0.4361122207682917;-0.15220388682955227;-0.40599897147057507;-0.18749999999999997;1.0
Cc1nc2cc(-c3noc(/C=C/c4ccco4)n3)ccc2o1;-2.025224774323838;0.15157729925175215;-0.16957679805484424;-0.3851146642402806;-1.5751643097199564;-0.9731903819644286;-0.6209838283181613;-0.49920768260333204;-0.24710536429033883;-0.030729254193150108;-0.48521256726432327;-0.4361122207682917;-0.15220388682955227;-0.40599897147057507;-0.18749999999999997;1.0
Cc1nc2cc(-c3noc(/C=C/c4cccs4)n3)ccc2o1;-2.025224774323838;0.7285841278197049;-0.16957679805484424;-0.3851146642402806;-1.5751643097199564;-0.9731903819644286;-0.6209838283181613;-0.49920768260333204;-0.24710536429033883;-0.030729254193150108;-0.48521256726432327;-0.4361122207682917;-0.15220388682955227;-0.40599897147057507;-0.18749999999999997;1.0
Cc1nc2cc(-c3noc(C4(c5ccccc5)CC4)n3)ccc2o1;-2.435513979636461;-0.021086940439356227;-0.16957679805484424;-0.3851146642402806;-1.5751643097199564;-0.4038847501309328;-0.6209838283181613;-0.49920768260333204;-0.24710536429033883;-0.030729254193150108;-0.48521256726432327;-0.4361122207682917;-0.15220388682955227;-0.40599897147057507;-0.18749999999999997;1.0
Cc1nc2cc(-c3noc(C4CC(=O)N(c5ccccc5)C4)n3)ccc2n(C2CCCC2)c1=O;-1.751395706116118;1.8735580376717165;-0.16957679805484424;1.6258289027286723;0.6835602399553516;-0.9731903819644286;-0.6209838283181613;-0.49920768260333204;-0.24710536429033883;-0.030729254193150108;-0.48521256726432327;-0.4361122207682917;-0.15220388682955227;-0.40599897147057507;-0.18749999999999997;0.0
Cc1nc2cc(-c3noc(CNC(=O)Cc4ccc(Cl)cc4)n3)ccc2n(C2CCCC2)c1=O;-0.9416233716328176;1.7808932141220568;-0.16957679805484424;-0.3851146642402806;0.6835602399553516;-0.4038847501309328;-0.6209838283181613;-0.49920768260333204;-0.24710536429033883;-0.030729254193150108;-0.48521256726432327;-0.4361122207682917;-0.15220388682955227;-0.40599897147057507;-0.18749999999999997;1.0
Cc1nc2cc(-c3noc(CNC(=O)c4cccs4)n3)ccc2o1;-1.4305802051302958;0.8340852726810359;-0.16957679805484424;-0.3851146642402806;-0.4458020348823024;-0.9731903819644286;-0.6209838283181613;-0.49920768260333204;-0.24710536429033883;-0.030729254193150108;-0.48521256726432327;-0.4361122207682917;6.5701344481423405;-0.40599897147057507;-0.18749999999999997;1.0
Cc1nc2cc(-c3noc(Cc4c(F)cccc4Cl)n3)ccc2o1;-0.9877862280481674;0.3513282711100718;-0.16957679805484424;-0.3851146642402806;-1.5751643097199564;-0.4038847501309328;1.6103478937742153;0.364022567901614;4.046856703705712;-0.030729254193150108;-0.48521256726432327;-0.4361122207682917;-0.15220388682955227;-0.40599897147057507;-0.18749999999999997;0.0
Cc1nc2cc(-c3noc(Cc4ccc(Br)cc4)n3)ccc2n(C)c1=O;-0.5186865138907191;0.7183964426389132;-0.16957679805484424;-0.3851146642402806;-0.4458020348823024;-0.4038847501309328;-0.6209838283181613;-0.49920768260333204;-0.24710536429033883;-0.030729254193150108;-0.48521256726432327;-0.4361122207682917;-0.15220388682955227;-0.40599897147057507;-0.18749999999999997;1.0
Cc1nc2cc(-c3noc(Cc4ccc(Cl)cc4)n3)ccc2o1;-1.4839524893104412;0.11165446032200559;-0.16957679805484424;-0.3851146642402806;-1.5751643097199564;-0.4038847501309328;-0.6209838283181613;-0.49920768260333204;-0.24710536429033883;-0.030729254193150108;-0.48521256726432327;-0.4361122207682917;-0.15220388682955227;-0.40599897147057507;-0.18749999999999997;1.0
Cc1nc2cc(-c3noc(Cc4ccc(F)cc4)n3)ccc2n(C2CCCC2)c1=O;-1.3943393136513027;1.3799729961356324;-0.16957679805484424;-0.3851146642402806;-0.4458020348823024;-0.4038847501309328;-0.6209838283181613;-0.49920768260333204;-0.24710536429033883;-0.030729254193150108;-0.48521256726432327;-0.4361122207682917;-0.15220388682955227;-0.40599897147057507;-0.18749999999999997;1.0
Cc1nc2cc(-c3noc(Cc4cccc(C(F)(F)F)c4)n3)ccc2o1;-0.38738463757208985;-0.05880761632134669;-0.16957679805484424;-0.3851146642402806;-1.5751643097199564;0.16542088170256303;-0.6209838283181613;-0.49920768260333204;-0.24710536429033883;-0.030729254193150108;-0.48521256726432327;-0.4361122207682917;-0.15220388682955227;-0.40599897147057507;-0.18749999999999997;1.0
Cc1nc2cc(-c3noc(Cc4ccccc4Br)n3)ccc2o1;-1.4839524893104412;0.5807724167949123;-0.16957679805484424;-0.3851146642402806;-1.5751643097199564;-0.4038847501309328;-0.6209838283181613;-0.49920768260333204;-0.24710536429033883;32.54228019054596;-0.48521256726432327;-0.4361122207682917;-0.15220388682955227;-0.40599897147057507;-0.18749999999999997;1.0
Cc1nc2cc(/N=C/c3cccc([N+](=O)[O-])c3)ccc2n1C;0.19233751078410677;-0.646162349400056;-0.16957679805484424;-0.3851146642402806;1.9832527802306483;-0.9731903819644286;-0.6209838283181613;-0.49920768260333204;-0.24710536429033883;-0.030729254193150108;-0.48521256726432327;-0.4361122207682917;-0.15220388682955227;-0.40599897147057507;-0.18749999999999997;0.0
Cc1nc2cc(/N=C/c3nc4cc([N+](=O)[O-])ccc4n3C)ccc2n1Cc1ccccc1;-0.987786228048189;0.03455526567910482;-0.16957679805484424;-0.3851146642402806;1.9832527802306483;-0.9731903819644286;-0.6209838283181613;-0.49920768260333204;-0.24710536429033883;-0.030729254193150108;-0.48521256726432327;-0.4361122207682917;-0.15220388682955227;-0.40599897147057507;-0.18749999999999997;1.0
Cc1nc2cc(/N=C\c3ccc(Cl)cc3)ccc2n1Cc1ccccc1;-1.336152317734658;0.23342931971324882;-0.16957679805484424;-0.3851146642402806;-0.39919396069633134;-0.4038847501309328;-0.6209838283181613;-0.49920768260333204;4.046856703705712;-0.030729254193150108;-0.48521256726432327;-0.4361122207682917;-0.15220388682955227;-0.40599897147057507;-0.18749999999999997;0.0
Cc1nc2cc(/N=C\c3ccc(N(C)C)cc3)ccc2n1Cc1ccccc1;-0.8756764338965705;0.44955439473477776;-0.16957679805484424;-0.3851146642402806;-0.39919396069633134;-0.4038847501309328;-0.6209838283181613;-0.49920768260333204;-0.24710536429033883;-0.030729254193150108;-0.48521256726432327;-0.4361122207682917;-0.15220388682955227;-0.40599897147057507;-0.18749999999999997;0.0
Cc1nc2cc(=O)[nH]n2c(C)c1CCC(=O)N[C@H](CO)c1ccccc1;0.5402465388951354;0.2848004176921393;-0.16957679805484424;-0.3851146642402806;1.8845643545602042;-0.4038847501309328;-0.6209838283181613;-0.49920768260333204;-0.24710536429033883;-0.030729254193150108;-0.48521256726432327;-0.4361122207682917;-0.15220388682955227;-0.40599897147057507;-0.18749999999999997;0.0
Cc1nc2cc(C(=O)N3CCN(C4CCCCC4)CC3)ccc2n(Cc2ccccc2)c1=O;-1.2860373459545424;1.1252127244518622;-0.16957679805484424;-0.3851146642402806;1.8377432168892844;-0.4038847501309328;-0.6209838283181613;-0.49920768260333204;-0.24710536429033883;-0.030729254193150108;-0.48521256726432327;-0.4361122207682917;-0.15220388682955227;-0.40599897147057507;-0.18749999999999997;0.0
Cc1nc2cc(C(=O)NCCC(C)N3CCCC3)ccc2n(C)c1=O;0.5699771072104345;0.34681049302641787;-0.16957679805484424;1.6258289027286723;0.6835602399553516;-0.9731903819644286;-0.6209838283181613;-0.49920768260333204;-0.24710536429033883;-0.030729254193150108;-0.48521256726432327;-0.4361122207682917;-0.15220388682955227;-0.40599897147057507;-0.18749999999999997;0.0
Cc1nc2cc(C(=O)NCCCN3CCCCC3C)ccc2n(Cc2ccccc2)c1=O;-0.4594986054712692;0.6886624182658363;-0.16957679805484424;-0.3851146642402806;0.6835602399553516;-0.4038847501309328;-0.6209838283181613;-0.49920768260333204;-0.24710536429033883;-0.030729254193150108;-0.48521256726432327;-0.4361122207682917;-0.15220388682955227;-0.40599897147057507;-0.18749999999999997;0.0
Cc1nc2cc(C(=O)Nc3nnc(C4CC4)s3)ccc2[nH]1;-1.6059462817222112;0.5279187284402923;-0.16957679805484424;-0.3851146642402806;0.8065775467381363;-0.9731903819644286;-0.6209838283181613;-0.49920768260333204;-0.24710536429033883;-0.030729254193150108;-0.48521256726432327;-0.4361122207682917;-0.15220388682955227;-0.40599897147057507;-0.18749999999999997;1.0
Cc1nc2cc(C(=O)O)ccc2n(Cc2ccccc2)c1=O;0.19233751078410677;0.4842758739310482;-0.16957679805484424;-0.3851146642402806;-0.4458020348823024;-0.4038847501309328;-0.6209838283181613;-0.49920768260333204;-0.24710536429033883;-0.030729254193150108;-0.48521256726432327;-0.4361122207682917;-0.15220388682955227;-0.40599897147057507;-0.18749999999999997;1.0
Cc1nc2cc(CCC(=O)Nc3cccc(C)c3C)ccc2[nH]1;0.17514815514189058;0.9231106375555719;-0.16957679805484424;-0.3851146642402806;-0.4458020348823024;0.16542088170256303;-0.6209838283181613;-0.49920768260333204;-0.24710536429033883;-0.030729254193150108;-0.48521256726432327;-0.4361122207682917;-0.15220388682955227;-0.40599897147057507;-0.18749999999999997;1.0
Cc1nc2cc(Cl)c([N+](=O)[O-])cc2s1;1.6257693222576204;0.7518704068653511;-0.16957679805484424;-0.3851146642402806;0.807282431207023;-1.5424960137979244;-0.6209838283181613;-0.49920768260333204;-0.24710536429033883;-0.030729254193150108;-0.48521256726432327;-0.4361122207682917;-0.15220388682955227;-0.40599897147057507;-0.18749999999999997;0.0
Cc1nc2cc(N3CC(C(=O)N4CCN(c5ccccc5F)CC4)CC3=O)ccc2o1;-1.013101342856606;-0.6317351718231432;-0.16957679805484424;1.6258289027286723;0.6835602399553516;-1.5424960137979244;1.6103478937742153;0.364022567901614;-0.24710536429033883;-0.030729254193150108;-0.48521256726432327;-0.4361122207682917;-0.15220388682955227;-0.40599897147057507;-0.18749999999999997;0.0
Cc1nc2cc(N3CC(C(=O)NCc4ccc(OC(C)C)cc4)CC3=O)ccc2o1;-0.12236215290451896;-1.3174995545653179;-0.16957679805484424;1.6258289027286723;0.6835602399553516;-0.9731903819644286;-0.6209838283181613;-0.49920768260333204;-0.24710536429033883;-0.030729254193150108;-0.48521256726432327;-0.4361122207682917;-0.15220388682955227;-0.40599897147057507;-0.18749999999999997;0.0
Cc1nc2cc(N3CC(C(=O)Nc4ccc(C)c(Cl)c4)CC3=O)ccc2o1;-0.11340042889535644;-0.6699168231012124;4.3242083503985285;1.6258289027286723;0.6835602399553516;-0.9731903819644286;-0.6209838283181613;-0.49920768260333204;-0.24710536429033883;-0.030729254193150108;-0.48521256726432327;-0.4361122207682917;-0.15220388682955227;-0.40599897147057507;5.333333333333333;0.0
Cc1nc2cc(N3CC(C(=O)Nc4ccccc4OC(F)(F)F)CC3=O)ccc2o1;0.34566798823733397;-0.5792210470317861;-0.16957679805484424;1.6258289027286723;0.6835602399553516;-1.5424960137979244;-0.6209838283181613;-0.49920768260333204;-0.24710536429033883;-0.030729254193150108;-0.48521256726432327;-0.4361122207682917;-0.15220388682955227;-0.40599897147057507;-0.18749999999999997;0.0
Cc1nc2cc(N3CCCC(C(=O)N4CCN(c5ccccn5)CC4)C3)cnc2nc1C;-1.3198817108597782;-0.6340028140765861;-0.16957679805484424;-0.3851146642402806;-0.4458020348823024;-1.5424960137979244;-0.6209838283181613;-0.49920768260333204;-0.24710536429033883;-0.030729254193150108;-0.48521256726432327;-0.4361122207682917;-0.15220388682955227;-0.40599897147057507;-0.18749999999999997;1.0
Cc1nc2cc(N3CCCC(C(=O)NCc4ccc5c(c4)OCO5)C3)cnc2nc1C;-1.355909583178258;-0.6023957920470513;-0.16957679805484424;1.6258289027286723;-0.4458020348823024;-0.9731903819644286;-0.6209838283181613;-0.49920768260333204;-0.24710536429033883;-0.030729254193150108;-0.48521256726432327;-0.4361122207682917;-0.15220388682955227;-0.40599897147057507;-0.18749999999999997;0.0
Cc1nc2cc(NC(=O)c3ccc(Nc4ncccn4)cc3)ccc2n1CCCN(C)C;-0.45949860547125476;-1.0509749908368284;-0.16957679805484424;-0.3851146642402806;-0.4458020348823024;-0.9731903819644286;-0.6209838283181613;-0.49920768260333204;-0.24710536429033883;-0.030729254193150108;-0.48521256726432327;-0.4361122207682917;-0.15220388682955227;-0.40599897147057507;-0.18749999999999997;0.0
Cc1nc2cc(NC(=O)c3ccc(S(=O)(=O)N4CCCCC4C)cc3)ccc2s1;-0.0018620046160103172;1.712730028496807;-0.16957679805484424;-0.3851146642402806;-0.4458020348823024;-0.9731903819644286;-0.6209838283181613;-0.49920768260333204;-0.24710536429033883;-0.030729254193150108;-0.48521256726432327;-0.4361122207682917;6.5701344481423405;-0.40599897147057507;-0.18749999999999997;1.0
Cc1nc2cc([N+](=O)[O-])cc(N3CCOCC3)c2c(=O)n1C;0.675385485782793;-0.04454549034514484;-0.16957679805484424;-0.3851146642402806;3.0124336403291476;-0.9731903819644286;-0.6209838283181613;-0.49920768260333204;-0.24710536429033883;-0.030729254193150108;-0.48521256726432327;-0.4361122207682917;-0.15220388682955227;-0.40599897147057507;-0.18749999999999997;0.0
Cc1nc2cc([N+](=O)[O-])cc([N+](=O)[O-])c2c(=O)n1C;2.822465711399244;0.7221153694659278;-0.16957679805484424;-0.3851146642402806;5.394880381256128;-0.9731903819644286;-0.6209838283181613;-0.49920768260333204;-0.24710536429033883;-0.030729254193150108;2.060952389667274;5.509597798709383;-0.15220388682955227;-0.40599897147057507;-0.18749999999999997;0.0
Cc1nc2cc([N+](=O)[O-])ccc2c(=O)n1-c1ccc(Cl)cc1;0.675385485782793;0.4261979153354331;-0.16957679805484424;-0.3851146642402806;3.0124336403291476;-0.9731903819644286;-0.6209838283181613;-0.49920768260333204;-0.24710536429033883;-0.030729254193150108;-0.48521256726432327;-0.4361122207682917;-0.15220388682955227;-0.40599897147057507;-0.18749999999999997;0.0
Cc1nc2cc3[nH]c(=O)[nH]c3cc2nc1C;-0.3235952624249747;-0.15257680648344898;-0.16957679805484424;-0.3851146642402806;-1.5751643097199564;-1.5424960137979244;-0.6209838283181613;-0.49920768260333204;-0.24710536429033883;-0.030729254193150108;-0.48521256726432327;-0.4361122207682917;-0.15220388682955227;-0.40599897147057507;-0.18749999999999997;1.0
Cc1nc2cc3c(cc2n1CC(=O)N1C(C)CCCC1C)OCCO3;-0.5313132676868793;-3.371029646188412;-0.16957679805484424;-0.3851146642402806;-0.4458020348823024;-1.5424960137979244;-0.6209838283181613;-0.49920768260333204;-0.24710536429033883;-0.030729254193150108;-0.48521256726432327;-0.4361122207682917;-0.15220388682955227;-0.40599897147057507;-0.18749999999999997;1.0
Cc1nc2cc3c(cc2n1CC(=O)N1CCCCC1)OCCO3;-1.4839524893104412;-1.7092971619271813;-0.16957679805484424;-0.3851146642402806;-0.4458020348823024;-1.5424960137979244;-0.6209838283181613;-0.49920768260333204;-0.24710536429033883;-0.030729254193150108;-0.48521256726432327;-0.4361122207682917;-0.15220388682955227;-0.40599897147057507;-0.18749999999999997;1.0
Cc1nc2cc3c(cc2n1CC(=O)NC(C)(C)C)OCCO3;0.8305604305229932;-3.159250590596672;-0.16957679805484424;-0.3851146642402806;-0.4458020348823024;-1.5424960137979244;-0.6209838283181613;-0.49920768260333204;-0.24710536429033883;-0.030729254193150108;-0.48521256726432327;-0.4361122207682917;-0.15220388682955227;-0.40599897147057507;-0.18749999999999997;0.0
Cc1nc2cc3c(cc2n1CC(=O)NC(C)c1ccccc1)OCCO3;-0.9274194158126922;-1.0059086261946808;-0.16957679805484424;-0.3851146642402806;-0.4458020348823024;-0.9731903819644286;-0.6209838283181613;-0.49920768260333204;-0.24710536429033883;-0.030729254193150108;-0.48521256726432327;-0.4361122207682917;-0.15220388682955227;-0.40599897147057507;-0.18749999999999997;0.0
Cc1nc2cc3c(cc2n1CC(=O)NC1CCCc2ccccc21)OCCO3;-1.8589714114834492;-0.22167400662500533;-0.16957679805484424;-0.3851146642402806;-0.4458020348823024;-0.4038847501309328;-0.6209838283181613;-0.49920768260333204;-0.24710536429033883;-0.030729254193150108;-0.48521256726432327;-0.4361122207682917;-0.15220388682955227;-0.40599897147057507;-0.18749999999999997;1.0
Cc1nc2cc3c(cc2n1CC(=O)NCC(C)C)OCCO3;0.19233751078410677;-1.2921572727617383;-0.16957679805484424;-0.3851146642402806;-0.4458020348823024;-1.5424960137979244;-0.6209838283181613;-0.49920768260333204;-0.24710536429033883;-0.030729254193150108;-0.48521256726432327;-0.4361122207682917;-0.15220388682955227;-0.40599897147057507;-0.18749999999999997;0.0
Cc1nc2cc3c(cc2n1CC(=O)NCCc1ccccc1)OCCO3;-1.336152317734658;-0.6610742273618639;-0.16957679805484424;-0.3851146642402806;-0.4458020348823024;-0.9731903819644286;-0.6209838283181613;-0.49920768260333204;-0.24710536429033883;-0.030729254193150108;-0.48521256726432327;-0.4361122207682917;-0.15220388682955227;-0.40599897147057507;-0.18749999999999997;1.0
Cc1nc2cc3c(cc2n1CC(=O)NCc1c(F)cccc1Cl)OCCO3;-0.5069950751905897;0.37620628585003457;4.3242083503985285;-0.3851146642402806;-0.4458020348823024;-0.9731903819644286;-0.6209838283181613;-0.49920768260333204;-0.24710536429033883;-0.030729254193150108;-0.48521256726432327;-0.4361122207682917;-0.15220388682955227;2.463060426921489;5.333333333333333;0.0
Cc1nc2cc3c(cc2n1CC(=O)NCc1ccc2c(c1)CC(C)O2)OCCO3;-1.4354193703638658;0.011729773693178857;-0.16957679805484424;1.6258289027286723;-0.4458020348823024;-0.4038847501309328;-0.6209838283181613;-0.49920768260333204;-0.24710536429033883;-0.030729254193150108;-0.48521256726432327;-0.4361122207682917;-0.15220388682955227;-0.40599897147057507;-0.18749999999999997;1.0
Cc1nc2cc3c(cc2n1CC(=O)NCc1ccccc1Cl)OCCO3;-0.9274194158126922;0.41200287885996095;4.3242083503985285;-0.3851146642402806;-0.4458020348823024;-0.9731903819644286;-0.6209838283181613;-0.49920768260333204;-0.24710536429033883;-0.030729254193150108;-0.48521256726432327;-0.4361122207682917;-0.15220388682955227;-0.40599897147057507;5.333333333333333;0.0
Cc1nc2cc3c(cc2n1CC(=O)Nc1ccc(Cl)cc1)OCCO3;-0.956395485685722;-1.6486619473922943;-0.16957679805484424;-0.3851146642402806;-0.4458020348823024;-1.5424960137979244;-0.6209838283181613;-0.49920768260333204;-0.24710536429033883;-0.030729254193150108;-0.48521256726432327;-0.4361122207682917;-0.15220388682955227;-0.40599897147057507;-0.18749999999999997;1.0
Cc1nc2ccc(-n3c(-c4nonc4N)nc4cnccc43)cc2[nH]1;-2.0576858605830215;0.20325297766682052;-0.16957679805484424;-0.3851146642402806;0.6746101635354912;-1.5424960137979244;-0.6209838283181613;-0.49920768260333204;-0.24710536429033883;-0.030729254193150108;-0.48521256726432327;-0.4361122207682917;-0.15220388682955227;-0.40599897147057507;-0.18749999999999997;0.0
Cc1nc2ccc(-n3ncc(C(=O)c4cc5ccccc5[nH]4)c3N)cc2[nH]1;-1.5267083852806727;-0.442344255114013;-0.16957679805484424;-0.3851146642402806;-0.4458020348823024;-0.4038847501309328;-0.6209838283181613;-0.49920768260333204;-0.24710536429033883;-0.030729254193150108;-0.48521256726432327;-0.4361122207682917;-0.15220388682955227;-0.40599897147057507;-0.18749999999999997;1.0
Cc1nc2ccc(Br)cc2c(-c2ccccc2)c1C(=O)O;0.21116394791605234;-0.6345378177536763;-0.16957679805484424;-0.3851146642402806;-0.40117877074897995;0.7347265135360589;-0.6209838283181613;-0.49920768260333204;-0.24710536429033883;-0.030729254193150108;-0.48521256726432327;-0.4361122207682917;-0.15220388682955227;-0.40599897147057507;-0.18749999999999997;1.0
Cc1nc2ccc(C(=O)N3CCC4(CC3)CC(=O)c3c(cnn3C(C)C)C4)cc2[nH]1;-0.57207399084375;-1.2114364998311917;-0.16957679805484424;-0.3851146642402806;1.7863677498736987;-0.4038847501309328;-0.6209838283181613;-0.49920768260333204;-0.24710536429033883;-0.030729254193150108;-0.48521256726432327;-0.4361122207682917;-0.15220388682955227;-0.40599897147057507;-0.18749999999999997;0.0
Cc1nc2ccc(C(=O)NC(C)c3ccccc3)cc2nc1C;0.17514815514189058;0.09381064169155198;-0.16957679805484424;-0.3851146642402806;-0.4458020348823024;-0.4038847501309328;-0.6209838283181613;-0.49920768260333204;-0.24710536429033883;-0.030729254193150108;-0.48521256726432327;-0.4361122207682917;-0.15220388682955227;-0.40599897147057507;-0.18749999999999997;1.0
Cc1nc2ccc(CN(C)c3ccc(C(=O)N[C@@H](CCC(=O)O)C(=O)O)s3)cc2c(=O)[nH]1;1.3971709483520505;-0.7096929576495323;-0.16957679805484424;-0.3851146642402806;1.812922514793006;-0.4038847501309328;-0.6209838283181613;-0.49920768260333204;-0.24710536429033883;-0.030729254193150108;2.060952389667274;5.509597798709383;6.5701344481423405;-0.40599897147057507;-0.18749999999999997;0.0
Cc1nc2ccc(Cl)cn2c(=O)c1NC(=O)C1CCCC1;0.21116394791605234;-0.1594545158542776;-0.16957679805484424;-0.3851146642402806;1.720152152915091;-1.5424960137979244;-0.6209838283181613;-0.49920768260333204;4.046856703705712;-0.030729254193150108;-0.48521256726432327;-0.4361122207682917;-0.15220388682955227;-0.40599897147057507;-0.18749999999999997;0.0
Cc1nc2ccc(Cl)cn2c(=O)c1NC(=O)C1CCCCC1;0.19233751078410677;-0.4825657838794821;-0.16957679805484424;-0.3851146642402806;1.720152152915091;-1.5424960137979244;-0.6209838283181613;-0.49920768260333204;4.046856703705712;-0.030729254193150108;-0.48521256726432327;-0.4361122207682917;-0.15220388682955227;-0.40599897147057507;-0.18749999999999997;0.0
Cc1nc2ccc(Cl)cn2c(=O)c1NC(=O)CC(C)(C)C;2.6968886648998214;-0.7418092077971845;-0.16957679805484424;-0.3851146642402806;1.720152152915091;-1.5424960137979244;-0.6209838283181613;-0.49920768260333204;4.046856703705712;-0.030729254193150108;-0.48521256726432327;-0.4361122207682917;-0.15220388682955227;-0.40599897147057507;-0.18749999999999997;0.0
Cc1nc2ccc(Cl)cn2c(=O)c1NC(=O)CC1CCCCC1;0.17514815514189058;-0.9562342685459019;-0.16957679805484424;-0.3851146642402806;1.720152152915091;-1.5424960137979244;-0.6209838283181613;-0.49920768260333204;4.046856703705712;-0.030729254193150108;-0.48521256726432327;-0.4361122207682917;-0.15220388682955227;-0.40599897147057507;-0.18749999999999997;0.0
Cc1nc2ccc(Cl)cn2c(=O)c1NC(=O)CCC1CCCCC1;0.15939124580318756;-0.5084675340838388;-0.16957679805484424;-0.3851146642402806;1.720152152915091;-1.5424960137979244;-0.6209838283181613;-0.49920768260333204;4.046856703705712;-0.030729254193150108;-0.48521256726432327;-0.4361122207682917;-0.15220388682955227;-0.40599897147057507;-0.18749999999999997;0.0
Cc1nc2ccc(Cl)cn2c(=O)c1NC(=O)CCCc1ccccc1;0.1448948892115773;0.11329888376993333;-0.16957679805484424;-0.3851146642402806;1.720152152915091;-0.9731903819644286;-0.6209838283181613;-0.49920768260333204;4.046856703705712;-0.030729254193150108;-0.48521256726432327;-0.4361122207682917;-0.15220388682955227;-0.40599897147057507;-0.18749999999999997;0.0
Cc1nc2ccc(Cl)cn2c(=O)c1NC(=O)c1ccccc1C(F)(F)F;1.4890142190577107;-0.4984907814561761;-0.16957679805484424;-0.3851146642402806;1.720152152915091;-0.4038847501309328;-0.6209838283181613;-0.49920768260333204;4.046856703705712;-0.030729254193150108;-0.48521256726432327;-0.4361122207682917;-0.15220388682955227;-0.40599897147057507;-0.18749999999999997;0.0
Cc1nc2ccc(F)cc2c(=O)n1CC(=O)NCCS(=O)(=O)c1ccc(F)cc1;1.3139764375358407;0.5088411045912486;-0.16957679805484424;-0.3851146642402806;1.7593491742398217;-0.9731903819644286;-0.6209838283181613;-0.49920768260333204;-0.24710536429033883;-0.030729254193150108;2.060952389667274;2.536742788970546;-0.15220388682955227;2.463060426921489;-0.18749999999999997;0.0
Cc1nc2ccc(F)cc2c(=O)n1CC(=O)NCCc1nccs1;0.15939124580318756;0.6790891736591195;-0.16957679805484424;-0.3851146642402806;1.7593491742398217;-0.9731903819644286;-0.6209838283181613;-0.49920768260333204;-0.24710536429033883;-0.030729254193150108;-0.48521256726432327;-0.4361122207682917;6.5701344481423405;-0.40599897147057507;-0.18749999999999997;1.0
Cc1nc2ccc(F)cc2c(=O)n1CC(=O)Nc1nc2c(s1)CCC2;-0.5313132676868793;1.2270680215992555;-0.16957679805484424;-0.3851146642402806;1.7593491742398217;-0.9731903819644286;-0.6209838283181613;-0.49920768260333204;-0.24710536429033883;-0.030729254193150108;-0.48521256726432327;-0.4361122207682917;-0.15220388682955227;-0.40599897147057507;-0.18749999999999997;0.0
Cc1nc2ccc(F)cc2n1-c1nc(N)c(F)c(Nc2ccc(C(F)(F)F)cc2)n1;0.699903169903041;0.6012098635274401;-0.16957679805484424;-0.3851146642402806;-0.49937537543548566;-0.9731903819644286;1.6103478937742153;3.8169435699213987;-0.24710536429033883;-0.030729254193150108;-0.48521256726432327;-0.4361122207682917;-0.15220388682955227;-0.40599897147057507;-0.18749999999999997;1.0
Cc1nc2ccc(NC(=O)CCN3C(=O)c4ccccc4C3=O)cc2[nH]1;-0.5186865138907191;0.3627966372230864;-0.16957679805484424;1.6258289027286723;2.9671054917269384;-0.4038847501309328;-0.6209838283181613;-0.49920768260333204;-0.24710536429033883;-0.030729254193150108;2.060952389667274;2.536742788970546;-0.15220388682955227;-0.40599897147057507;-0.18749999999999997;0.0
Cc1nc2ccc(Oc3ccc(O)c(C(C)(C)C)c3)cc2n1C;1.247668141412615;-1.7918108077292323;-0.16957679805484424;-0.3851146642402806;-1.5751643097199564;-0.9731903819644286;-0.6209838283181613;-0.49920768260333204;-0.24710536429033883;-0.030729254193150108;-0.48521256726432327;-0.4361122207682917;-0.15220388682955227;-0.40599897147057507;-0.18749999999999997;1.0
Cc1nc2ccc(S(=O)(=O)CCC(=O)Nc3ccc(C)c(C)c3)cc2s1;1.0802813171357304;0.3760764349197368;-0.16957679805484424;-0.3851146642402806;-0.4458020348823024;-0.4038847501309328;-0.6209838283181613;-0.49920768260333204;-0.24710536429033883;-0.030729254193150108;-0.48521256726432327;-0.4361122207682917;-0.15220388682955227;-0.40599897147057507;-0.18749999999999997;0.0
Cc1nc2ccc(S(=O)(=O)N(C)CC(=O)Nc3ccc(C)c(C)c3)cc2s1;1.4263463713523463;1.1041544404906314;-0.16957679805484424;-0.3851146642402806;-0.4458020348823024;-0.4038847501309328;-0.6209838283181613;-0.49920768260333204;-0.24710536429033883;-0.030729254193150108;-0.48521256726432327;-0.4361122207682917;-0.15220388682955227;-0.40599897147057507;-0.18749999999999997;0.0
Cc1nc2ccc(S(=O)(=O)N(C)CC(=O)Nc3cccc(Cl)c3)cc2s1;1.0802813171357304;1.4676881506851607;4.3242083503985285;-0.3851146642402806;-0.4458020348823024;-1.5424960137979244;-0.6209838283181613;-0.49920768260333204;-0.24710536429033883;-0.030729254193150108;-0.48521256726432327;-0.4361122207682917;-0.15220388682955227;-0.40599897147057507;5.333333333333333;0.0
Cc1nc2ccc(S(=O)(=O)N(CC(=O)N3CCCC3)Cc3ccccc3)cc2s1;-0.3683121925460484;0.6332794281493579;-0.16957679805484424;1.6258289027286723;-0.4458020348823024;-0.9731903819644286;-0.6209838283181613;-0.49920768260333204;-0.24710536429033883;-0.030729254193150108;-0.48521256726432327;-0.4361122207682917;-0.15220388682955227;-0.40599897147057507;-0.18749999999999997;0.0
Cc1nc2ccc(S(=O)(=O)NC(C(=O)NC3CCCC(C)C3C)C(C)C)cc2s1;1.6804266254658933;-0.582300136900855;-0.16957679805484424;-0.3851146642402806;-0.4458020348823024;-1.5424960137979244;-0.6209838283181613;-0.49920768260333204;-0.24710536429033883;-0.030729254193150108;-0.48521256726432327;-0.4361122207682917;-0.15220388682955227;-0.40599897147057507;-0.18749999999999997;0.0
Cc1nc2ccc(S(=O)(=O)NC(CC(C)C)C(=O)N3CCCCC3)cc2s1;1.032751725057113;-0.844123485622673;-0.16957679805484424;-0.3851146642402806;-0.4458020348823024;-1.5424960137979244;-0.6209838283181613;-0.49920768260333204;-0.24710536429033883;-0.030729254193150108;-0.48521256726432327;-0.4361122207682917;-0.15220388682955227;-0.40599897147057507;-0.18749999999999997;0.0
Cc1nc2ccc(S(=O)(=O)NC(CC(C)C)C(=O)NC3CCC(C)CC3)cc2s1;1.3139764375358407;-1.736852729966398;-0.16957679805484424;-0.3851146642402806;-0.4458020348823024;-1.5424960137979244;-0.6209838283181613;-0.49920768260333204;-0.24710536429033883;-0.030729254193150108;-0.48521256726432327;-0.4361122207682917;-0.15220388682955227;-0.40599897147057507;-0.18749999999999997;0.0
Cc1nc2ccc(S(=O)(=O)NC(CC(C)C)C(=O)NC3CCCCC3)cc2s1;0.9886171038412489;-1.6719975846505117;-0.16957679805484424;-0.3851146642402806;-0.4458020348823024;-1.5424960137979244;-0.6209838283181613;-0.49920768260333204;-0.24710536429033883;-0.030729254193150108;-0.48521256726432327;-0.4361122207682917;-0.15220388682955227;-0.40599897147057507;-0.18749999999999997;0.0
Cc1nc2ccc(S(=O)(=O)NCC(=O)NC3CCCCCC3)cc2s1;0.28144884058296243;0.6091927787151369;-0.16957679805484424;-0.3851146642402806;-0.4458020348823024;-1.5424960137979244;-0.6209838283181613;-0.49920768260333204;-0.24710536429033883;-0.030729254193150108;-0.48521256726432327;-0.4361122207682917;-0.15220388682955227;-0.40599897147057507;-0.18749999999999997;1.0
Cc1nc2ccc(S(=O)(=O)NCC(=O)NCc3cccnc3)cc2s1;0.28144884058296243;-0.30594375538673013;-0.16957679805484424;-0.3851146642402806;0.728183504088674;-0.9731903819644286;-0.6209838283181613;-0.49920768260333204;-0.24710536429033883;-0.030729254193150108;-0.48521256726432327;-0.4361122207682917;-0.15220388682955227;-0.40599897147057507;-0.18749999999999997;0.0
Cc1nc2ccc(S(=O)(=O)NCC(=O)Nc3ccc(C(C)C)cc3)cc2s1;1.032751725057113;0.14237788451264036;-0.16957679805484424;-0.3851146642402806;-0.4458020348823024;-0.9731903819644286;-0.6209838283181613;-0.49920768260333204;-0.24710536429033883;-0.030729254193150108;-0.48521256726432327;-0.4361122207682917;-0.15220388682955227;-0.40599897147057507;-0.18749999999999997;0.0
Cc1nc2ccc(S(=O)(=O)NCC(=O)O)cc2s1;1.9994224483285956;0.14806499668333753;-0.16957679805484424;-0.3851146642402806;-0.4458020348823024;-1.5424960137979244;-0.6209838283181613;-0.49920768260333204;-0.24710536429033883;-0.030729254193150108;-0.48521256726432327;-0.4361122207682917;-0.15220388682955227;-0.40599897147057507;-0.18749999999999997;0.0
Cc1nc2cccc(C(=O)NCC(C)C)c2o1;1.3030422061556484;-0.1793211425135632;-0.16957679805484424;-0.3851146642402806;-0.4458020348823024;-0.9731903819644286;-0.6209838283181613;-0.49920768260333204;-0.24710536429033883;-0.030729254193150108;-0.48521256726432327;-0.4361122207682917;-0.15220388682955227;-0.40599897147057507;-0.18749999999999997;0.0
Cc1nc2cccc(C(=O)NCCc3ccccc3)c2o1;-0.8009365711288127;0.028841939305929744;-0.16957679805484424;-0.3851146642402806;-0.4458020348823024;-0.4038847501309328;-0.6209838283181613;-0.49920768260333204;-0.24710536429033883;-0.030729254193150108;-0.48521256726432327;-0.4361122207682917;-0.15220388682955227;-0.40599897147057507;-0.18749999999999997;1.0
Cc1nc2cccc(N)c2c(=O)n1C1CCC(=O)NC1=O;0.7172142074384849;0.6276595604856028;-0.16957679805484424;-0.3851146642402806;4.141091030697914;-0.9731903819644286;-0.6209838283181613;-0.49920768260333204;-0.24710536429033883;-0.030729254193150108;-0.48521256726432327;-0.4361122207682917;-0.15220388682955227;-0.40599897147057507;-0.18749999999999997;0.0
Cc1nc2ccccc2c(=O)[nH]1;0.15939124580318756;0.3002341537761824;-0.16957679805484424;-0.3851146642402806;-0.4458020348823024;-0.9731903819644286;-0.6209838283181613;-0.49920768260333204;-0.24710536429033883;-0.030729254193150108;-0.48521256726432327;-0.4361122207682917;-0.15220388682955227;-0.40599897147057507;-0.18749999999999997;0.0
Cc1nc2ccccc2c(=O)n1-c1ccc(C(=O)O)cc1;0.21116394791605234;-0.2524548015052035;-0.16957679805484424;-0.3851146642402806;0.6299868994021683;-0.4038847501309328;-0.6209838283181613;-0.49920768260333204;-0.24710536429033883;-0.030729254193150108;-0.48521256726432327;-0.4361122207682917;-0.15220388682955227;-0.40599897147057507;-0.18749999999999997;0.0
Cc1nc2ccccc2c(=O)n1-c1ccc(NC(=O)C(C)(C)C)cc1;1.131613276580648;0.6233764827981482;-0.16957679805484424;-0.3851146642402806;1.7593491742398217;-0.9731903819644286;-0.6209838283181613;-0.49920768260333204;-0.24710536429033883;-0.030729254193150108;-0.48521256726432327;-0.4361122207682917;-0.15220388682955227;-0.40599897147057507;-0.18749999999999997;0.0
Cc1nc2ccccc2c(=O)n1-c1ccc(NC(=O)C2CC2)cc1;-0.9877862280481674;0.4248201337281383;-0.16957679805484424;-0.3851146642402806;1.7593491742398217;-0.9731903819644286;-0.6209838283181613;-0.49920768260333204;-0.24710536429033883;-0.030729254193150108;-0.48521256726432327;-0.4361122207682917;-0.15220388682955227;-0.40599897147057507;-0.18749999999999997;0.0
Cc1nc2ccccc2c(=O)n1-c1ccc(NC(=O)C2CCC2)cc1;-0.956395485685722;0.3039064339845278;-0.16957679805484424;-0.3851146642402806;1.7593491742398217;-0.9731903819644286;-0.6209838283181613;-0.49920768260333204;-0.24710536429033883;-0.030729254193150108;-0.48521256726432327;-0.4361122207682917;-0.15220388682955227;-0.40599897147057507;-0.18749999999999997;0.0
Cc1nc2ccccc2c(=O)n1-c1ccc(NC(=O)CC2CCCC2)cc1;-0.9005897214858158;-0.6095788536753768;-0.16957679805484424;-0.3851146642402806;1.7593491742398217;-0.9731903819644286;-0.6209838283181613;-0.49920768260333204;-0.24710536429033883;-0.030729254193150108;-0.48521256726432327;-0.4361122207682917;-0.15220388682955227;-0.40599897147057507;-0.18749999999999997;0.0
Cc1nc2ccccc2c(=O)n1-c1ccc(NC(=O)c2ccc(Cl)s2)cc1;-0.5069950751905897;0.19766556098692634;-0.16957679805484424;-0.3851146642402806;1.7593491742398217;-0.9731903819644286;-0.6209838283181613;-0.49920768260333204;-0.24710536429033883;-0.030729254193150108;-0.48521256726432327;-0.4361122207682917;-0.15220388682955227;-0.40599897147057507;-0.18749999999999997;0.0
Cc1nc2ccccc2c(=O)n1-c1cccc([N+](=O)[O-])c1;0.21116394791605234;0.4087034779018837;-0.16957679805484424;-0.3851146642402806;3.0124336403291476;-0.9731903819644286;-0.6209838283181613;-0.49920768260333204;-0.24710536429033883;-0.030729254193150108;-0.48521256726432327;-0.4361122207682917;-0.15220388682955227;-0.40599897147057507;-0.18749999999999997;1.0
Cc1nc2ccccc2c(=O)n1/N=C/c1ccccc1[N+](=O)[O-];0.17514815514189058;-0.04415246064254822;-0.16957679805484424;-0.3851146642402806;1.9366447060446763;-0.4038847501309328;-0.6209838283181613;-0.49920768260333204;-0.24710536429033883;-0.030729254193150108;-0.48521256726432327;-0.4361122207682917;-0.15220388682955227;-0.40599897147057507;-0.18749999999999997;1.0
Cc1nc2ccccc2c(=O)n1Cc1noc(-c2ccc(Cl)cc2Cl)n1;-0.5186865138907191;1.2836945499543786;4.3242083503985285;-0.3851146642402806;0.6299868994021683;-0.4038847501309328;-0.6209838283181613;-0.49920768260333204;4.046856703705712;-0.030729254193150108;2.060952389667274;1.050315284101127;-0.15220388682955227;-0.40599897147057507;5.333333333333333;0.0
Cc1nc2ccccc2c(=O)n1Cc1noc(-c2ccccc2Cl)n1;-0.956395485685722;1.050116194710349;-0.16957679805484424;-0.3851146642402806;0.6299868994021683;-0.4038847501309328;-0.6209838283181613;-0.49920768260333204;-0.24710536429033883;-0.030729254193150108;2.060952389667274;1.050315284101127;-0.15220388682955227;-0.40599897147057507;-0.18749999999999997;1.0
Cc1nc2ccccc2c(=O)n1Cc1noc(/C=C/c2ccccc2)n1;-1.336152317734658;0.0065818738088688;-0.16957679805484424;-0.3851146642402806;0.6299868994021683;-0.4038847501309328;-0.6209838283181613;-0.49920768260333204;-0.24710536429033883;-0.030729254193150108;2.060952389667274;1.050315284101127;-0.15220388682955227;-0.40599897147057507;-0.18749999999999997;1.0
Cc1nc2ccccc2c(=O)n1Cc1noc(/C=C/c2ccccc2Cl)n1;-0.9005897214858086;0.24142491268422517;4.3242083503985285;-0.3851146642402806;0.6299868994021683;-0.4038847501309328;-0.6209838283181613;-0.49920768260333204;4.046856703705712;-0.030729254193150108;2.060952389667274;1.050315284101127;-0.15220388682955227;-0.40599897147057507;5.333333333333333;0.0
Cc1nc2ccccc2c(=O)n1Cc1noc(Cc2ccccc2Br)n1;-0.9274194158126849;-0.3688941228310066;-0.16957679805484424;-0.3851146642402806;0.6299868994021683;-0.4038847501309328;-0.6209838283181613;-0.49920768260333204;-0.24710536429033883;32.54228019054596;2.060952389667274;1.050315284101127;-0.15220388682955227;-0.40599897147057507;-0.18749999999999997;1.0
Cc1nc2ccccc2c(=O)n1N;0.9489794408171084;0.41639266351876986;-0.16957679805484424;-0.3851146642402806;-0.4458020348823024;-0.9731903819644286;-0.6209838283181613;-0.49920768260333204;-0.24710536429033883;-0.030729254193150108;-0.48521256726432327;-0.4361122207682917;-0.15220388682955227;-0.40599897147057507;-0.18749999999999997;0.0
Cc1nc2ccccc2c(=O)n1NC(=O)/C=C/c1ccc(Br)cc1;0.15939124580318756;0.26218745679776506;-0.16957679805484424;-0.3851146642402806;1.9616156350396263;-0.4038847501309328;-0.6209838283181613;-0.49920768260333204;-0.24710536429033883;-0.030729254193150108;-0.48521256726432327;-0.4361122207682917;-0.15220388682955227;-0.40599897147057507;-0.18749999999999997;1.0
Cc1nc2ccccc2c(=O)n1NC(=O)C1CCC(C(C)(C)C)CC1;1.131613276580648;0.2183075967872272;-0.16957679805484424;-0.3851146642402806;1.9616156350396263;-0.9731903819644286;-0.6209838283181613;-0.49920768260333204;-0.24710536429033883;-0.030729254193150108;-0.48521256726432327;-0.4361122207682917;-0.15220388682955227;-0.40599897147057507;-0.18749999999999997;0.0
Cc1nc2ccccc2c(=O)n1NC(=O)Cc1ccc([N+](=O)[O-])cc1;0.56997710721042;0.0034173512823891944;-0.16957679805484424;-0.3851146642402806;4.3440623759666055;-0.4038847501309328;-0.6209838283181613;-0.49920768260333204;-0.24710536429033883;-0.030729254193150108;-0.48521256726432327;-0.4361122207682917;-0.15220388682955227;-0.40599897147057507;-0.18749999999999997;0.0
Cc1nc2ccccc2c(=O)n1NC(=O)Cc1ccccc1;-0.29071046421457947;-0.021628007083436235;-0.16957679805484424;-0.3851146642402806;1.9616156350396263;-0.4038847501309328;-0.6209838283181613;-0.49920768260333204;-0.24710536429033883;-0.030729254193150108;-0.48521256726432327;-0.4361122207682917;-0.15220388682955227;-0.40599897147057507;-0.18749999999999997;1.0
Cc1nc2ccccc2c(=O)n1NC(=O)c1c(O)c2c(n(CC(C)C)c1=O)CCCC2;0.5606525368974162;2.124584020589435;-0.16957679805484424;-0.3851146642402806;3.0909779098772803;0.16542088170256303;-0.6209838283181613;-0.49920768260333204;-0.24710536429033883;-0.030729254193150108;-0.48521256726432327;-0.4361122207682917;-0.15220388682955227;-0.40599897147057507;-0.18749999999999997;0.0
Cc1nc2ccccc2c(=O)n1NC(=O)c1ccc(C(C)(C)C)cc1;1.131613276580648;0.744440384211208;-0.16957679805484424;-0.3851146642402806;1.9616156350396263;0.16542088170256303;-0.6209838283181613;-0.49920768260333204;-0.24710536429033883;-0.030729254193150108;-0.48521256726432327;-0.4361122207682917;-0.15220388682955227;-0.40599897147057507;-0.18749999999999997;0.0
Cc1nc2ccccc2c(=O)n1NC(=O)c1ccccc1Cl;0.19233751078410677;-0.0718377975703146;-0.16957679805484424;-0.3851146642402806;1.9616156350396263;-0.4038847501309328;-0.6209838283181613;-0.49920768260333204;-0.24710536429033883;-0.030729254193150108;-0.48521256726432327;-0.4361122207682917;-0.15220388682955227;-0.40599897147057507;-0.18749999999999997;1.0
Cc1nc2ccccc2c(O)c1CN(C)C;1.3971709483520578;-0.3042448760414826;-0.16957679805484424;-0.3851146642402806;-0.40117877074897995;-0.4038847501309328;-0.6209838283181613;-0.49920768260333204;-0.24710536429033883;-0.030729254193150108;-0.48521256726432327;-0.4361122207682917;-0.15220388682955227;-0.40599897147057507;-0.18749999999999997;0.0
Cc1nc2ccccc2c2c1C(=O)N(c1ccc(C(=O)OC(C)C(=O)c3ccccc3)cc1)C2=O;-0.31326004013030617;0.5750598593497238;-0.16957679805484424;1.6258289027286723;2.986908053763983;1.3040321453695547;-0.6209838283181613;-0.49920768260333204;-0.24710536429033883;-0.030729254193150108;-0.48521256726432327;-0.4361122207682917;-0.15220388682955227;-0.40599897147057507;-0.18749999999999997;0.0
Cc1nc2ccccc2c2c1C(=O)N(c1ccc(C(=O)OC(C)C)cc1)C2=O;0.2629366500289099;0.6454060626702518;-0.16957679805484424;1.6258289027286723;1.8575457789263279;0.7347265135360589;-0.6209838283181613;-0.49920768260333204;-0.24710536429033883;-0.030729254193150108;-0.48521256726432327;-0.4361122207682917;-0.15220388682955227;-0.40599897147057507;-0.18749999999999997;0.0
Cc1nc2ccccc2c2c1C(=O)N(c1ccc(C(=O)OCC(=O)C(C)(C)C)cc1)C2=O;0.9755661002840227;-1.2468487517324292;-0.16957679805484424;1.6258289027286723;2.986908053763983;0.7347265135360589;-0.6209838283181613;-0.49920768260333204;-0.24710536429033883;-0.030729254193150108;-0.48521256726432327;-0.4361122207682917;-0.15220388682955227;-0.40599897147057507;-0.18749999999999997;0.0
Cc1nc2ccccc2c2c1C(=O)N(c1ccc(C(=O)OCC(=O)c3ccc(Cl)cc3)cc1)C2=O;-0.3132600401302989;0.31080694367297385;4.3242083503985285;1.6258289027286723;2.986908053763983;1.3040321453695547;-0.6209838283181613;-0.49920768260333204;-0.24710536429033883;-0.030729254193150108;-0.48521256726432327;-0.4361122207682917;-0.15220388682955227;-0.40599897147057507;5.333333333333333;0.0
Cc1nc2ccccc2c2c1C(=O)N(c1ccc(C(=O)OCC(=O)c3cccs3)cc1)C2=O;-0.641973379289625;0.24243465836214198;-0.16957679805484424;1.6258289027286723;2.986908053763983;0.7347265135360589;-0.6209838283181613;-0.49920768260333204;-0.24710536429033883;-0.030729254193150108;-0.48521256726432327;-0.4361122207682917;6.5701344481423405;-0.40599897147057507;-0.18749999999999997;0.0
Cc1nc2ccccc2c2c1C(=O)N(c1ccc(F)c(F)c1)C2=O;-0.10219827388391052;-0.2139283771771095;-0.16957679805484424;1.6258289027286723;1.8575457789263279;0.16542088170256303;-0.6209838283181613;-0.49920768260333204;-0.24710536429033883;-0.030729254193150108;-0.48521256726432327;-0.4361122207682917;-0.15220388682955227;2.463060426921489;-0.18749999999999997;0.0
Cc1nc2ccccc2c2c1C(=O)N(c1cccc(C(=O)OC(C)C(=O)c3ccccc3)c1)C2=O;-0.3132600401302989;0.22127104122370198;-0.16957679805484424;1.6258289027286723;2.986908053763983;1.3040321453695547;-0.6209838283181613;-0.49920768260333204;-0.24710536429033883;-0.030729254193150108;-0.48521256726432327;-0.4361122207682917;-0.15220388682955227;-0.40599897147057507;-0.18749999999999997;0.0
Cc1nc2ccccc2c2c1C(=O)N(c1cccc(C(=O)OCC(=O)C(C)(C)C)c1)C2=O;0.9755661002840227;-1.4439132600208793;-0.16957679805484424;1.6258289027286723;2.986908053763983;0.7347265135360589;-0.6209838283181613;-0.49920768260333204;-0.24710536429033883;-0.030729254193150108;-0.48521256726432327;-0.4361122207682917;-0.15220388682955227;-0.40599897147057507;-0.18749999999999997;0.0
Cc1nc2ccccc2c2c1C(=O)N(c1ccccc1C(=O)OCC(=O)C(C)(C)C)C2=O;0.9755661002840299;-1.8432482501343093;-0.16957679805484424;1.6258289027286723;2.986908053763983;0.7347265135360589;-0.6209838283181613;-0.49920768260333204;-0.24710536429033883;-0.030729254193150108;2.060952389667274;5.509597798709383;-0.15220388682955227;-0.40599897147057507;-0.18749999999999997;0.0
Cc1nc2ccccc2c2c1C(=O)N(c1ccccc1C(=O)OCC(=O)c1cccs1)C2=O;-0.6419733792896177;-0.42738540099018996;-0.16957679805484424;1.6258289027286723;2.986908053763983;0.7347265135360589;-0.6209838283181613;-0.49920768260333204;-0.24710536429033883;-0.030729254193150108;2.060952389667274;5.509597798709383;6.5701344481423405;-0.40599897147057507;-0.18749999999999997;0.0
Cc1nc2ccccc2c2c1C(=O)N(c1ccccc1Cl)C2=O;-0.5598607110520862;-0.7294852627304211;-0.16957679805484424;1.6258289027286723;1.8575457789263279;0.16542088170256303;-0.6209838283181613;-0.49920768260333204;-0.24710536429033883;-0.030729254193150108;-0.48521256726432327;-0.4361122207682917;-0.15220388682955227;-0.40599897147057507;-0.18749999999999997;0.0
Cc1nc2ccccc2c2c1C(=O)N(c1ccccc1F)C2=O;-0.5598607110520862;-0.08741204543362631;-0.16957679805484424;1.6258289027286723;1.8575457789263279;0.16542088170256303;-0.6209838283181613;-0.49920768260333204;-0.24710536429033883;-0.030729254193150108;-0.48521256726432327;-0.4361122207682917;-0.15220388682955227;-0.40599897147057507;-0.18749999999999997;0.0
Cc1nc2ccccc2c2nc3ccccc3n12;-2.430159686620944;0.4458672873741286;-0.16957679805484424;-0.3851146642402806;-0.5385723967602168;-0.9731903819644286;-0.6209838283181613;-0.49920768260333204;-0.24710536429033883;-0.030729254193150108;-0.48521256726432327;-0.4361122207682917;-0.15220388682955227;-0.40599897147057507;-0.18749999999999997;1.0
Cc1nc2ccccc2c2oc(C(=O)NCCC3=CCCCC3)cc12;-1.3814777036845576;0.03820002787063967;-0.16957679805484424;-0.3851146642402806;0.728183504088674;-0.4038847501309328;-0.6209838283181613;-0.49920768260333204;-0.24710536429033883;-0.030729254193150108;-0.48521256726432327;-0.4361122207682917;-0.15220388682955227;-0.40599897147057507;-0.18749999999999997;1.0
Cc1nc2ccccc2c2oc(C(=O)NCCN(C)Cc3ccccc3)cc12;-0.8756764338965705;0.3453611079020087;-0.16957679805484424;-0.3851146642402806;0.728183504088674;0.16542088170256303;-0.6209838283181613;-0.49920768260333204;-0.24710536429033883;-0.030729254193150108;-0.48521256726432327;-0.4361122207682917;-0.15220388682955227;-0.40599897147057507;-0.18749999999999997;0.0
Cc1nc2ccccc2n(CC(=O)N2CCN(Cc3ccccc3)CC2)c1=O;-0.8756764338965632;-0.5692535994676857;-0.16957679805484424;-0.3851146642402806;2.9135321511737553;-0.9731903819644286;-0.6209838283181613;-0.49920768260333204;-0.24710536429033883;-0.030729254193150108;-0.48521256726432327;-0.4361122207682917;-0.15220388682955227;-0.40599897147057507;-0.18749999999999997;0.0
Cc1nc2ccccc2n(CC(=O)NC2CCN(Cc3ccccc3)CC2)c1=O;-0.8524813040720981;-0.36549765621302616;-0.16957679805484424;-0.3851146642402806;2.9135321511737553;-0.9731903819644286;-0.6209838283181613;-0.49920768260333204;-0.24710536429033883;-0.030729254193150108;-0.48521256726432327;-0.4361122207682917;-0.15220388682955227;-0.40599897147057507;-0.18749999999999997;0.0
Cc1nc2ccccc2n(CC(=O)NCCCc2ccccc2)c1=O;-0.28018732878725816;-0.31909985035068805;-0.16957679805484424;-0.3851146642402806;1.7593491742398217;-0.9731903819644286;-0.6209838283181613;-0.49920768260333204;-0.24710536429033883;-0.030729254193150108;-0.48521256726432327;-0.4361122207682917;-0.15220388682955227;-0.40599897147057507;-0.18749999999999997;0.0
Cc1nc2ccccc2n(CC(=O)NCCN2CCC(Cc3ccccc3)CC2)c1=O;-0.8105804243891837;0.4981273237236847;-0.16957679805484424;-0.3851146642402806;1.7593491742398217;-0.9731903819644286;-0.6209838283181613;-0.49920768260333204;-0.24710536429033883;-0.030729254193150108;-0.48521256726432327;-0.4361122207682917;-0.15220388682955227;-0.40599897147057507;-0.18749999999999997;0.0
Cc1nc2ccccc2n(CC(=O)NCc2cccc(Cl)c2)c1=O;0.15939124580318756;0.22404161934934547;-0.16957679805484424;-0.3851146642402806;1.7593491742398217;-0.9731903819644286;-0.6209838283181613;-0.49920768260333204;-0.24710536429033883;-0.030729254193150108;-0.48521256726432327;-0.4361122207682917;-0.15220388682955227;-0.40599897147057507;-0.18749999999999997;0.0
Cc1nc2ccccc2n(CC(=O)NCc2cccs2)c1=O;-0.29071046421457947;1.4932803432754906;-0.16957679805484424;-0.3851146642402806;1.7593491742398217;-1.5424960137979244;-0.6209838283181613;-0.49920768260333204;-0.24710536429033883;-0.030729254193150108;-0.48521256726432327;-0.4361122207682917;-0.15220388682955227;-0.40599897147057507;-0.18749999999999997;1.0
Cc1nc2ccccc2n(CCC(=O)N2CCC(Cc3ccccc3)CC2)c1=O;-0.8524813040720981;0.5940874295102447;-0.16957679805484424;-0.3851146642402806;0.6835602399553516;-0.9731903819644286;-0.6209838283181613;-0.49920768260333204;-0.24710536429033883;-0.030729254193150108;2.060952389667274;1.050315284101127;-0.15220388682955227;-0.40599897147057507;-0.18749999999999997;0.0
Cc1nc2ccccc2n(CCC(=O)NC(C)CCc2ccccc2)c1=O;0.11912358860428872;0.3296364785929765;-0.16957679805484424;-0.3851146642402806;0.6835602399553516;-0.9731903819644286;-0.6209838283181613;-0.49920768260333204;-0.24710536429033883;-0.030729254193150108;2.060952389667274;1.050315284101127;-0.15220388682955227;-0.40599897147057507;-0.18749999999999997;0.0
Cc1nc2ccccc2n(CCC(=O)NCc2ccc3c(c2)OCO3)c1=O;-0.9005897214858086;0.7586887769925611;-0.16957679805484424;1.6258289027286723;0.6835602399553516;-0.9731903819644286;-0.6209838283181613;-0.49920768260333204;-0.24710536429033883;-0.030729254193150108;2.060952389667274;1.050315284101127;-0.15220388682955227;-0.40599897147057507;-0.18749999999999997;0.0
Cc1nc2ccccc2n(CCC(=O)Nc2cccc(Cl)c2)c1=O;0.15939124580318756;0.7688464670352094;4.3242083503985285;-0.3851146642402806;0.6835602399553516;-1.5424960137979244;-0.6209838283181613;-0.49920768260333204;-0.24710536429033883;-0.030729254193150108;2.060952389667274;1.050315284101127;-0.15220388682955227;-0.40599897147057507;5.333333333333333;1.0
Cc1nc2ccccc2n(Cc2ccc(C(=O)NC3CCS(=O)(=O)C3)cc2)c1=O;-0.001862004616003085;0.09052050356325599;-0.16957679805484424;1.6258289027286723;0.6835602399553516;-0.4038847501309328;-0.6209838283181613;-0.49920768260333204;-0.24710536429033883;-0.030729254193150108;2.060952389667274;2.536742788970546;-0.15220388682955227;-0.40599897147057507;-0.18749999999999997;0.0
Cc1nc2ccccc2n(Cc2ccc(C(=O)NCCN3CCCCCC3)cc2)c1=O;-0.8105804243891837;-0.2783444362544766;-0.16957679805484424;-0.3851146642402806;0.6835602399553516;-0.4038847501309328;-0.6209838283181613;-0.49920768260333204;-0.24710536429033883;-0.030729254193150108;-0.48521256726432327;-0.4361122207682917;-0.15220388682955227;-0.40599897147057507;-0.18749999999999997;0.0
Cc1nc2ccccc2n1C(=O)CCCCC(=O)n1c(C)nc2ccccc21;-0.4961387392547461;-0.10812746202486564;-0.16957679805484424;-0.3851146642402806;2.835138108524294;-1.5424960137979244;-0.6209838283181613;-0.49920768260333204;-0.24710536429033883;-0.030729254193150108;-0.48521256726432327;-0.4361122207682917;-0.15220388682955227;-0.40599897147057507;-0.18749999999999997;1.0
Cc1nc2ccccc2n1C(C)C(=O)O;1.5038501895079863;0.3919100979059283;-0.16957679805484424;-0.3851146642402806;-1.5751643097199564;-1.5424960137979244;-0.6209838283181613;-0.49920768260333204;-0.24710536429033883;-0.030729254193150108;-0.48521256726432327;-0.4361122207682917;-0.15220388682955227;-0.40599897147057507;-0.18749999999999997;1.0
Cc1nc2ccccc2n1C/C=C/c1ccccc1;-1.423194110826441;-0.2540720194389981;-0.16957679805484424;-0.3851146642402806;-1.5751643097199564;-0.9731903819644286;-0.6209838283181613;-0.49920768260333204;-0.24710536429033883;-0.030729254193150108;-0.48521256726432327;-0.4361122207682917;-0.15220388682955227;-0.40599897147057507;-0.18749999999999997;1.0
Cc1nc2ccccc2n1CC(O)Cn1c2ccccc2c2ccccc21;-1.9203030315758987;2.1004531836101323;-0.16957679805484424;-0.3851146642402806;-1.5751643097199564;-0.4038847501309328;-0.6209838283181613;-0.49920768260333204;-0.24710536429033883;-0.030729254193150108;-0.48521256726432327;-0.4361122207682917;-0.15220388682955227;-0.40599897147057507;-0.18749999999999997;1.0
Cc1nc2ccccc2n1CCCOc1ccccc1Cl;-0.8009365711288127;1.3541491106543773;-0.16957679805484424;-0.3851146642402806;-1.5751643097199564;-1.5424960137979244;-0.6209838283181613;-0.49920768260333204;-0.24710536429033883;-0.030729254193150108;-0.48521256726432327;-0.4361122207682917;-0.15220388682955227;-0.40599897147057507;-0.18749999999999997;1.0
Cc1nc2ccccc2n1CCNC(=O)NCc1ccc(F)cc1;-0.2834027312789409;-0.09529566071865483;-0.16957679805484424;-0.3851146642402806;-1.5751643097199564;-0.9731903819644286;1.6103478937742153;0.364022567901614;-0.24710536429033883;-0.030729254193150108;-0.48521256726432327;-0.4361122207682917;-0.15220388682955227;-0.40599897147057507;-0.18749999999999997;1.0
Cc1nc2ccccc2n1CCNC(=O)c1ccccc1F;-0.29071046421457947;0.8457941596873629;-0.16957679805484424;-0.3851146642402806;-0.4458020348823024;-0.9731903819644286;-0.6209838283181613;-0.49920768260333204;-0.24710536429033883;-0.030729254193150108;-0.48521256726432327;-0.4361122207682917;-0.15220388682955227;-0.40599897147057507;-0.18749999999999997;1.0
Cc1nc2ccccc2n1CCNS(=O)(=O)c1ccc(C2CCCCC2)cc1;-0.7537532630292714;0.26607516551655713;-0.16957679805484424;-0.3851146642402806;-1.5751643097199564;-0.9731903819644286;-0.6209838283181613;-0.49920768260333204;-0.24710536429033883;-0.030729254193150108;-0.48521256726432327;-0.4361122207682917;-0.15220388682955227;-0.40599897147057507;-0.18749999999999997;1.0
Cc1nc2ccccc2n1CCNS(=O)(=O)c1cccc(Cl)c1;0.3235763631542528;0.27539010613663356;-0.16957679805484424;-0.3851146642402806;-1.5751643097199564;-1.5424960137979244;-0.6209838283181613;-0.49920768260333204;-0.24710536429033883;-0.030729254193150108;-0.48521256726432327;-0.4361122207682917;-0.15220388682955227;-0.40599897147057507;-0.18749999999999997;1.0
Cc1nc2ccccc2n1CCO;0.131513636973184;0.2729951610691935;-0.16957679805484424;-0.3851146642402806;-1.5751643097199564;-1.5424960137979244;-0.6209838283181613;-0.49920768260333204;-0.24710536429033883;-0.030729254193150108;-0.48521256726432327;-0.4361122207682917;-0.15220388682955227;-0.40599897147057507;-0.18749999999999997;1.0
Cc1nc2ccccc2n1CCc1nc2c3ccccc3nc(NC3CCC(C)CC3)n2n1;-2.1203482360282524;-0.41137405545773975;-0.16957679805484424;-0.3851146642402806;-1.5751643097199564;-0.9731903819644286;-0.6209838283181613;-0.49920768260333204;-0.24710536429033883;-0.030729254193150108;-0.48521256726432327;-0.4361122207682917;-0.15220388682955227;-0.40599897147057507;-0.18749999999999997;1.0
Cc1nc2ccccc2n1CCc1nc2c3ccccc3nc(NC3CCCCC3)n2n1;-2.512360299059898;-0.7864630525977397;-0.16957679805484424;-0.3851146642402806;-1.5751643097199564;-0.9731903819644286;-0.6209838283181613;-0.49920768260333204;-0.24710536429033883;-0.030729254193150108;-0.48521256726432327;-0.4361122207682917;-0.15220388682955227;-0.40599897147057507;-0.18749999999999997;1.0
Cc1nc2ccccc2n1CCc1nc2c3ccccc3nc(NCCCN3CCCCCC3)n2n1;-2.2557666734962405;1.008328948569623;-0.16957679805484424;-0.3851146642402806;-1.5751643097199564;-0.9731903819644286;-0.6209838283181613;-0.49920768260333204;-0.24710536429033883;-0.030729254193150108;-0.48521256726432327;-0.4361122207682917;-0.15220388682955227;-0.40599897147057507;-0.18749999999999997;1.0
Cc1nc2ccccc2n1CCc1nc2c3ccccc3nc(NCCN3C(C)CCCC3C)n2n1;-1.6653747040533906;1.4058411882803656;-0.16957679805484424;-0.3851146642402806;-0.4209813327860232;-0.9731903819644286;-0.6209838283181613;-0.49920768260333204;-0.24710536429033883;-0.030729254193150108;-0.48521256726432327;-0.4361122207682917;-0.15220388682955227;-0.40599897147057507;-0.18749999999999997;1.0
Cc1nc2ccccc2n1CCc1nc2c3ccccc3nc(SCC(=O)NC3CCCCC3)n2n1;-1.960570688774812;0.6461721720875797;-0.16957679805484424;-0.3851146642402806;-0.4458020348823024;-0.9731903819644286;-0.6209838283181613;-0.49920768260333204;-0.24710536429033883;-0.030729254193150108;-0.48521256726432327;-0.4361122207682917;-0.15220388682955227;-0.40599897147057507;-0.18749999999999997;1.0
Cc1nc2ccccc2n1CCc1nc2c3ccccc3nc(SCC(=O)NCc3ccco3)n2n1;-1.960570688774812;0.5727639685733844;-0.16957679805484424;-0.3851146642402806;-0.4458020348823024;-0.9731903819644286;-0.6209838283181613;-0.49920768260333204;-0.24710536429033883;-0.030729254193150108;-0.48521256726432327;-0.4361122207682917;6.5701344481423405;-0.40599897147057507;-0.18749999999999997;1.0
Cc1nc2ccccc2n1S(=O)(=O)c1ccc(Br)s1;0.4344382646576493;-0.9536652103064435;-0.16957679805484424;-0.3851146642402806;-1.5751643097199564;-1.5424960137979244;-0.6209838283181613;-0.49920768260333204;-0.24710536429033883;-0.030729254193150108;-0.48521256726432327;-0.4361122207682917;-0.15220388682955227;-0.40599897147057507;-0.18749999999999997;1.0
Cc1nc2ccccc2n1S(=O)(=O)c1cccs1;-0.12053948624938227;0.3411271105794175;-0.16957679805484424;-0.3851146642402806;-1.5751643097199564;-1.5424960137979244;-0.6209838283181613;-0.49920768260333204;-0.24710536429033883;-0.030729254193150108;-0.48521256726432327;-0.4361122207682917;-0.15220388682955227;-0.40599897147057507;-0.18749999999999997;1.0
Cc1nc2ccccc2nc1CSc1nc2sc3c(c2c(=O)n1C)CCC(C)C3;-1.0689691824338206;-0.13191869161193365;-0.16957679805484424;-0.3851146642402806;0.6299868994021683;-0.4038847501309328;-0.6209838283181613;-0.49920768260333204;-0.24710536429033883;-0.030729254193150108;-0.48521256726432327;-0.4361122207682917;-0.15220388682955227;-0.40599897147057507;-0.18749999999999997;1.0
Cc1nc2ccccc2o1;-0.8308325162359115;0.06743189128518064;-0.16957679805484424;-0.3851146642402806;-1.5751643097199564;-1.5424960137979244;-0.6209838283181613;-0.49920768260333204;-0.24710536429033883;-0.030729254193150108;-0.48521256726432327;-0.4361122207682917;-0.15220388682955227;-0.40599897147057507;-0.18749999999999997;1.0
Cc1nc2ccccn2c(=O)c1Cc1nnc(SCc2cc(=O)c3cccc(C)c3[nH]2)n1C;-0.6419733792896177;-0.0351128173966888;-0.16957679805484424;-0.3851146642402806;1.720152152915091;0.16542088170256303;-0.6209838283181613;-0.49920768260333204;-0.24710536429033883;-0.030729254193150108;-0.48521256726432327;-0.4361122207682917;-0.15220388682955227;-0.40599897147057507;-0.18749999999999997;1.0
Cc1nc2ccccn2c(=O)c1Cc1nnc(SCc2cc(=O)c3cccc(Cl)c3[nH]2)n1C;-0.6419733792896177;0.20846196363476374;-0.16957679805484424;-0.3851146642402806;1.720152152915091;-0.4038847501309328;-0.6209838283181613;-0.49920768260333204;-0.24710536429033883;-0.030729254193150108;-0.48521256726432327;-0.4361122207682917;-0.15220388682955227;-0.40599897147057507;-0.18749999999999997;0.0
Cc1nc2ccccn2c(=O)c1NC(=O)CC1CCCCC1;-0.29071046421457947;-0.39670754973820177;-0.16957679805484424;-0.3851146642402806;1.720152152915091;-1.5424960137979244;-0.6209838283181613;-0.49920768260333204;-0.24710536429033883;-0.030729254193150108;-0.48521256726432327;-0.4361122207682917;-0.15220388682955227;-0.40599897147057507;-0.18749999999999997;0.0
Cc1nc2ccccn2c(=O)c1NC(=O)CCC1CCCCC1;-0.2868977339872869;0.03327852826064742;-0.16957679805484424;-0.3851146642402806;1.720152152915091;-1.5424960137979244;-0.6209838283181613;-0.49920768260333204;-0.24710536429033883;-0.030729254193150108;-0.48521256726432327;-0.4361122207682917;-0.15220388682955227;-0.40599897147057507;-0.18749999999999997;0.0
Cc1nc2cccnc2[nH]c1=O;0.15939124580318756;0.29690030753250535;-0.16957679805484424;-0.3851146642402806;-0.4458020348823024;-1.5424960137979244;-0.6209838283181613;-0.49920768260333204;-0.24710536429033883;-0.030729254193150108;-0.48521256726432327;-0.4361122207682917;-0.15220388682955227;-0.40599897147057507;-0.18749999999999997;0.0
Cc1nc2cccnc2n1-c1cc(C(=O)NC(C)C(=O)N2CCCCC2)ccc1Cl;-0.12236215290451896;0.32188325619667385;4.3242083503985285;-0.3851146642402806;1.7593491742398217;-0.9731903819644286;-0.6209838283181613;-0.49920768260333204;4.046856703705712;-0.030729254193150108;-0.48521256726432327;-0.4361122207682917;-0.15220388682955227;-0.40599897147057507;5.333333333333333;0.0
Cc1nc2cccnc2n1-c1cccc(C(=O)NCCC(C)C)c1;0.15939124580318756;-0.9001791489847402;-0.16957679805484424;-0.3851146642402806;0.6299868994021683;-0.9731903819644286;-0.6209838283181613;-0.49920768260333204;-0.24710536429033883;-0.030729254193150108;-0.48521256726432327;-0.4361122207682917;-0.15220388682955227;-0.40599897147057507;-0.18749999999999997;0.0
Cc1nc2cccnc2n1-c1cccc(C(=O)NCCCN2CCCCC2)c1;-1.2552141285383949;0.45022218453519647;-0.16957679805484424;-0.3851146642402806;0.6299868994021683;-0.9731903819644286;-0.6209838283181613;-0.49920768260333204;-0.24710536429033883;-0.030729254193150108;-0.48521256726432327;-0.4361122207682917;-0.15220388682955227;-0.40599897147057507;-0.18749999999999997;1.0
Cc1nc2cccnc2n1C1CCN(C(=O)C(C)Cl)CC1;0.21116394791605234;1.000930117313009;-0.16957679805484424;-0.3851146642402806;-0.4458020348823024;-1.5424960137979244;-0.6209838283181613;-0.49920768260333204;-0.24710536429033883;-0.030729254193150108;-0.48521256726432327;-0.4361122207682917;-0.15220388682955227;-0.40599897147057507;-0.18749999999999997;1.0
Cc1nc2cccnc2n1C1CCN(C(=O)NC2CCCC2)CC1;-1.4305802051302958;0.5221333312731268;-0.16957679805484424;-0.3851146642402806;-1.5751643097199564;-1.5424960137979244;-0.6209838283181613;-0.49920768260333204;-0.24710536429033883;-0.030729254193150108;-0.48521256726432327;-0.4361122207682917;-0.15220388682955227;-0.40599897147057507;-0.18749999999999997;1.0
Cc1nc2cccnc2n1C1CCN(C(=O)Nc2ccc(Cl)cc2)CC1;-0.9274194158126922;0.6198566965723983;-0.16957679805484424;-0.3851146642402806;-1.5751643097199564;-1.5424960137979244;-0.6209838283181613;-0.49920768260333204;-0.24710536429033883;-0.030729254193150108;-0.48521256726432327;-0.4361122207682917;-0.15220388682955227;-0.40599897147057507;-0.18749999999999997;1.0
Cc1nc2cccnc2n1C1CCN(C(=O)Nc2ccccc2)CC1;-1.3814777036845647;-0.020041177528178432;-0.16957679805484424;-0.3851146642402806;-1.5751643097199564;-1.5424960137979244;-0.6209838283181613;-0.49920768260333204;-0.24710536429033883;-0.030729254193150108;-0.48521256726432327;-0.4361122207682917;-0.15220388682955227;-0.40599897147057507;-0.18749999999999997;1.0
Cc1nc2cccnc2n1C1CCN(C(=O)Nc2ccccc2F)CC1;-0.9274194158126922;0.014201300162703814;-0.16957679805484424;-0.3851146642402806;-1.5751643097199564;-1.5424960137979244;-0.6209838283181613;-0.49920768260333204;-0.24710536429033883;-0.030729254193150108;-0.48521256726432327;-0.4361122207682917;-0.15220388682955227;-0.40599897147057507;-0.18749999999999997;1.0
Cc1nc2cccnc2n1C1CCN(S(=O)(=O)Cc2ccccc2)CC1;-0.7961175394940629;-0.17104217123631865;-0.16957679805484424;-0.3851146642402806;-1.5751643097199564;-0.9731903819644286;-0.6209838283181613;-0.49920768260333204;-0.24710536429033883;-0.030729254193150108;-0.48521256726432327;-0.4361122207682917;-0.15220388682955227;-0.40599897147057507;-0.18749999999999997;1.0
Cc1nc2cccnc2n1C1CCN(S(=O)(=O)c2ccc(C3CCCCC3)cc2)CC1;-1.2457854288465073;0.3232724376339617;-0.16957679805484424;-0.3851146642402806;-1.5751643097199564;-0.9731903819644286;-0.6209838283181613;-0.49920768260333204;-0.24710536429033883;-0.030729254193150108;-0.48521256726432327;-0.4361122207682917;-0.15220388682955227;-0.40599897147057507;-0.18749999999999997;0.0
Cc1nc2cccnc2n1CC1CCCN(C(=O)Nc2cccc(Cl)c2)C1;-0.9005897214858086;-1.2947527822904272;4.3242083503985285;-0.3851146642402806;-1.5751643097199564;-1.5424960137979244;-0.6209838283181613;-0.49920768260333204;4.046856703705712;-0.030729254193150108;-0.48521256726432327;-0.4361122207682917;-0.15220388682955227;-0.40599897147057507;5.333333333333333;1.0
Cc1nc2cccnc2n1CC1CCCN(S(=O)(=O)c2ccc(CC(C)C)cc2)C1;-0.008567193428365903;-1.8997340115290686;-0.16957679805484424;-0.3851146642402806;-1.5751643097199564;-0.9731903819644286;-0.6209838283181613;-0.49920768260333204;-0.24710536429033883;-0.030729254193150108;-0.48521256726432327;-0.4361122207682917;-0.15220388682955227;-0.40599897147057507;-0.18749999999999997;1.0
Cc1nc2cccnc2n1CC1CCCN(S(=O)(=O)c2ccc(F)cc2F)C1;0.005322126254391848;0.2545832142172641;-0.16957679805484424;-0.3851146642402806;-1.5751643097199564;-1.5424960137979244;1.6103478937742153;0.364022567901614;-0.24710536429033883;-0.030729254193150108;-0.48521256726432327;-0.4361122207682917;-0.15220388682955227;2.463060426921489;-0.18749999999999997;1.0
Cc1nc2cccnc2n1CC1CCCN(S(=O)(=O)c2cccc(Cl)c2)C1;-0.3805562313282031;0.07667199713523193;-0.16957679805484424;-0.3851146642402806;-1.5751643097199564;-1.5424960137979244;-0.6209838283181613;-0.49920768260333204;-0.24710536429033883;-0.030729254193150108;-0.48521256726432327;-0.4361122207682917;-0.15220388682955227;-0.40599897147057507;-0.18749999999999997;1.0
Cc1nc2cccnc2n1CCCNC(=O)NC1CCCCC1;-0.7489436231164645;-0.026647156894653138;-0.16957679805484424;-0.3851146642402806;-1.5751643097199564;-1.5424960137979244;-0.6209838283181613;-0.49920768260333204;-0.24710536429033883;-0.030729254193150108;-0.48521256726432327;-0.4361122207682917;-0.15220388682955227;-0.40599897147057507;-0.18749999999999997;1.0
Cc1nc2cccnc2n1CCN1CCN(C(=O)Nc2ccc(Cl)cc2)CC1;-0.8756764338965705;0.43662563537670884;-0.16957679805484424;-0.3851146642402806;-0.4209813327860232;-1.5424960137979244;-0.6209838283181613;-0.49920768260333204;-0.24710536429033883;-0.030729254193150108;-0.48521256726432327;-0.4361122207682917;-0.15220388682955227;-0.40599897147057507;-0.18749999999999997;0.0
Cc1nc2cccnc2n1CCN1CCN(C(=O)Nc2ccc(F)cc2)CC1;-0.8756764338965705;-0.2688619042701423;-0.16957679805484424;-0.3851146642402806;-0.4209813327860232;-1.5424960137979244;-0.6209838283181613;-0.49920768260333204;-0.24710536429033883;-0.030729254193150108;-0.48521256726432327;-0.4361122207682917;-0.15220388682955227;-0.40599897147057507;-0.18749999999999997;0.0
Cc1nc2ccn(Cc3ccccc3)c(=O)c2cc1C(=O)NC1CCCCC1;-0.8756764338965705;-0.30972938498279673;-0.16957679805484424;-0.3851146642402806;1.8575457789263279;0.16542088170256303;-0.6209838283181613;-0.49920768260333204;-0.24710536429033883;-0.030729254193150108;2.060952389667274;1.050315284101127;-0.15220388682955227;-0.40599897147057507;-0.18749999999999997;0.0
Cc1nc2ccn(Cc3ccccc3)c(=O)c2cc1C(=O)NCCC1=CCCCC1;-0.8308325162359331;0.11768623069318475;-0.16957679805484424;-0.3851146642402806;1.8575457789263279;0.16542088170256303;-0.6209838283181613;-0.49920768260333204;-0.24710536429033883;-0.030729254193150108;2.060952389667274;1.050315284101127;-0.15220388682955227;-0.40599897147057507;-0.18749999999999997;0.0
Cc1nc2ccn(Cc3cccnc3)c(=O)c2cc1C(=O)NCCSCc1ccco1;-0.8105804243891909;0.32148309293313254;-0.16957679805484424;-0.3851146642402806;3.0315313178973047;0.16542088170256303;-0.6209838283181613;-0.49920768260333204;-0.24710536429033883;-0.030729254193150108;2.060952389667274;1.050315284101127;-0.15220388682955227;-0.40599897147057507;-0.18749999999999997;0.0
Cc1nc2cnc3ccc(-c4cc(Cl)c(O)c(Cl)c4)cc3c2n1C1CCN(C)CC1;-0.685868950319903;-0.7185085570373956;-0.16957679805484424;-0.3851146642402806;-0.40117877074897995;0.16542088170256303;-0.6209838283181613;-0.49920768260333204;-0.24710536429033883;-0.030729254193150108;-0.48521256726432327;-0.4361122207682917;-0.15220388682955227;-0.40599897147057507;-0.18749999999999997;1.0
Cc1nc2cnc3ccc(-c4cnc5[nH]ccc5c4)cc3c2n1-c1ccc(C(C)(C)C#N)nc1;-1.3384279345203685;-0.8486992808673545;-0.16957679805484424;-0.3851146642402806;1.848595702506467;0.7347265135360589;-0.6209838283181613;-0.49920768260333204;-0.24710536429033883;-0.030729254193150108;-0.48521256726432327;-0.4361122207682917;-0.15220388682955227;-0.40599897147057507;-0.18749999999999997;0.0
Cc1nc2cnc3ccc(C#Cc4cccnc4)cc3c2n1-c1ccc(C(C)(C)C#N)cc1;-0.8605553994619443;-0.6926474531106945;-0.16957679805484424;-0.3851146642402806;1.848595702506467;0.7347265135360589;-0.6209838283181613;-0.49920768260333204;-0.24710536429033883;-0.030729254193150108;-0.48521256726432327;-0.4361122207682917;-0.15220388682955227;-0.40599897147057507;-0.18749999999999997;0.0
Cc1nc2cnccn2c1NCCC(=O)N1CCCCCC1;-0.7737584392132657;1.1081219622182272;-0.16957679805484424;-0.3851146642402806;1.764775417048414;-1.5424960137979244;-0.6209838283181613;-0.49920768260333204;-0.24710536429033883;-0.030729254193150108;-0.48521256726432327;-0.4361122207682917;-0.15220388682955227;-0.40599897147057507;-0.18749999999999997;0.0
Cc1nc2cnccn2c1NCCC(=O)NC1CCCCC1;-0.7737584392132657;0.6920383956084399;-0.16957679805484424;-0.3851146642402806;1.764775417048414;-1.5424960137979244;-0.6209838283181613;-0.49920768260333204;-0.24710536429033883;-0.030729254193150108;-0.48521256726432327;-0.4361122207682917;-0.15220388682955227;-0.40599897147057507;-0.18749999999999997;1.0
Cc1nc2cnccn2c1NCCC(=O)NCc1ccc(C(F)(F)F)cc1;0.6391570787618942;0.22253646200416882;-0.16957679805484424;-0.3851146642402806;1.764775417048414;-0.4038847501309328;-0.6209838283181613;-0.49920768260333204;-0.24710536429033883;-0.030729254193150108;-0.48521256726432327;-0.4361122207682917;-0.15220388682955227;-0.40599897147057507;-0.18749999999999997;0.0
Cc1nc2cnccn2c1NCCC(=O)Nc1ccc(Cl)cc1F;0.15939124580318756;0.5207817745066455;-0.16957679805484424;-0.3851146642402806;1.764775417048414;-1.5424960137979244;-0.6209838283181613;-0.49920768260333204;-0.24710536429033883;-0.030729254193150108;-0.48521256726432327;-0.4361122207682917;-0.15220388682955227;-0.40599897147057507;-0.18749999999999997;1.0
Cc1nc2n(c(=O)c1C)CN(CCN1CCOCC1)CN2c1cccc(C(F)(F)F)c1;0.32796845090752946;-0.9287944039385501;-0.16957679805484424;-0.3851146642402806;4.092535830203968;-0.4038847501309328;-0.6209838283181613;-0.49920768260333204;-0.24710536429033883;-0.030729254193150108;-0.48521256726432327;-0.4361122207682917;-0.15220388682955227;-0.40599897147057507;-0.18749999999999997;0.0
Cc1nc2n(c(=O)c1CCN1CCC(c3noc4cc(F)ccc34)CC1)CCCC2;-1.39433931365131;1.1660769787386833;-0.16957679805484424;-0.3851146642402806;0.6299868994021683;-0.4038847501309328;-0.6209838283181613;-0.49920768260333204;-0.24710536429033883;-0.030729254193150108;-0.48521256726432327;-0.4361122207682917;-0.15220388682955227;-0.40599897147057507;-0.18749999999999997;1.0
Cc1nc2n(c(=O)c1CCN1CCC(c3noc4cc(F)ccc34)CC1)CCCC2O;-1.0131013428566134;1.134468037539038;-0.16957679805484424;-0.3851146642402806;0.6299868994021683;-0.4038847501309328;-0.6209838283181613;-0.49920768260333204;-0.24710536429033883;-0.030729254193150108;-0.48521256726432327;-0.4361122207682917;-0.15220388682955227;-0.40599897147057507;-0.18749999999999997;1.0
Cc1nc2n(c(=O)c1Cc1ccccc1)CN(CCCN1CCOCC1)CN2c1ccc(F)cc1;-1.2241505072706804;-0.4060974706139078;-0.16957679805484424;-0.3851146642402806;4.092535830203968;-0.4038847501309328;-0.6209838283181613;-0.49920768260333204;-0.24710536429033883;-0.030729254193150108;-0.48521256726432327;-0.4361122207682917;-0.15220388682955227;-0.40599897147057507;-0.18749999999999997;1.0
Cc1nc2n(c(=O)c1Cc1ccccc1)CN(CCO)CN2c1cccc(C(F)(F)F)c1;0.31137513466082284;-1.975573582193714;-0.16957679805484424;-0.3851146642402806;2.938352853270034;0.16542088170256303;-0.6209838283181613;-0.49920768260333204;-0.24710536429033883;-0.030729254193150108;-0.48521256726432327;-0.4361122207682917;-0.15220388682955227;-0.40599897147057507;-0.18749999999999997;1.0
Cc1nc2n(n1)C(C(=O)Nc1ccc(Oc3ccccc3)cc1)CC(=O)N2;-0.9005897214858086;0.16474090798452873;-0.16957679805484424;-0.3851146642402806;1.9359398215757906;-1.5424960137979244;-0.6209838283181613;-0.49920768260333204;-0.24710536429033883;-0.030729254193150108;-0.48521256726432327;-0.4361122207682917;-0.15220388682955227;-0.40599897147057507;-0.18749999999999997;0.0
Cc1nc2n(n1)C(C(=O)Nc1ccc3c(c1)OCCO3)CC(=O)N2;-0.9877862280481674;0.012205726550255367;-0.16957679805484424;-0.3851146642402806;1.9359398215757906;-1.5424960137979244;-0.6209838283181613;-0.49920768260333204;-0.24710536429033883;-0.030729254193150108;2.060952389667274;1.050315284101127;-0.15220388682955227;-0.40599897147057507;-0.18749999999999997;1.0
Cc1nc2n(n1)C(C(=O)Nc1ccc3c(c1)OCO3)CC(=O)N2;-1.0219066001812638;0.0006493968178713878;-0.16957679805484424;1.6258289027286723;1.9359398215757906;-1.5424960137979244;-0.6209838283181613;-0.49920768260333204;-0.24710536429033883;-0.030729254193150108;2.060952389667274;1.050315284101127;-0.15220388682955227;-0.40599897147057507;-0.18749999999999997;0.0
Cc1nc2n(n1)C(C(=O)Nc1cccc(C(F)(F)F)c1)CC(=O)N2;1.187222899312634;0.054167080893223606;-0.16957679805484424;-0.3851146642402806;1.9359398215757906;-0.9731903819644286;-0.6209838283181613;-0.49920768260333204;-0.24710536429033883;-0.030729254193150108;-0.48521256726432327;-0.4361122207682917;-0.15220388682955227;-0.40599897147057507;-0.18749999999999997;0.0
Cc1nc2n(n1)C(CC(=O)Nc1ccc(Cl)cc1)C(=O)N2;0.21116394791605234;0.10288964628105632;-0.16957679805484424;1.6258289027286723;1.9359398215757906;-1.5424960137979244;-0.6209838283181613;-0.49920768260333204;-0.24710536429033883;-0.030729254193150108;-0.48521256726432327;-0.4361122207682917;-0.15220388682955227;-0.40599897147057507;-0.18749999999999997;0.0
Cc1nc2n(n1)C(CC(=O)Nc1ccc(F)c(F)c1)C(=O)N2;0.675385485782793;0.31725258871461254;-0.16957679805484424;1.6258289027286723;1.9359398215757906;-1.5424960137979244;-0.6209838283181613;-0.49920768260333204;-0.24710536429033883;-0.030729254193150108;-0.48521256726432327;-0.4361122207682917;-0.15220388682955227;2.463060426921489;-0.18749999999999997;0.0
Cc1nc2n(n1)C(c1cc(F)cc(F)c1)C1=C(CC(C)CC1=O)N2;-0.10219827388391052;-0.6595303640065395;-0.16957679805484424;-0.3851146642402806;-0.4458020348823024;-0.9731903819644286;1.6103478937742153;1.22725281840656;-0.24710536429033883;-0.030729254193150108;-0.48521256726432327;-0.4361122207682917;-0.15220388682955227;-0.40599897147057507;-0.18749999999999997;0.0
Cc1nc2n(n1)C(c1ccc(OCCC(C)C)cc1)C=C(C(=O)O)N2;0.5699771072104345;-0.22050785163469055;-0.16957679805484424;-0.3851146642402806;-1.5751643097199564;-0.9731903819644286;-0.6209838283181613;-0.49920768260333204;-0.24710536429033883;-0.030729254193150108;-0.48521256726432327;-0.4361122207682917;-0.15220388682955227;-0.40599897147057507;-0.18749999999999997;1.0
Cc1nc2n(n1)C(c1ccc(OCc3ccccc3)cc1)C=C(C(=O)O)N2;-0.9005897214858086;0.37583032680909334;-0.16957679805484424;-0.3851146642402806;-1.5751643097199564;-0.4038847501309328;-0.6209838283181613;-0.49920768260333204;-0.24710536429033883;-0.030729254193150108;-0.48521256726432327;-0.4361122207682917;-0.15220388682955227;-0.40599897147057507;-0.18749999999999997;1.0
Cc1nc2n(n1)C(c1ccccc1)C1=C(CC(C)(C)CC1=O)N2;-0.41143250303972395;-1.23807225367286;-0.16957679805484424;-0.3851146642402806;-0.4458020348823024;-0.9731903819644286;-0.6209838283181613;-0.49920768260333204;-0.24710536429033883;-0.030729254193150108;-0.48521256726432327;-0.4361122207682917;-0.15220388682955227;-0.40599897147057507;-0.18749999999999997;0.0
Cc1nc2n(n1)CC(CC(=O)Nc1cccc(Cl)c1C)C(=O)N2;0.6371940442710681;-0.26336547667870713;4.3242083503985285;-0.3851146642402806;1.9359398215757906;-0.9731903819644286;-0.6209838283181613;-0.49920768260333204;-0.24710536429033883;-0.030729254193150108;-0.48521256726432327;-0.4361122207682917;-0.15220388682955227;-0.40599897147057507;5.333333333333333;0.0
Cc1nc2n(n1)[C@@H](c1ccccc1)C[C@@H](C)N2;-0.9416233716327959;0.5766293826551825;-0.16957679805484424;-0.3851146642402806;-1.5751643097199564;-0.9731903819644286;-0.6209838283181613;-0.49920768260333204;-0.24710536429033883;-0.030729254193150108;-0.48521256726432327;-0.4361122207682917;-0.15220388682955227;-0.40599897147057507;-0.18749999999999997;1.0
Cc1nc2n(n1)[C@@H](c1cccs1)C[C@@H](C)N2;-0.9877862280481674;0.989301239132813;-0.16957679805484424;-0.3851146642402806;-1.5751643097199564;-1.5424960137979244;-0.6209838283181613;-0.49920768260333204;-0.24710536429033883;-0.030729254193150108;-0.48521256726432327;-0.4361122207682917;-0.15220388682955227;-0.40599897147057507;-0.18749999999999997;1.0
Cc1nc2nc(-c3ccc(C(C)(C)C)cc3)nn2c(C)c1CC(=O)NC(C)C;1.7476924931249123;-1.6363612851177323;-0.16957679805484424;-0.3851146642402806;-0.4458020348823024;0.16542088170256303;-0.6209838283181613;-0.49920768260333204;-0.24710536429033883;-0.030729254193150108;-0.48521256726432327;-0.4361122207682917;-0.15220388682955227;-0.40599897147057507;-0.18749999999999997;0.0
Cc1nc2nc(-c3ccc(Cl)cc3)nn2c(C)c1CC(=O)N1CCCC1;-0.5186865138907263;-0.34816405433078595;-0.16957679805484424;1.6258289027286723;-0.4458020348823024;-0.4038847501309328;-0.6209838283181613;-0.49920768260333204;4.046856703705712;-0.030729254193150108;-0.48521256726432327;-0.4361122207682917;-0.15220388682955227;-0.40599897147057507;-0.18749999999999997;0.0
Cc1nc2nc(-c3ccc(Cl)cc3Cl)nn2c(C)c1CCC(=O)N1CCCC1;-0.11660104461291448;-2.7920434539416616;-0.16957679805484424;1.6258289027286723;-0.4458020348823024;-0.4038847501309328;-0.6209838283181613;-0.49920768260333204;4.046856703705712;-0.030729254193150108;-0.48521256726432327;-0.4361122207682917;-0.15220388682955227;-0.40599897147057507;-0.18749999999999997;1.0
Cc1nc2nc(-c3ccco3)nn2c(O)c1C;-0.31650246281096706;-0.1973658787477805;-0.16957679805484424;-0.3851146642402806;-1.5751643097199564;-0.9731903819644286;-0.6209838283181613;-0.49920768260333204;-0.24710536429033883;-0.030729254193150108;2.060952389667274;1.050315284101127;-0.15220388682955227;-0.40599897147057507;-0.18749999999999997;1.0
Cc1nc2nc(-c3cccs3)nn2c(C)c1CC(=O)N1CCCC1;-0.9877862280481674;-1.5283981304407392;-0.16957679805484424;1.6258289027286723;-0.4458020348823024;-0.9731903819644286;-0.6209838283181613;-0.49920768260333204;-0.24710536429033883;-0.030729254193150108;-0.48521256726432327;-0.4361122207682917;-0.15220388682955227;-0.40599897147057507;-0.18749999999999997;1.0
Cc1nc2nc(-c3cccs3)nn2c(C)c1CC(=O)N1CCCCC1;-0.956395485685722;-1.7397420423221917;-0.16957679805484424;-0.3851146642402806;-0.4458020348823024;-0.9731903819644286;-0.6209838283181613;-0.49920768260333204;-0.24710536429033883;-0.030729254193150108;-0.48521256726432327;-0.4361122207682917;-0.15220388682955227;-0.40599897147057507;-0.18749999999999997;1.0
Cc1nc2nc(-c3cccs3)nn2c(C)c1CC(=O)N1CCCCC1C;-0.5186865138907191;-2.9329457923702114;-0.16957679805484424;-0.3851146642402806;-0.4458020348823024;-0.9731903819644286;-0.6209838283181613;-0.49920768260333204;-0.24710536429033883;-0.030729254193150108;-0.48521256726432327;-0.4361122207682917;-0.15220388682955227;-0.40599897147057507;-0.18749999999999997;1.0
Cc1nc2nc(-c3cccs3)nn2c(C)c1CC(=O)N1CCCCCC1;-0.9274194158126922;-1.920923418778155;-0.16957679805484424;-0.3851146642402806;-0.4458020348823024;-0.9731903819644286;-0.6209838283181613;-0.49920768260333204;-0.24710536429033883;-0.030729254193150108;-0.48521256726432327;-0.4361122207682917;-0.15220388682955227;-0.40599897147057507;-0.18749999999999997;1.0
Cc1nc2nc(-c3cccs3)nn2c(C)c1CC(=O)N1CCN(C)CC1;-0.5186865138907263;-1.2623136985576442;-0.16957679805484424;-0.3851146642402806;-0.4458020348823024;-0.9731903819644286;-0.6209838283181613;-0.49920768260333204;-0.24710536429033883;-0.030729254193150108;-0.48521256726432327;-0.4361122207682917;-0.15220388682955227;-0.40599897147057507;-0.18749999999999997;0.0
Cc1nc2nc(-c3cccs3)nn2c(C)c1CC(=O)N1CCOCC1;-0.956395485685722;-1.6623158904922517;-0.16957679805484424;-0.3851146642402806;-0.4458020348823024;-0.9731903819644286;-0.6209838283181613;-0.49920768260333204;-0.24710536429033883;-0.030729254193150108;-0.48521256726432327;-0.4361122207682917;-0.15220388682955227;-0.40599897147057507;-0.18749999999999997;1.0
Cc1nc2nc(-c3cccs3)nn2c(C)c1CC(=O)NCCO;0.17514815514189058;-2.0539571165494106;-0.16957679805484424;-0.3851146642402806;-0.4458020348823024;-0.9731903819644286;-0.6209838283181613;-0.49920768260333204;-0.24710536429033883;-0.030729254193150108;-0.48521256726432327;-0.4361122207682917;-0.15220388682955227;-0.40599897147057507;-0.18749999999999997;1.0
Cc1nc2nc(C(C)C)nn2c(C)c1CC(=O)Nc1ccc(F)cc1;0.9950593252092628;-0.8415272668652171;-0.16957679805484424;-0.3851146642402806;-0.4458020348823024;-0.9731903819644286;-0.6209838283181613;-0.49920768260333204;-0.24710536429033883;-0.030729254193150108;-0.48521256726432327;-0.4361122207682917;-0.15220388682955227;-0.40599897147057507;-0.18749999999999997;0.0
Cc1nc2nc(C(C)C)nn2c(C)c1CC(=O)Nc1ccccc1;0.602185222885316;-0.8504739723571382;-0.16957679805484424;-0.3851146642402806;-0.4458020348823024;-0.9731903819644286;-0.6209838283181613;-0.49920768260333204;-0.24710536429033883;-0.030729254193150108;-0.48521256726432327;-0.4361122207682917;-0.15220388682955227;-0.40599897147057507;-0.18749999999999997;0.0
Cc1nc2nc(C(C)C)nn2c(C)c1CC(=O)Nc1ccccc1Cl;0.9950593252092772;-0.3428221309710083;-0.16957679805484424;-0.3851146642402806;-0.4458020348823024;-0.9731903819644286;-0.6209838283181613;-0.49920768260333204;-0.24710536429033883;-0.030729254193150108;-0.48521256726432327;-0.4361122207682917;-0.15220388682955227;-0.40599897147057507;-0.18749999999999997;0.0
Cc1nc2nc(C)c(CCC(=O)NCCC(C)C)c(C)n2n1;1.926851820893351;0.3077389201082053;-0.16957679805484424;-0.3851146642402806;-0.4458020348823024;-0.9731903819644286;-0.6209838283181613;-0.49920768260333204;-0.24710536429033883;-0.030729254193150108;-0.48521256726432327;-0.4361122207682917;-0.15220388682955227;-0.40599897147057507;-0.18749999999999997;0.0
Cc1nc2nc(C)c(CCC(=O)NCCCOC(C)C)c(C)n2n1;1.7493626967366709;0.16930500258794703;-0.16957679805484424;-0.3851146642402806;-0.4458020348823024;-0.9731903819644286;-0.6209838283181613;-0.49920768260333204;-0.24710536429033883;-0.030729254193150108;2.060952389667274;1.050315284101127;-0.15220388682955227;-0.40599897147057507;-0.18749999999999997;1.0
Cc1nc2nc(C)c(CCC(=O)Nc3ccc(C)c(C)c3)c(C)n2n1;0.9950593252092628;0.9313872459891233;-0.16957679805484424;-0.3851146642402806;-0.4458020348823024;0.16542088170256303;-0.6209838283181613;-0.49920768260333204;-0.24710536429033883;-0.030729254193150108;-0.48521256726432327;-0.4361122207682917;-0.15220388682955227;-0.40599897147057507;-0.18749999999999997;0.0
Cc1nc2nc(C)c(CCC(=O)Nc3ccccc3)c(C)n2n1;0.17514815514189058;1.140182376175848;-0.16957679805484424;-0.3851146642402806;-0.4458020348823024;-0.9731903819644286;-0.6209838283181613;-0.49920768260333204;-0.24710536429033883;-0.030729254193150108;-0.48521256726432327;-0.4361122207682917;-0.15220388682955227;-0.40599897147057507;-0.18749999999999997;1.0
Cc1nc2nc(C)c(NC(=O)Nc3ccc(F)cc3)c(O)n2n1;0.6371940442710681;0.003237860854743607;-0.16957679805484424;-0.3851146642402806;-1.5751643097199564;-1.5424960137979244;-0.6209838283181613;-0.49920768260333204;-0.24710536429033883;-0.030729254193150108;-0.48521256726432327;-0.4361122207682917;-0.15220388682955227;-0.40599897147057507;-0.18749999999999997;1.0
Cc1nc2nc(C)c(NC(=O)Nc3cccc(Cl)c3)c(O)n2n1;0.6371940442710681;0.538567684505592;4.3242083503985285;-0.3851146642402806;-1.5751643097199564;-1.5424960137979244;-0.6209838283181613;-0.49920768260333204;4.046856703705712;-0.030729254193150108;-0.48521256726432327;-0.4361122207682917;-0.15220388682955227;-0.40599897147057507;5.333333333333333;0.0
Cc1nc2nc(C)c(NC(=O)Nc3cccc(F)c3)c(O)n2n1;0.6371940442710681;-0.030744015873407245;-0.16957679805484424;-0.3851146642402806;-1.5751643097199564;-1.5424960137979244;1.6103478937742153;0.364022567901614;-0.24710536429033883;-0.030729254193150108;-0.48521256726432327;-0.4361122207682917;-0.15220388682955227;2.463060426921489;-0.18749999999999997;1.0
Cc1nc2nc(C)c(NS(=O)(=O)c3ccc4c(c3)n(C)c(=O)n4C)c(O)n2n1;1.143935210179865;0.884936781948995;-0.16957679805484424;-0.3851146642402806;1.6887119086946591;-1.5424960137979244;-0.6209838283181613;-0.49920768260333204;-0.24710536429033883;-0.030729254193150108;-0.48521256726432327;-0.4361122207682917;6.5701344481423405;-0.40599897147057507;-0.18749999999999997;0.0
Cc1nc2nc(C3CCCCC3)nn2c(C)c1CC(=O)N(C)Cc1ccccc1;-0.4860311161420673;0.8106858982177548;-0.16957679805484424;-0.3851146642402806;-0.4458020348823024;-0.4038847501309328;-0.6209838283181613;-0.49920768260333204;-0.24710536429033883;-0.030729254193150108;-0.48521256726432327;-0.4361122207682917;-0.15220388682955227;-0.40599897147057507;-0.18749999999999997;0.0
Cc1nc2nc(C3CCCCC3)nn2c(C)c1CC(=O)N1CCCCCC1;-0.9005897214858158;-1.3389569173512248;-0.16957679805484424;-0.3851146642402806;-0.4458020348823024;-0.9731903819644286;-0.6209838283181613;-0.49920768260333204;-0.24710536429033883;-0.030729254193150108;-0.48521256726432327;-0.4361122207682917;-0.15220388682955227;-0.40599897147057507;-0.18749999999999997;0.0
Cc1nc2nc(C3CCCCC3)nn2c(C)c1CC(=O)NC(C)C;0.6021852228853233;-2.377291647869511;-0.16957679805484424;-0.3851146642402806;-0.4458020348823024;-0.9731903819644286;-0.6209838283181613;-0.49920768260333204;-0.24710536429033883;-0.030729254193150108;-0.48521256726432327;-0.4361122207682917;-0.15220388682955227;-0.40599897147057507;-0.18749999999999997;0.0
Cc1nc2nc(CN)nn2c(C)c1CCC(=O)Nc1ccc(Cl)cc1;0.56997710721042;0.8750917888422646;-0.16957679805484424;-0.3851146642402806;-0.4458020348823024;-0.9731903819644286;-0.6209838283181613;-0.49920768260333204;-0.24710536429033883;-0.030729254193150108;-0.48521256726432327;-0.4361122207682917;-0.15220388682955227;-0.40599897147057507;-0.18749999999999997;0.0
Cc1nc2nc(CNC(=O)OC(C)(C)C)nn2c(C)c1CCC(=O)N1CCOCC1;1.2634099673184107;-1.0293079078120595;-0.16957679805484424;-0.3851146642402806;-0.4458020348823024;-0.9731903819644286;-0.6209838283181613;-0.49920768260333204;-0.24710536429033883;-0.030729254193150108;-0.48521256726432327;-0.4361122207682917;-0.15220388682955227;-0.40599897147057507;-0.18749999999999997;0.0
Cc1nc2nc(CNC(=O)OC(C)(C)C)nn2c(C)c1CCC(=O)Nc1ccccc1;1.216105850018241;0.9463793243058821;-0.16957679805484424;-0.3851146642402806;-0.4458020348823024;-0.9731903819644286;-0.6209838283181613;-0.49920768260333204;-0.24710536429033883;-0.030729254193150108;-0.48521256726432327;-0.4361122207682917;-0.15220388682955227;-0.40599897147057507;-0.18749999999999997;0.0
Cc1nc2nc(CNC(=O)OC(C)(C)C)nn2c(C)c1CCC(=O)O;2.6579858694767897;0.558582384513709;-0.16957679805484424;-0.3851146642402806;-0.4458020348823024;-0.9731903819644286;-0.6209838283181613;-0.49920768260333204;-0.24710536429033883;-0.030729254193150108;-0.48521256726432327;-0.4361122207682917;-0.15220388682955227;-0.40599897147057507;-0.18749999999999997;0.0
Cc1nc2nc(COc3ccccc3)nn2c(C)c1Cl;-0.2994797437373544;1.1257001491322471;-0.16957679805484424;-0.3851146642402806;-1.5751643097199564;-1.5424960137979244;-0.6209838283181613;-0.49920768260333204;-0.24710536429033883;-0.030729254193150108;-0.48521256726432327;-0.4361122207682917;-0.15220388682955227;-0.40599897147057507;-0.18749999999999997;1.0
Cc1nc2nc(N(CC#N)S(=O)(=O)c3ccccc3)nn2c(C)c1Cl;1.131613276580655;-0.5156671901239976;-0.16957679805484424;-0.3851146642402806;-1.5751643097199564;-1.5424960137979244;-0.6209838283181613;-0.49920768260333204;4.046856703705712;-0.030729254193150108;-0.48521256726432327;-0.4361122207682917;-0.15220388682955227;-0.40599897147057507;-0.18749999999999997;0.0
Cc1nc2nc(N(Cc3ccc(C#N)cc3)S(=O)(=O)c3ccccc3)nn2c(C)c1Cl;0.32796845090752946;-0.7807780018794451;-0.16957679805484424;-0.3851146642402806;-1.5751643097199564;-0.4038847501309328;-0.6209838283181613;-0.49920768260333204;4.046856703705712;-0.030729254193150108;-0.48521256726432327;-0.4361122207682917;-0.15220388682955227;-0.40599897147057507;-0.18749999999999997;0.0
Cc1nc2nc(N(Cc3cccc(C#N)c3)S(=O)(=O)c3ccccc3)nn2c(C)c1Cl;0.32796845090752946;-0.07387982715384568;-0.16957679805484424;-0.3851146642402806;-1.5751643097199564;-0.4038847501309328;-0.6209838283181613;-0.49920768260333204;4.046856703705712;-0.030729254193150108;-0.48521256726432327;-0.4361122207682917;-0.15220388682955227;-0.40599897147057507;-0.18749999999999997;1.0
Cc1nc2nc(N(Cc3cccc(F)c3)S(=O)(=O)c3ccc(Cl)cc3)nn2c(C)c1Cl;0.670776691229174;-0.9804116979224021;8.817993498851902;-0.3851146642402806;-1.5751643097199564;-0.9731903819644286;-0.6209838283181613;-0.49920768260333204;4.046856703705712;-0.030729254193150108;-0.48521256726432327;-0.4361122207682917;-0.15220388682955227;-0.40599897147057507;5.333333333333333;0.0
Cc1nc2nc(N3C(=O)c4ccccc4C3=O)nn2c(C)c1Cl;-0.09781482192290869;-0.17424390735539622;-0.16957679805484424;1.6258289027286723;0.6835602399553516;-0.4038847501309328;-0.6209838283181613;-0.49920768260333204;4.046856703705712;-0.030729254193150108;-0.48521256726432327;-0.4361122207682917;-0.15220388682955227;-0.40599897147057507;-0.18749999999999997;0.0
Cc1nc2nc(NC(=O)C(C)(C)C)nn2c(O)c1Cl;3.002141963203687;-0.1604562965105204;-0.16957679805484424;-0.3851146642402806;0.8065775467381363;-1.5424960137979244;-0.6209838283181613;-0.49920768260333204;4.046856703705712;-0.030729254193150108;-0.48521256726432327;-0.4361122207682917;-0.15220388682955227;-0.40599897147057507;-0.18749999999999997;0.0
Cc1nc2nc(NC(=O)C(C)C)nn2c(O)c1Cl;2.4001561519778547;-0.1876223230144939;-0.16957679805484424;-0.3851146642402806;0.8065775467381363;-1.5424960137979244;-0.6209838283181613;-0.49920768260333204;4.046856703705712;-0.030729254193150108;-0.48521256726432327;-0.4361122207682917;-0.15220388682955227;-0.40599897147057507;-0.18749999999999997;0.0
Cc1nc2nc(NC(=O)C(C)N3C(=O)c4ccccc4C3=O)nn2c(O)c1C;0.6424743446707415;0.5695573267386207;-0.16957679805484424;1.6258289027286723;4.219485073347378;0.16542088170256303;-0.6209838283181613;-0.49920768260333204;-0.24710536429033883;-0.030729254193150108;-0.48521256726432327;-0.4361122207682917;-0.15220388682955227;-0.40599897147057507;-0.18749999999999997;0.0
Cc1nc2nc(NC(=O)C(C)Oc3ccccc3)nn2c(O)c1C;0.602185222885316;0.2514830648690871;-0.16957679805484424;-0.3851146642402806;0.8065775467381363;-0.9731903819644286;-0.6209838283181613;-0.49920768260333204;-0.24710536429033883;-0.030729254193150108;-0.48521256726432327;-0.4361122207682917;-0.15220388682955227;-0.40599897147057507;-0.18749999999999997;0.0
Cc1nc2nc(NC(=O)C(C)Oc3ccccc3)nn2c(O)c1Cl;0.602185222885316;0.33971719186500593;-0.16957679805484424;-0.3851146642402806;0.8065775467381363;-1.5424960137979244;-0.6209838283181613;-0.49920768260333204;4.046856703705712;-0.030729254193150108;-0.48521256726432327;-0.4361122207682917;-0.15220388682955227;-0.40599897147057507;-0.18749999999999997;0.0
Cc1nc2nc(NC(=O)C3CC3)nn2c(O)c1Cc1ccccc1;-0.9877862280481674;0.08587603948618865;-0.16957679805484424;-0.3851146642402806;0.8065775467381363;-0.4038847501309328;-0.6209838283181613;-0.49920768260333204;-0.24710536429033883;-0.030729254193150108;-0.48521256726432327;-0.4361122207682917;-0.15220388682955227;-0.40599897147057507;-0.18749999999999997;1.0
Cc1nc2nc(NC(=O)C3CC3)nn2c(O)c1Cl;0.2801942173998769;-0.05955207177029625;-0.16957679805484424;-0.3851146642402806;0.8065775467381363;-1.5424960137979244;-0.6209838283181613;-0.49920768260333204;4.046856703705712;-0.030729254193150108;-0.48521256726432327;-0.4361122207682917;-0.15220388682955227;-0.40599897147057507;-0.18749999999999997;1.0
Cc1nc2nc(NC(=O)C3CCCCC3)nn2c(O)c1Cc1ccccc1;-0.9005897214858158;0.04539250332872751;-0.16957679805484424;-0.3851146642402806;0.8065775467381363;-0.4038847501309328;-0.6209838283181613;-0.49920768260333204;-0.24710536429033883;-0.030729254193150108;-0.48521256726432327;-0.4361122207682917;-0.15220388682955227;-0.40599897147057507;-0.18749999999999997;0.0
Cc1nc2nc(NC(=O)CC(C)C)nn2c(C)c1Cl;2.2631470035060235;-0.47525253806072537;-0.16957679805484424;-0.3851146642402806;0.8065775467381363;-1.5424960137979244;-0.6209838283181613;-0.49920768260333204;4.046856703705712;-0.030729254193150108;-0.48521256726432327;-0.4361122207682917;-0.15220388682955227;-0.40599897147057507;-0.18749999999999997;0.0
Cc1nc2nc(NC(=O)CC(C)C)nn2c(O)c1C;2.2631470035060235;-0.3712950258441408;-0.16957679805484424;-0.3851146642402806;0.8065775467381363;-0.9731903819644286;-0.6209838283181613;-0.49920768260333204;-0.24710536429033883;-0.030729254193150108;-0.48521256726432327;-0.4361122207682917;-0.15220388682955227;-0.40599897147057507;-0.18749999999999997;0.0
Cc1nc2nc(NC(=O)CCc3ccccc3)nn2c(O)c1C;0.17514815514189058;0.10060370405245156;-0.16957679805484424;-0.3851146642402806;0.8065775467381363;-0.4038847501309328;-0.6209838283181613;-0.49920768260333204;-0.24710536429033883;-0.030729254193150108;-0.48521256726432327;-0.4361122207682917;-0.15220388682955227;-0.40599897147057507;-0.18749999999999997;1.0
Cc1nc2nc(NC(=O)CCc3ccccc3)nn2c(O)c1Cl;0.17514815514189058;0.14742264431901175;-0.16957679805484424;-0.3851146642402806;0.8065775467381363;-0.9731903819644286;-0.6209838283181613;-0.49920768260333204;4.046856703705712;-0.030729254193150108;-0.48521256726432327;-0.4361122207682917;-0.15220388682955227;-0.40599897147057507;-0.18749999999999997;0.0
Cc1nc2nc(NC(=O)CN3C(=O)c4ccccc4C3=O)nn2c(C)c1Cl;0.2801942173998769;-0.17875575564100746;-0.16957679805484424;1.6258289027286723;4.219485073347378;-0.4038847501309328;-0.6209838283181613;-0.49920768260333204;4.046856703705712;-0.030729254193150108;-0.48521256726432327;-0.4361122207682917;-0.15220388682955227;-0.40599897147057507;-0.18749999999999997;1.0
Cc1nc2nc(NC(=O)CN3C(=O)c4ccccc4C3=O)nn2c(O)c1C;0.2801942173998769;0.136328097718316;-0.16957679805484424;1.6258289027286723;4.219485073347378;0.16542088170256303;-0.6209838283181613;-0.49920768260333204;-0.24710536429033883;-0.030729254193150108;-0.48521256726432327;-0.4361122207682917;-0.15220388682955227;-0.40599897147057507;-0.18749999999999997;0.0
Cc1nc2nc(NC(=O)Cc3ccc(Cl)cc3)nn2c(O)c1C;0.6371940442710681;0.14339907298178797;-0.16957679805484424;-0.3851146642402806;0.8065775467381363;-0.4038847501309328;-0.6209838283181613;-0.49920768260333204;-0.24710536429033883;-0.030729254193150108;-0.48521256726432327;-0.4361122207682917;-0.15220388682955227;-0.40599897147057507;-0.18749999999999997;0.0
Cc1nc2nc(NC(=O)c3ccc(C(C)(C)C)cc3)nn2c(O)c1Cl;1.5566954945794977;0.8136688152284033;-0.16957679805484424;-0.3851146642402806;0.8065775467381363;-0.4038847501309328;-0.6209838283181613;-0.49920768260333204;4.046856703705712;-0.030729254193150108;-0.48521256726432327;-0.4361122207682917;-0.15220388682955227;-0.40599897147057507;-0.18749999999999997;0.0
Cc1nc2nc(NC(=O)c3ccc(Cl)cc3)nn2c(O)c1C;0.675385485782793;0.15454430891320747;4.3242083503985285;-0.3851146642402806;0.8065775467381363;-0.4038847501309328;-0.6209838283181613;-0.49920768260333204;4.046856703705712;-0.030729254193150108;-0.48521256726432327;-0.4361122207682917;-0.15220388682955227;-0.40599897147057507;5.333333333333333;0.0
Cc1nc2nc(NC(=O)c3ccc(F)cc3)nn2c(O)c1C;0.675385485782793;0.2513182790575166;-0.16957679805484424;-0.3851146642402806;0.8065775467381363;-0.4038847501309328;1.6103478937742153;0.364022567901614;-0.24710536429033883;-0.030729254193150108;-0.48521256726432327;-0.4361122207682917;-0.15220388682955227;2.463060426921489;-0.18749999999999997;0.0
Cc1nc2nc(NC(=O)c3ccccc3)nn2c(C)c1Cl;0.21116394791605234;0.4499543762906338;-0.16957679805484424;-0.3851146642402806;0.8065775467381363;-0.9731903819644286;-0.6209838283181613;-0.49920768260333204;4.046856703705712;-0.030729254193150108;-0.48521256726432327;-0.4361122207682917;-0.15220388682955227;-0.40599897147057507;-0.18749999999999997;0.0
Cc1nc2nc(NC(=O)c3cccnc3)nn2c(O)c1C;0.21116394791605234;0.23482502340735295;-0.16957679805484424;-0.3851146642402806;1.980563085709113;-0.4038847501309328;-0.6209838283181613;-0.49920768260333204;-0.24710536429033883;-0.030729254193150108;-0.48521256726432327;-0.4361122207682917;-0.15220388682955227;-0.40599897147057507;-0.18749999999999997;1.0
Cc1nc2nc(NC(=O)c3cccs3)nn2c(O)c1Cc1ccccc1;-0.9274194158126922;0.7490631761953391;-0.16957679805484424;-0.3851146642402806;0.8065775467381363;-0.4038847501309328;-0.6209838283181613;-0.49920768260333204;-0.24710536429033883;-0.030729254193150108;-0.48521256726432327;-0.4361122207682917;-0.15220388682955227;-0.40599897147057507;-0.18749999999999997;0.0
Cc1nc2nc(NCc3ccc(C(C)C)cc3)nn2c(C)c1Cl;0.6371940442710681;1.3803711140660742;-0.16957679805484424;-0.3851146642402806;-1.5751643097199564;-0.4038847501309328;-0.6209838283181613;-0.49920768260333204;4.046856703705712;-0.030729254193150108;-0.48521256726432327;-0.4361122207682917;-0.15220388682955227;-0.40599897147057507;-0.18749999999999997;0.0
Cc1nc2nc(S(=O)(=O)N(CC(C)C)CC(C)C)nn2c(C)c1C;3.2199883273282457;1.4056353293516775;-0.16957679805484424;-0.3851146642402806;-1.5751643097199564;-0.9731903819644286;-0.6209838283181613;-0.49920768260333204;-0.24710536429033883;-0.030729254193150108;-0.48521256726432327;-0.4361122207682917;-0.15220388682955227;-0.40599897147057507;-0.18749999999999997;0.0
Cc1nc2nc(S(=O)(=O)N3CCCCC3)nn2c(C)c1C;0.8797784352615575;-0.18583054887323175;-0.16957679805484424;-0.3851146642402806;-1.5751643097199564;-0.9731903819644286;-0.6209838283181613;-0.49920768260333204;-0.24710536429033883;-0.030729254193150108;-0.48521256726432327;-0.4361122207682917;-0.15220388682955227;-0.40599897147057507;-0.18749999999999997;1.0
Cc1nc2nc(S(=O)(=O)NCc3ccc(Cl)cc3)nn2c(C)c1C;1.187222899312634;0.7293077206343034;-0.16957679805484424;-0.3851146642402806;-1.5751643097199564;-0.4038847501309328;-0.6209838283181613;-0.49920768260333204;4.046856703705712;-0.030729254193150108;-0.48521256726432327;-0.4361122207682917;-0.15220388682955227;-0.40599897147057507;-0.18749999999999997;0.0
Cc1nc2nc(SCC(=O)NC3CCCC3)nn2c(C)c1Cc1ccccc1Cl;-0.48603111614206007;0.451453794826868;-0.16957679805484424;-0.3851146642402806;-0.4458020348823024;-0.4038847501309328;-0.6209838283181613;-0.49920768260333204;4.046856703705712;-0.030729254193150108;-0.48521256726432327;-0.4361122207682917;-0.15220388682955227;-0.40599897147057507;-0.18749999999999997;0.0
Cc1nc2nc(SCC(=O)NCCc3ccc(Cl)cc3)nn2c(C)c1Cc1ccccc1;-0.4594986054712692;0.5848995612946524;-0.16957679805484424;-0.3851146642402806;-0.4458020348823024;0.16542088170256303;-0.6209838283181613;-0.49920768260333204;-0.24710536429033883;-0.030729254193150108;-0.48521256726432327;-0.4361122207682917;-0.15220388682955227;-0.40599897147057507;-0.18749999999999997;0.0
Cc1nc2nc(SCC(=O)NCCc3ccccc3)nn2c(C)c1Cc1c(F)cccc1Cl;-0.12969447254836278;0.7692482395357928;-0.16957679805484424;-0.3851146642402806;-0.4458020348823024;0.16542088170256303;1.6103478937742153;1.22725281840656;4.046856703705712;-0.030729254193150108;-0.48521256726432327;-0.4361122207682917;-0.15220388682955227;-0.40599897147057507;-0.18749999999999997;1.0
Cc1nc2nc(SCc3cc(=O)n4c(C)cccc4n3)nn2c(C)c1Cc1ccc(F)cc1Cl;-0.31650246281098154;0.7995153629977388;-0.16957679805484424;-0.3851146642402806;0.5907898780774372;-0.4038847501309328;-0.6209838283181613;-0.49920768260333204;4.046856703705712;-0.030729254193150108;-0.48521256726432327;-0.4361122207682917;-0.15220388682955227;-0.40599897147057507;-0.18749999999999997;1.0
Cc1nc2nc3c(c(Nc4ccc(Br)cc4)n2n1)CCCC3;-1.5421767993251518;0.38366692932440194;-0.16957679805484424;-0.3851146642402806;-1.5751643097199564;-0.9731903819644286;-0.6209838283181613;-0.49920768260333204;-0.24710536429033883;-0.030729254193150108;-0.48521256726432327;-0.4361122207682917;-0.15220388682955227;-0.40599897147057507;-0.18749999999999997;0.0
Cc1nc2nc3c(c(Nc4ccc(C)c(Cl)c4)n2n1)CCC3;-1.0591288243264656;0.33147702796956124;-0.16957679805484424;-0.3851146642402806;-1.5751643097199564;-0.4038847501309328;-0.6209838283181613;-0.49920768260333204;4.046856703705712;-0.030729254193150108;-0.48521256726432327;-0.4361122207682917;-0.15220388682955227;-0.40599897147057507;-0.18749999999999997;0.0
Cc1nc2nc3c(c(Nc4ccc(F)cc4)n2n1)CCCC3;-1.5421767993251518;-1.016005793293922;-0.16957679805484424;-0.3851146642402806;-1.5751643097199564;-0.9731903819644286;-0.6209838283181613;-0.49920768260333204;-0.24710536429033883;-0.030729254193150108;-0.48521256726432327;-0.4361122207682917;-0.15220388682955227;-0.40599897147057507;-0.18749999999999997;1.0
Cc1nc2ncc(-c3ccnc(N4CCCC4)n3)c(C)n2n1;-1.5421767993251518;-0.7803354534904378;-0.16957679805484424;1.6258289027286723;-1.5751643097199564;-0.9731903819644286;-0.6209838283181613;-0.49920768260333204;-0.24710536429033883;-0.030729254193150108;-0.48521256726432327;-0.4361122207682917;-0.15220388682955227;-0.40599897147057507;-0.18749999999999997;1.0
Cc1nc2ncc(-c3ccnc(N4CCCCC4)n3)c(C)n2n1;-1.4839524893104412;-0.8530641298563295;-0.16957679805484424;-0.3851146642402806;-1.5751643097199564;-0.9731903819644286;-0.6209838283181613;-0.49920768260333204;-0.24710536429033883;-0.030729254193150108;-0.48521256726432327;-0.4361122207682917;-0.15220388682955227;-0.40599897147057507;-0.18749999999999997;1.0
Cc1nc2ncc(C#N)c(N)n2n1;0.9489794408171084;0.10174018973443875;-0.16957679805484424;-0.3851146642402806;-1.5751643097199564;-0.9731903819644286;-0.6209838283181613;-0.49920768260333204;-0.24710536429033883;-0.030729254193150108;-0.48521256726432327;-0.4361122207682917;-0.15220388682955227;-0.40599897147057507;-0.18749999999999997;0.0
Cc1nc2ncc3c(=O)n(C)ccc3n2n1;-0.3235952624249747;0.35851533357701476;-0.16957679805484424;-0.3851146642402806;-0.4458020348823024;-0.9731903819644286;-0.6209838283181613;-0.49920768260333204;-0.24710536429033883;-0.030729254193150108;-0.48521256726432327;-0.4361122207682917;-0.15220388682955227;-0.40599897147057507;-0.18749999999999997;0.0
Cc1nc2ncc3c(=O)n(CC(=O)NC4CC(C)(C)NC(C)(C)C4)ccc3n2n1;0.8487572948400848;2.647954152570398;-0.16957679805484424;-0.3851146642402806;0.6835602399553516;-0.9731903819644286;-0.6209838283181613;-0.49920768260333204;-0.24710536429033883;-0.030729254193150108;-0.48521256726432327;-0.4361122207682917;-0.15220388682955227;-0.40599897147057507;-0.18749999999999997;0.0
Cc1nc2ncc3c(=O)n(CC(=O)NCCC4=CCCCC4)ccc3n2n1;-0.9005897214858086;0.5733942243361055;-0.16957679805484424;-0.3851146642402806;0.6835602399553516;-0.9731903819644286;-0.6209838283181613;-0.49920768260333204;-0.24710536429033883;-0.030729254193150108;-0.48521256726432327;-0.4361122207682917;-0.15220388682955227;-0.40599897147057507;-0.18749999999999997;0.0
Cc1nc2ncc3c(=O)n(N)ccc3n2n1;-0.3235952624249747;0.32966169734733747;-0.16957679805484424;-0.3851146642402806;-0.4458020348823024;-0.9731903819644286;-0.6209838283181613;-0.49920768260333204;-0.24710536429033883;-0.030729254193150108;-0.48521256726432327;-0.4361122207682917;-0.15220388682955227;-0.40599897147057507;-0.18749999999999997;0.0
Cc1nc2nccc(-c3cc4c(cc3C)C(C)CC(C)(C)N4)n2n1;0.04004542546126453;-2.036201072449731;-0.16957679805484424;-0.3851146642402806;-1.5751643097199564;0.16542088170256303;-0.6209838283181613;-0.49920768260333204;-0.24710536429033883;-0.030729254193150108;-0.48521256726432327;-0.4361122207682917;-0.15220388682955227;-0.40599897147057507;-0.18749999999999997;1.0
Cc1nc2ncccc2c(=O)[nH]1;0.15939124580318756;0.29690030753250535;-0.16957679805484424;-0.3851146642402806;-0.4458020348823024;-0.9731903819644286;-0.6209838283181613;-0.49920768260333204;-0.24710536429033883;-0.030729254193150108;-0.48521256726432327;-0.4361122207682917;-0.15220388682955227;-0.40599897147057507;-0.18749999999999997;0.0
Cc1nc2ncccc2c(=O)n1-c1ccc(NC(=O)CC2CCCC2)cc1;-0.9005897214858158;-0.520936957855298;-0.16957679805484424;-0.3851146642402806;1.7593491742398217;-0.9731903819644286;-0.6209838283181613;-0.49920768260333204;-0.24710536429033883;-0.030729254193150108;-0.48521256726432327;-0.4361122207682917;-0.15220388682955227;-0.40599897147057507;-0.18749999999999997;0.0
Cc1nc2ncccc2c(=O)n1-c1ccc(NC(=O)CCC2CCCCC2)cc1;-0.8524813040721054;0.09684806762052753;-0.16957679805484424;-0.3851146642402806;1.7593491742398217;-0.9731903819644286;-0.6209838283181613;-0.49920768260333204;-0.24710536429033883;-0.030729254193150108;-0.48521256726432327;-0.4361122207682917;-0.15220388682955227;-0.40599897147057507;-0.18749999999999997;0.0
Cc1nc2ncccc2c(=O)n1-c1ccc(NC(=O)COc2ccc(Cl)cc2Cl)cc1;-0.12496394374588009;0.4068827701123391;4.3242083503985285;-0.3851146642402806;1.7593491742398217;-0.9731903819644286;-0.6209838283181613;-0.49920768260333204;4.046856703705712;-0.030729254193150108;-0.48521256726432327;-0.4361122207682917;-0.15220388682955227;-0.40599897147057507;5.333333333333333;0.0
Cc1nc2ncccc2c(=O)n1-c1ccc(NC(=O)c2cc(Br)ccc2Cl)cc1;-0.11958092821202199;-0.21667939988921955;-0.16957679805484424;-0.3851146642402806;1.7593491742398217;-0.4038847501309328;-0.6209838283181613;-0.49920768260333204;-0.24710536429033883;-0.030729254193150108;-0.48521256726432327;-0.4361122207682917;-0.15220388682955227;-0.40599897147057507;-0.18749999999999997;0.0
Cc1nc2ncccc2c(=O)n1-c1ccc(NC(=O)c2cc(Cl)ccc2Cl)cc1;-0.11958092821202199;-0.14537903754851364;-0.16957679805484424;-0.3851146642402806;1.7593491742398217;-0.4038847501309328;-0.6209838283181613;-0.49920768260333204;-0.24710536429033883;-0.030729254193150108;-0.48521256726432327;-0.4361122207682917;-0.15220388682955227;-0.40599897147057507;-0.18749999999999997;1.0
Cc1nc2ncccc2c(=O)n1-c1ccc(NC(=O)c2cccc(Br)c2)cc1;-0.49613873925473884;0.0822796065488028;-0.16957679805484424;-0.3851146642402806;1.7593491742398217;-0.4038847501309328;-0.6209838283181613;-0.49920768260333204;-0.24710536429033883;-0.030729254193150108;-0.48521256726432327;-0.4361122207682917;-0.15220388682955227;-0.40599897147057507;-0.18749999999999997;0.0
Cc1nc2ncccc2c(=O)n1-c1cccc(NC(=O)C2CCCC2)c1;-0.9274194158126922;0.2638393341013306;-0.16957679805484424;-0.3851146642402806;1.7593491742398217;-0.9731903819644286;-0.6209838283181613;-0.49920768260333204;-0.24710536429033883;-0.030729254193150108;-0.48521256726432327;-0.4361122207682917;-0.15220388682955227;-0.40599897147057507;-0.18749999999999997;0.0
Cc1nc2ncccc2c(=O)n1-c1cccc(NC(=O)CC2CCCC2)c1;-0.9005897214858158;-0.5140215375365869;-0.16957679805484424;-0.3851146642402806;1.7593491742398217;-0.9731903819644286;-0.6209838283181613;-0.49920768260333204;-0.24710536429033883;-0.030729254193150108;-0.48521256726432327;-0.4361122207682917;-0.15220388682955227;-0.40599897147057507;-0.18749999999999997;0.0
Cc1nc2ncccc2c(=O)n1-c1cccc(NC(=O)CCC2CCCCC2)c1;-0.8524813040721054;-0.03344934181547321;-0.16957679805484424;-0.3851146642402806;1.7593491742398217;-0.9731903819644286;-0.6209838283181613;-0.49920768260333204;-0.24710536429033883;-0.030729254193150108;-0.48521256726432327;-0.4361122207682917;-0.15220388682955227;-0.40599897147057507;-0.18749999999999997;0.0
Cc1nc2ncccc2c(=O)n1-c1cccc(NC(=O)c2cc([N+](=O)[O-])ccc2Cl)c1;0.21784429657576446;0.028128284856530884;8.817993498851902;-0.3851146642402806;4.141795915166802;-0.4038847501309328;-0.6209838283181613;-0.49920768260333204;-0.24710536429033883;-0.030729254193150108;2.060952389667274;2.536742788970546;-0.15220388682955227;-0.40599897147057507;5.333333333333333;1.0
Cc1nc2ncccn2c1-c1csc(Nc2ccc(Cl)cc2)n1;-1.4839524893104412;0.4630385800102919;-0.16957679805484424;-0.3851146642402806;-0.5385723967602168;-1.5424960137979244;-0.6209838283181613;-0.49920768260333204;-0.24710536429033883;-0.030729254193150108;-0.48521256726432327;-0.4361122207682917;-0.15220388682955227;-0.40599897147057507;-0.18749999999999997;1.0
Cc1nc2ncnn2c(C)c1CCC(=O)N1CCN(c2cccc(Cl)c2)CC1;-0.49613873925473884;-1.3265646923419545;-0.16957679805484424;-0.3851146642402806;-0.4458020348823024;-0.9731903819644286;-0.6209838283181613;-0.49920768260333204;-0.24710536429033883;-0.030729254193150108;-0.48521256726432327;-0.4361122207682917;-0.15220388682955227;-0.40599897147057507;-0.18749999999999997;0.0
Cc1nc2ncnn2c(C)c1CCC(=O)N1CCn2c(nnc2C(F)(F)F)C1;0.38485982089621623;-1.3995388657170376;-0.16957679805484424;-0.3851146642402806;-0.4458020348823024;-0.9731903819644286;1.6103478937742153;2.090483068911506;-0.24710536429033883;-0.030729254193150108;-0.48521256726432327;-0.4361122207682917;-0.15220388682955227;-0.40599897147057507;-0.18749999999999997;0.0
Cc1nc2ncnn2c(C)c1CCC(=O)NC(C)C12CC3CC(CC(C3)C1)C2;-0.9779728513324941;0.20333956546474136;-0.16957679805484424;-0.3851146642402806;-0.4458020348823024;-0.9731903819644286;-0.6209838283181613;-0.49920768260333204;-0.24710536429033883;-0.030729254193150108;-0.48521256726432327;-0.4361122207682917;-0.15220388682955227;-0.40599897147057507;-0.18749999999999997;0.0
Cc1nc2ncnn2c(C)c1CCC(=O)NC(C)c1ccccc1;0.15939124580318756;0.10603612988478761;-0.16957679805484424;-0.3851146642402806;-0.4458020348823024;-0.4038847501309328;-0.6209838283181613;-0.49920768260333204;-0.24710536429033883;-0.030729254193150108;-0.48521256726432327;-0.4361122207682917;-0.15220388682955227;-0.40599897147057507;-0.18749999999999997;1.0
Cc1nc2ncnn2c(C)c1CCC(=O)NCCC(C)C;1.5222239180318908;-0.12230174296027667;-0.16957679805484424;-0.3851146642402806;-0.4458020348823024;-0.9731903819644286;-0.6209838283181613;-0.49920768260333204;-0.24710536429033883;-0.030729254193150108;-0.48521256726432327;-0.4361122207682917;-0.15220388682955227;-0.40599897147057507;-0.18749999999999997;1.0
Cc1nc2ncnn2c(C)c1CCC(=O)O;1.3971709483520578;0.26606823910322785;-0.16957679805484424;-0.3851146642402806;-0.4458020348823024;-0.9731903819644286;-0.6209838283181613;-0.49920768260333204;-0.24710536429033883;-0.030729254193150108;-0.48521256726432327;-0.4361122207682917;-0.15220388682955227;-0.40599897147057507;-0.18749999999999997;0.0
Cc1nc2ncnn2c(N2CCC(C)CC2)c1C;-0.31019775204296585;-0.08354295423554513;-0.16957679805484424;-0.3851146642402806;-1.5751643097199564;-0.9731903819644286;-0.6209838283181613;-0.49920768260333204;-0.24710536429033883;-0.030729254193150108;-0.48521256726432327;-0.4361122207682917;-0.15220388682955227;-0.40599897147057507;-0.18749999999999997;1.0
Cc1nc2ncnn2c(N2CCCC2)c1Cc1ccccc1;-2.025224774323838;0.28497782638169283;-0.16957679805484424;1.6258289027286723;-1.5751643097199564;-0.4038847501309328;-0.6209838283181613;-0.49920768260333204;-0.24710536429033883;-0.030729254193150108;-0.48521256726432327;-0.4361122207682917;-0.15220388682955227;-0.40599897147057507;-0.18749999999999997;0.0
Cc1nc2ncnn2c(N2CCN(C(=O)c3cc(Cl)cnc3Cl)CC2)c1Cc1ccccc1;-0.9640053626220946;0.32425486087458577;-0.16957679805484424;-0.3851146642402806;-0.4458020348823024;0.16542088170256303;-0.6209838283181613;-0.49920768260333204;-0.24710536429033883;-0.030729254193150108;-0.48521256726432327;-0.4361122207682917;-0.15220388682955227;-0.40599897147057507;-0.18749999999999997;0.0
Cc1nc2ncnn2c(N2CCN(C(C)C)CC2)c1C;0.2318730287612026;0.8393557392671159;-0.16957679805484424;-0.3851146642402806;-0.4209813327860232;-0.9731903819644286;-0.6209838283181613;-0.49920768260333204;-0.24710536429033883;-0.030729254193150108;-0.48521256726432327;-0.4361122207682917;-0.15220388682955227;-0.40599897147057507;-0.18749999999999997;1.0
Cc1nc2ncnn2c(N2CCN(CCN(C(C)C)C(C)C)CC2)c1Cc1ccccc1;-0.12740312265967288;0.04950412363304087;-0.16957679805484424;-0.3851146642402806;0.7332016441479101;-0.4038847501309328;-0.6209838283181613;-0.49920768260333204;-0.24710536429033883;-0.030729254193150108;-0.48521256726432327;-0.4361122207682917;-0.15220388682955227;-0.40599897147057507;-0.18749999999999997;0.0
Cc1nc2ncnn2c(N2CCN(c3ccc(Cl)cc3)CC2)c1C;-0.9877862280481674;0.9655362429660886;-0.16957679805484424;-0.3851146642402806;-1.5751643097199564;-0.9731903819644286;-0.6209838283181613;-0.49920768260333204;-0.24710536429033883;-0.030729254193150108;-0.48521256726432327;-0.4361122207682917;-0.15220388682955227;-0.40599897147057507;-0.18749999999999997;1.0
Cc1nc2ncnn2c(NCc2ccccc2Cl)c1C;-0.2994797437373544;-1.194331236437677;-0.16957679805484424;-0.3851146642402806;-1.5751643097199564;-0.4038847501309328;-0.6209838283181613;-0.49920768260333204;4.046856703705712;-0.030729254193150108;-0.48521256726432327;-0.4361122207682917;-0.15220388682955227;-0.40599897147057507;-0.18749999999999997;1.0
Cc1nc2ncnn2c(Nc2cccc3c2CCCC3)c1C;-1.5421767993251518;-1.633185725385267;-0.16957679805484424;-0.3851146642402806;-1.5751643097199564;0.16542088170256303;-0.6209838283181613;-0.49920768260333204;-0.24710536429033883;-0.030729254193150108;-0.48521256726432327;-0.4361122207682917;-0.15220388682955227;-0.40599897147057507;-0.18749999999999997;1.0
Cc1nc2ncnn2c(O)c1CCC(=O)NC1CCCCCC1;-0.2868977339872869;0.060213295285451454;-0.16957679805484424;-0.3851146642402806;-0.4458020348823024;-0.9731903819644286;-0.6209838283181613;-0.49920768260333204;-0.24710536429033883;-0.030729254193150108;2.060952389667274;1.050315284101127;-0.15220388682955227;-0.40599897147057507;-0.18749999999999997;1.0
Cc1nc2ncnn2c(O)c1CCC(=O)Nc1ccc(F)cc1;0.17514815514189058;0.24907399940008398;-0.16957679805484424;-0.3851146642402806;-0.4458020348823024;-0.9731903819644286;-0.6209838283181613;-0.49920768260333204;-0.24710536429033883;-0.030729254193150108;2.060952389667274;1.050315284101127;-0.15220388682955227;-0.40599897147057507;-0.18749999999999997;1.0
Cc1nc2ncnn2c(O)c1CCC(=O)Nc1ccccc1;-0.29071046421457947;0.23467690843915012;-0.16957679805484424;-0.3851146642402806;-0.4458020348823024;-0.9731903819644286;-0.6209838283181613;-0.49920768260333204;-0.24710536429033883;-0.030729254193150108;2.060952389667274;1.050315284101127;-0.15220388682955227;-0.40599897147057507;-0.18749999999999997;1.0
Cc1nc2ncnn2c(O)c1NC(=O)CCl;1.3971709483520578;0.04801148725456083;4.3242083503985285;-0.3851146642402806;-0.4458020348823024;-1.5424960137979244;-0.6209838283181613;-0.49920768260333204;4.046856703705712;-0.030729254193150108;-0.48521256726432327;-0.4361122207682917;-0.15220388682955227;-0.40599897147057507;5.333333333333333;0.0
Cc1nc2ncnn2c(O)c1NC(=O)Nc1ccc(Cl)cc1;0.19233751078410677;-0.5499520744289114;-0.16957679805484424;-0.3851146642402806;-1.5751643097199564;-1.5424960137979244;-0.6209838283181613;-0.49920768260333204;-0.24710536429033883;-0.030729254193150108;-0.48521256726432327;-0.4361122207682917;-0.15220388682955227;-0.40599897147057507;-0.18749999999999997;1.0
Cc1nc2ncnn2c(O)c1NC(=O)Nc1ccc2c(c1)OCCO2;-0.956395485685722;-0.3718883915904974;-0.16957679805484424;-0.3851146642402806;-1.5751643097199564;-1.5424960137979244;-0.6209838283181613;-0.49920768260333204;-0.24710536429033883;-0.030729254193150108;2.060952389667274;1.050315284101127;-0.15220388682955227;-0.40599897147057507;-0.18749999999999997;1.0
Cc1nc2ncnn2c(O)c1NS(=O)(=O)c1ccc(C2CCCCC2)cc1;-0.3805562313282103;-0.0610613338484658;-0.16957679805484424;-0.3851146642402806;-0.46286595987428214;-0.9731903819644286;-0.6209838283181613;-0.49920768260333204;-0.24710536429033883;-0.030729254193150108;-0.48521256726432327;-0.4361122207682917;-0.15220388682955227;-0.40599897147057507;-0.18749999999999997;1.0
Cc1nc2ncnn2c(O)c1NS(=O)(=O)c1ccc([N+](=O)[O-])cc1;1.1872228993126195;0.2542423511613138;-0.16957679805484424;-0.3851146642402806;1.9195807810526972;-1.5424960137979244;-0.6209838283181613;-0.49920768260333204;-0.24710536429033883;-0.030729254193150108;-0.48521256726432327;-0.4361122207682917;6.5701344481423405;-0.40599897147057507;-0.18749999999999997;0.0
Cc1nc2ncnn2c(O)c1NS(=O)(=O)c1ccc2c(c1)CCCC2;-0.39475931631550865;0.4750518824612558;-0.16957679805484424;-0.3851146642402806;-0.46286595987428214;-0.4038847501309328;-0.6209838283181613;-0.49920768260333204;-0.24710536429033883;-0.030729254193150108;-0.48521256726432327;-0.4361122207682917;-0.15220388682955227;-0.40599897147057507;-0.18749999999999997;1.0
Cc1nc2ncnn2c(O)c1NS(=O)(=O)c1cccs1;0.4025654679754213;0.2929777915438804;-0.16957679805484424;-0.3851146642402806;-0.46286595987428214;-1.5424960137979244;-0.6209838283181613;-0.49920768260333204;-0.24710536429033883;-0.030729254193150108;-0.48521256726432327;-0.4361122207682917;6.5701344481423405;-0.40599897147057507;-0.18749999999999997;0.0
Cc1nc2ncnn2c(O)c1NS(C)(=O)=O;2.2747274629930274;-0.12596706822620957;-0.16957679805484424;-0.3851146642402806;-0.46286595987428214;-1.5424960137979244;-0.6209838283181613;-0.49920768260333204;-0.24710536429033883;-0.030729254193150108;-0.48521256726432327;-0.4361122207682917;-0.15220388682955227;-0.40599897147057507;-0.18749999999999997;1.0
Cc1nc2ncnn2c(Sc2ccc(NC(=O)Cc3ccc(Cl)cc3)cc2)c1C;-0.48603111614206007;-0.2919810709140079;-0.16957679805484424;-0.3851146642402806;-0.4458020348823024;-0.4038847501309328;-0.6209838283181613;-0.49920768260333204;-0.24710536429033883;-0.030729254193150108;-0.48521256726432327;-0.4361122207682917;-0.15220388682955227;-0.40599897147057507;-0.18749999999999997;0.0
Cc1nc2ncnn2c(Sc2ccc(NC(=O)Nc3cccc(F)c3)cc2)c1C;-0.48603111614206007;-0.17947002988874355;-0.16957679805484424;-0.3851146642402806;-1.5751643097199564;-0.9731903819644286;1.6103478937742153;0.364022567901614;-0.24710536429033883;-0.030729254193150108;-0.48521256726432327;-0.4361122207682917;-0.15220388682955227;2.463060426921489;-0.18749999999999997;1.0
Cc1nc2ncnn2c2c1=C(O)NN=CC=2;-0.9877862280481674;0.21566625673028533;-0.16957679805484424;-0.3851146642402806;-1.5751643097199564;-1.5424960137979244;-0.6209838283181613;-0.49920768260333204;-0.24710536429033883;-0.030729254193150108;-0.48521256726432327;-0.4361122207682917;-0.15220388682955227;-0.40599897147057507;-0.18749999999999997;1.0
Cc1nc2sc(C#N)c(N)c2c(C)c1C;2.2123205528393934;0.7804212492849183;-0.16957679805484424;-0.3851146642402806;-1.5751643097199564;0.16542088170256303;-0.6209838283181613;-0.49920768260333204;-0.24710536429033883;-0.030729254193150108;-0.48521256726432327;-0.4361122207682917;-0.15220388682955227;-0.40599897147057507;-0.18749999999999997;0.0
Cc1nc2sc(C(=O)N(C)Cc3ccccc3)c(N)c2c(C)c1C;1.0449791999674445;-0.4604983498351654;-0.16957679805484424;-0.3851146642402806;-0.4458020348823024;0.7347265135360589;-0.6209838283181613;-0.49920768260333204;-0.24710536429033883;-0.030729254193150108;-0.48521256726432327;-0.4361122207682917;-0.15220388682955227;-0.40599897147057507;-0.18749999999999997;0.0
Cc1nc2sc(C(=O)N3C(C)CCCC3C)c(N)c2c(C)c1C;1.561285822529423;1.459365298218775;-0.16957679805484424;-0.3851146642402806;-0.4458020348823024;0.16542088170256303;-0.6209838283181613;-0.49920768260333204;-0.24710536429033883;-0.030729254193150108;-0.48521256726432327;-0.4361122207682917;-0.15220388682955227;-0.40599897147057507;-0.18749999999999997;0.0
Cc1nc2sc(C(=O)NC3CCCCC3)c(N)c2c(C)c1Cl;0.675385485782793;0.030552411997597985;-0.16957679805484424;-0.3851146642402806;-0.4458020348823024;-0.4038847501309328;-0.6209838283181613;-0.49920768260333204;-0.24710536429033883;-0.030729254193150108;-0.48521256726432327;-0.4361122207682917;-0.15220388682955227;-0.40599897147057507;-0.18749999999999997;0.0
Cc1nc2sc(C(=O)Nc3ccc(F)cc3)c(N)c2c(C)c1Cl;1.0992399334002456;0.8699720015953749;-0.16957679805484424;-0.3851146642402806;-0.4458020348823024;-0.4038847501309328;-0.6209838283181613;-0.49920768260333204;-0.24710536429033883;-0.030729254193150108;-0.48521256726432327;-0.4361122207682917;-0.15220388682955227;-0.40599897147057507;-0.18749999999999997;0.0
Cc1nc2sc(C(=O)Nc3ccccc3)c(N)c2c(C)c1C;0.675385485782793;1.015128664087955;-0.16957679805484424;-0.3851146642402806;-0.4458020348823024;0.16542088170256303;-0.6209838283181613;-0.49920768260333204;-0.24710536429033883;-0.030729254193150108;-0.48521256726432327;-0.4361122207682917;-0.15220388682955227;-0.40599897147057507;-0.18749999999999997;0.0
Cc1nc2sc(C(=O)Nc3ccccc3)c(N)c2c(C)c1[N+](=O)[O-];1.0449791999674516;0.9266810594706095;-0.16957679805484424;-0.3851146642402806;1.9366447060446763;-0.4038847501309328;-0.6209838283181613;-0.49920768260333204;-0.24710536429033883;-0.030729254193150108;-0.48521256726432327;-0.4361122207682917;6.5701344481423405;-0.40599897147057507;-0.18749999999999997;0.0
Cc1nc2sc(C(=O)OCc3ccccc3)c(N)c2c(C)c1C;0.6371940442710681;0.3682022422706151;-0.16957679805484424;-0.3851146642402806;-1.5751643097199564;0.7347265135360589;-0.6209838283181613;-0.49920768260333204;-0.24710536429033883;-0.030729254193150108;-0.48521256726432327;-0.4361122207682917;-0.15220388682955227;-0.40599897147057507;-0.18749999999999997;0.0
Cc1nc2sc(C(=O)c3ccc(Br)cc3)c(N)c2c(C)c1Cl;1.158433460781472;1.300709567210262;-0.16957679805484424;-0.3851146642402806;-0.4458020348823024;0.16542088170256303;-0.6209838283181613;-0.49920768260333204;-0.24710536429033883;-0.030729254193150108;-0.48521256726432327;-0.4361122207682917;-0.15220388682955227;-0.40599897147057507;-0.18749999999999997;0.0
Cc1nc2sc(C(C)C)nn2c1S(=O)(=O)Nc1cccc(F)c1;1.2476681414126078;0.190158236127909;-0.16957679805484424;-0.3851146642402806;-0.46286595987428214;-1.5424960137979244;-0.6209838283181613;-0.49920768260333204;-0.24710536429033883;-0.030729254193150108;-0.48521256726432327;-0.4361122207682917;-0.15220388682955227;2.463060426921489;-0.18749999999999997;0.0
Cc1nc2sc(C)c(C)n2c(=O)c1S(=O)(=O)N1CCN(c2ccccc2F)CC1;0.7310383712440658;1.4265589122046527;-0.16957679805484424;-0.3851146642402806;0.5907898780774372;-1.5424960137979244;1.6103478937742153;0.364022567901614;-0.24710536429033883;-0.030729254193150108;-0.48521256726432327;-0.4361122207682917;6.5701344481423405;-0.40599897147057507;-0.18749999999999997;0.0
Cc1nc2sc3c(N4CCC(C)CC4)ncnc3c2c2c1COC(C)(C)C2;-1.00667489512306;-1.481296485694406;-0.16957679805484424;-0.3851146642402806;-1.5751643097199564;0.16542088170256303;-0.6209838283181613;-0.49920768260333204;-0.24710536429033883;-0.030729254193150108;-0.48521256726432327;-0.4361122207682917;6.5701344481423405;-0.40599897147057507;-0.18749999999999997;1.0
Cc1nc2sc3c(N4CCCCC4)ncnc3c2c2c1COC(C)(C)C2;-1.4463176903579587;-0.3769439171852958;-0.16957679805484424;-0.3851146642402806;-1.5751643097199564;0.16542088170256303;-0.6209838283181613;-0.49920768260333204;-0.24710536429033883;-0.030729254193150108;-0.48521256726432327;-0.4361122207682917;6.5701344481423405;-0.40599897147057507;-0.18749999999999997;1.0
Cc1nc2sc3c(N4CCOCC4)ncnc3c2c2c1COC(C)(C)C2;-1.4463176903579587;-0.34343590656341333;-0.16957679805484424;-0.3851146642402806;-1.5751643097199564;0.16542088170256303;-0.6209838283181613;-0.49920768260333204;-0.24710536429033883;-0.030729254193150108;-0.48521256726432327;-0.4361122207682917;6.5701344481423405;-0.40599897147057507;-0.18749999999999997;1.0
Cc1nc2sc3c(NC(C)CCc4ccccc4)ncnc3c2c2c1COC(C)(C)C2;-0.9029771885248483;1.306309653639001;-0.16957679805484424;-0.3851146642402806;-1.5751643097199564;0.7347265135360589;-0.6209838283181613;-0.49920768260333204;-0.24710536429033883;-0.030729254193150108;-0.48521256726432327;-0.4361122207682917;6.5701344481423405;-0.40599897147057507;-0.18749999999999997;0.0
Cc1nc2sc3c(NC4CCCCC4)ncnc3c2c2c1COC(C)(C)C2;-1.400269541418286;-0.7269050262634053;-0.16957679805484424;-0.3851146642402806;-1.5751643097199564;0.16542088170256303;-0.6209838283181613;-0.49920768260333204;-0.24710536429033883;-0.030729254193150108;-0.48521256726432327;-0.4361122207682917;6.5701344481423405;-0.40599897147057507;-0.18749999999999997;1.0
Cc1nc2sc3c(NCCC(C)C)ncnc3c2c2c1COC(C)(C)C2;0.02134826434988323;-2.4902919974747366;-0.16957679805484424;-0.3851146642402806;-1.5751643097199564;0.16542088170256303;-0.6209838283181613;-0.49920768260333204;-0.24710536429033883;-0.030729254193150108;-0.48521256726432327;-0.4361122207682917;6.5701344481423405;-0.40599897147057507;-0.18749999999999997;1.0
Cc1nc2sc3c(NCCc4ccccc4)ncnc3c2c2c1COC(C)(C)C2;-1.317700446767847;0.1514109097637957;-0.16957679805484424;-0.3851146642402806;-1.5751643097199564;0.7347265135360589;-0.6209838283181613;-0.49920768260333204;-0.24710536429033883;-0.030729254193150108;-0.48521256726432327;-0.4361122207682917;6.5701344481423405;-0.40599897147057507;-0.18749999999999997;1.0
Cc1nc2sc3c(c2c(=O)n1N)CCC3;-0.33163376865418154;1.3935150871504667;-0.16957679805484424;-0.3851146642402806;-0.4458020348823024;-0.4038847501309328;-0.6209838283181613;-0.49920768260333204;-0.24710536429033883;-0.030729254193150108;-0.48521256726432327;-0.4361122207682917;-0.15220388682955227;-0.40599897147057507;-0.18749999999999997;1.0
Cc1nc2sc3c(c2c(=O)n1N)CCCC3;-0.3235952624249747;0.7452839236679231;-0.16957679805484424;-0.3851146642402806;-0.4458020348823024;-0.4038847501309328;-0.6209838283181613;-0.49920768260333204;-0.24710536429033883;-0.030729254193150108;-0.48521256726432327;-0.4361122207682917;-0.15220388682955227;-0.40599897147057507;-0.18749999999999997;1.0
Cc1nc2sc3c(c2c(=O)n1NC(=O)c1nn(C)cc1Cl)CCC(C)C3;0.29877928995321257;0.07716926343612276;-0.16957679805484424;-0.3851146642402806;3.0644231449579733;-0.4038847501309328;-0.6209838283181613;-0.49920768260333204;-0.24710536429033883;-0.030729254193150108;-0.48521256726432327;-0.4361122207682917;-0.15220388682955227;-0.40599897147057507;-0.18749999999999997;1.0
Cc1nc2sc3c(c2c2nc(-c4ccncc4)nn12)CCCC3;-2.6810072446335953;-0.4648711031224242;-0.16957679805484424;-0.3851146642402806;-0.40117877074897995;0.16542088170256303;-0.6209838283181613;-0.49920768260333204;-0.24710536429033883;-0.030729254193150108;-0.48521256726432327;-0.4361122207682917;-0.15220388682955227;-0.40599897147057507;-0.18749999999999997;1.0
Cc1nc2sc3ccccc3n2c(=O)c1S(=O)(=O)NCCC1=CCCCC1;-0.3805562313282103;-0.9738784643357049;-0.16957679805484424;-0.3851146642402806;-0.4458020348823024;-1.5424960137979244;-0.6209838283181613;-0.49920768260333204;-0.24710536429033883;-0.030729254193150108;-0.48521256726432327;-0.4361122207682917;6.5701344481423405;-0.40599897147057507;-0.18749999999999997;0.0
Cc1nc2scc(C)n2c(=O)c1S(=O)(=O)N(C)C1CCCCC1;1.2476681414126078;-0.9033996313124523;-0.16957679805484424;-0.3851146642402806;0.5907898780774372;-1.5424960137979244;-0.6209838283181613;-0.49920768260333204;-0.24710536429033883;-0.030729254193150108;-0.48521256726432327;-0.4361122207682917;6.5701344481423405;-0.40599897147057507;-0.18749999999999997;0.0
Cc1nc2scc(C)n2c(=O)c1S(=O)(=O)N1CCN(Cc2ccccc2)CC1;0.005322126254377383;-0.09866002386292369;-0.16957679805484424;-0.3851146642402806;1.7449728550113701;-0.9731903819644286;-0.6209838283181613;-0.49920768260333204;-0.24710536429033883;-0.030729254193150108;-0.48521256726432327;-0.4361122207682917;6.5701344481423405;-0.40599897147057507;-0.18749999999999997;0.0
Cc1nc2scc(C)n2c(=O)c1S(=O)(=O)N1CCN(c2cccc(C(F)(F)F)c2)CC1;1.1237090858825762;1.7219307492273117;-0.16957679805484424;-0.3851146642402806;0.5907898780774372;-0.9731903819644286;-0.6209838283181613;-0.49920768260333204;-0.24710536429033883;-0.030729254193150108;-0.48521256726432327;-0.4361122207682917;6.5701344481423405;-0.40599897147057507;-0.18749999999999997;0.0
Cc1nc2scc(C)n2c(=O)c1S(=O)(=O)NC(C)c1ccccc1;1.1872228993126195;1.2865593157774844;-0.16957679805484424;-0.3851146642402806;0.5907898780774372;-0.9731903819644286;-0.6209838283181613;-0.49920768260333204;-0.24710536429033883;-0.030729254193150108;-0.48521256726432327;-0.4361122207682917;6.5701344481423405;-0.40599897147057507;-0.18749999999999997;0.0
Cc1nc2scc(C)n2c(=O)c1S(=O)(=O)NC1CCCC1;0.8797784352615575;1.3698669874456233;-0.16957679805484424;-0.3851146642402806;0.5907898780774372;-1.5424960137979244;-0.6209838283181613;-0.49920768260333204;-0.24710536429033883;-0.030729254193150108;-0.48521256726432327;-0.4361122207682917;6.5701344481423405;-0.40599897147057507;-0.18749999999999997;0.0
Cc1nc2scc(C)n2c(=O)c1S(=O)(=O)NC1CCCCCCC1;0.7444289222304911;0.8258007508042438;-0.16957679805484424;-0.3851146642402806;0.5907898780774372;-1.5424960137979244;-0.6209838283181613;-0.49920768260333204;-0.24710536429033883;-0.030729254193150108;-0.48521256726432327;-0.4361122207682917;6.5701344481423405;-0.40599897147057507;-0.18749999999999997;0.0
Cc1nc2scc(C)n2c(=O)c1S(=O)(=O)NCc1ccccc1;0.7856222522834303;0.16505014156866799;-0.16957679805484424;-0.3851146642402806;0.5907898780774372;-0.9731903819644286;-0.6209838283181613;-0.49920768260333204;-0.24710536429033883;-0.030729254193150108;-0.48521256726432327;-0.4361122207682917;6.5701344481423405;-0.40599897147057507;-0.18749999999999997;0.0
Cc1nc2scc(C)n2c(=O)c1S(=O)(=O)Nc1ccc(Br)cc1F;1.6300168763947624;2.7513046776469556;-0.16957679805484424;-0.3851146642402806;1.7030882279231117;-1.5424960137979244;-0.6209838283181613;-0.49920768260333204;-0.24710536429033883;-0.030729254193150108;-0.48521256726432327;-0.4361122207682917;6.5701344481423405;-0.40599897147057507;-0.18749999999999997;0.0
Cc1nc2scc(C)n2c(=O)c1S(=O)(=O)Nc1ccc(Cl)cc1;1.2476681414126078;2.3802332925829304;-0.16957679805484424;-0.3851146642402806;1.7030882279231117;-1.5424960137979244;-0.6209838283181613;-0.49920768260333204;-0.24710536429033883;-0.030729254193150108;-0.48521256726432327;-0.4361122207682917;6.5701344481423405;-0.40599897147057507;-0.18749999999999997;0.0
Cc1nc2scc(CC(=O)NC(C)C)n2c(=O)c1-c1cc(C)n(-c2ccc(C(C)C)cc2)n1;0.8364014774490025;-1.4434177637616956;-0.16957679805484424;-0.3851146642402806;1.720152152915091;-0.4038847501309328;-0.6209838283181613;-0.49920768260333204;-0.24710536429033883;-0.030729254193150108;2.060952389667274;1.050315284101127;-0.15220388682955227;-0.40599897147057507;-0.18749999999999997;0.0
Cc1nc2sccn2c(=O)c1CCN1CCC(=C(c2ccc(F)cc2)c2ccc(F)cc2)CC1;-0.9416233716328176;1.88583569480741;-0.16957679805484424;-0.3851146642402806;0.5907898780774372;0.16542088170256303;-0.6209838283181613;-0.49920768260333204;-0.24710536429033883;-0.030729254193150108;-0.48521256726432327;-0.4361122207682917;-0.15220388682955227;-0.40599897147057507;-0.18749999999999997;1.0
Cc1nc2sccn2c(=O)c1CCN1CCC(=C(c2ccccc2)c2ccc(F)cc2)CC1;-1.2860373459545424;1.8674989962948;-0.16957679805484424;-0.3851146642402806;0.5907898780774372;0.16542088170256303;-0.6209838283181613;-0.49920768260333204;-0.24710536429033883;-0.030729254193150108;-0.48521256726432327;-0.4361122207682917;-0.15220388682955227;-0.40599897147057507;-0.18749999999999997;1.0
Cc1nc2sccn2c(=O)c1NC(=O)c1ccc(Cl)cc1;0.21116394791605234;0.9166824141460277;4.3242083503985285;-0.3851146642402806;1.720152152915091;-0.9731903819644286;-0.6209838283181613;-0.49920768260333204;4.046856703705712;-0.030729254193150108;-0.48521256726432327;-0.4361122207682917;-0.15220388682955227;-0.40599897147057507;5.333333333333333;1.0
Cc1nc2sccn2c(=O)c1NC(=O)c1ccccc1F;0.21116394791605234;0.486413030845663;-0.16957679805484424;-0.3851146642402806;1.720152152915091;-0.9731903819644286;-0.6209838283181613;-0.49920768260333204;-0.24710536429033883;-0.030729254193150108;-0.48521256726432327;-0.4361122207682917;-0.15220388682955227;-0.40599897147057507;-0.18749999999999997;1.0
Cc1nc2sccn2c(=O)c1S(=O)(=O)N(C)C1CCCCC1;0.8305604305229932;-0.7941566327602028;-0.16957679805484424;-0.3851146642402806;0.5907898780774372;-1.5424960137979244;-0.6209838283181613;-0.49920768260333204;-0.24710536429033883;-0.030729254193150108;-0.48521256726432327;-0.4361122207682917;6.5701344481423405;-0.40599897147057507;-0.18749999999999997;0.0
Cc1nc2sccn2c(=O)c1S(=O)(=O)N1CCCCCC1;0.37372817573912503;-0.4564668729231316;-0.16957679805484424;-0.3851146642402806;0.5907898780774372;-1.5424960137979244;-0.6209838283181613;-0.49920768260333204;-0.24710536429033883;-0.030729254193150108;-0.48521256726432327;-0.4361122207682917;6.5701344481423405;-0.40599897147057507;-0.18749999999999997;0.0
Cc1nc2sccn2c(=O)c1S(=O)(=O)NC1CCCCC1;0.37372817573912503;0.19155385309107045;-0.16957679805484424;-0.3851146642402806;0.5907898780774372;-1.5424960137979244;-0.6209838283181613;-0.49920768260333204;-0.24710536429033883;-0.030729254193150108;-0.48521256726432327;-0.4361122207682917;6.5701344481423405;-0.40599897147057507;-0.18749999999999997;0.0
Cc1nc2sccn2c(=O)c1S(=O)(=O)NC1CCCCCC1;0.34751245552430693;-0.14491170937409878;-0.16957679805484424;-0.3851146642402806;0.5907898780774372;-1.5424960137979244;-0.6209838283181613;-0.49920768260333204;-0.24710536429033883;-0.030729254193150108;-0.48521256726432327;-0.4361122207682917;6.5701344481423405;-0.40599897147057507;-0.18749999999999997;0.0
Cc1nc2sccn2c(=O)c1S(=O)(=O)NCCC1=CCCCC1;0.3235763631542528;-0.5534208697269123;-0.16957679805484424;-0.3851146642402806;0.5907898780774372;-1.5424960137979244;-0.6209838283181613;-0.49920768260333204;-0.24710536429033883;-0.030729254193150108;-0.48521256726432327;-0.4361122207682917;6.5701344481423405;-0.40599897147057507;-0.18749999999999997;0.0
Cc1nc2sccn2c(=O)c1S(=O)(=O)NCc1ccccc1Cl;0.7856222522834375;-0.753076274017749;8.817993498851902;-0.3851146642402806;0.5907898780774372;-0.9731903819644286;-0.6209838283181613;-0.49920768260333204;-0.24710536429033883;-0.030729254193150108;-0.48521256726432327;-0.4361122207682917;6.5701344481423405;-0.40599897147057507;5.333333333333333;0.0
Cc1nc2sccn2c(=O)c1S(=O)(=O)Nc1ccc(Br)cc1;0.8305604305229932;1.242649586891855;-0.16957679805484424;-0.3851146642402806;1.7030882279231117;-1.5424960137979244;-0.6209838283181613;-0.49920768260333204;-0.24710536429033883;-0.030729254193150108;-0.48521256726432327;-0.4361122207682917;6.5701344481423405;-0.40599897147057507;-0.18749999999999997;0.0
Cc1nc2sccn2c(=O)c1S(=O)(=O)Nc1ccc(CN2CCCCC2)cc1;-0.374215568387447;1.5040740321306871;-0.16957679805484424;-0.3851146642402806;2.857271204857046;-0.9731903819644286;-0.6209838283181613;-0.49920768260333204;-0.24710536429033883;-0.030729254193150108;-0.48521256726432327;-0.4361122207682917;6.5701344481423405;-0.40599897147057507;-0.18749999999999997;1.0
Cc1nc2sccn2c(=O)c1S(=O)(=O)Nc1ccc(Cl)c(C(F)(F)F)c1;2.0290489972983057;0.2617724454042228;-0.16957679805484424;-0.3851146642402806;1.7030882279231117;-0.9731903819644286;-0.6209838283181613;-0.49920768260333204;-0.24710536429033883;-0.030729254193150108;-0.48521256726432327;-0.4361122207682917;6.5701344481423405;-0.40599897147057507;-0.18749999999999997;0.0
Cc1nc2sccn2c(=O)c1S(=O)(=O)Nc1ccc(N2CCC(C)CC2)cc1;0.005322126254384615;0.16051961085101318;-0.16957679805484424;-0.3851146642402806;1.7030882279231117;-1.5424960137979244;-0.6209838283181613;-0.49920768260333204;-0.24710536429033883;-0.030729254193150108;-0.48521256726432327;-0.4361122207682917;6.5701344481423405;-0.40599897147057507;-0.18749999999999997;0.0
Cc1nc2sccn2c(=O)c1S(=O)(=O)Nc1ccc(N2CCN(S(C)(=O)=O)CC2)cc1;0.7809008455609245;-0.6414443982576691;-0.16957679805484424;-0.3851146642402806;1.7030882279231117;-1.5424960137979244;-0.6209838283181613;-0.49920768260333204;-0.24710536429033883;-0.030729254193150108;-0.48521256726432327;-0.4361122207682917;6.5701344481423405;-0.40599897147057507;-0.18749999999999997;0.0
Cc1nc2sccn2c(=O)c1S(=O)(=O)Nc1ccc2c(c1)OCCO2;-0.39475931631550865;0.32255622396988115;-0.16957679805484424;-0.3851146642402806;1.7030882279231117;-1.5424960137979244;-0.6209838283181613;-0.49920768260333204;-0.24710536429033883;-0.030729254193150108;2.060952389667274;2.536742788970546;6.5701344481423405;-0.40599897147057507;-0.18749999999999997;0.0
Cc1nc2sccn2c(=O)c1S(=O)(=O)Nc1cccc(F)c1;0.8305604305229932;0.5365086986256179;-0.16957679805484424;-0.3851146642402806;1.7030882279231117;-1.5424960137979244;-0.6209838283181613;-0.49920768260333204;-0.24710536429033883;-0.030729254193150108;-0.48521256726432327;-0.4361122207682917;6.5701344481423405;2.463060426921489;-0.18749999999999997;0.0
Cc1nc2sccn2c(=O)c1S(=O)(=O)Nc1ccccc1Cl;0.8305604305229932;0.08429964936959933;-0.16957679805484424;-0.3851146642402806;1.7030882279231117;-1.5424960137979244;-0.6209838283181613;-0.49920768260333204;-0.24710536429033883;-0.030729254193150108;-0.48521256726432327;-0.4361122207682917;6.5701344481423405;-0.40599897147057507;-0.18749999999999997;0.0
Cc1nc2sccn2c1C(=O)NN=C1CCC(C(C)(C)C)CC1;0.7856222522834303;-0.3032990854438302;-0.16957679805484424;-0.3851146642402806;0.5907898780774372;-1.5424960137979244;-0.6209838283181613;-0.49920768260333204;-0.24710536429033883;-0.030729254193150108;-0.48521256726432327;-0.4361122207682917;-0.15220388682955227;-0.40599897147057507;-0.18749999999999997;0.0
Cc1nc2sccn2c1C(=O)NN=C1CCN(C)CC1;-0.2994797437373544;-0.5697588061941348;-0.16957679805484424;-0.3851146642402806;0.5907898780774372;-1.5424960137979244;-0.6209838283181613;-0.49920768260333204;-0.24710536429033883;-0.030729254193150108;-0.48521256726432327;-0.4361122207682917;-0.15220388682955227;-0.40599897147057507;-0.18749999999999997;0.0
Cc1nc2snnc2c(=O)n1C;1.0449791999674445;0.06743189128518064;-0.16957679805484424;-0.3851146642402806;0.6299868994021683;-1.5424960137979244;-0.6209838283181613;-0.49920768260333204;-0.24710536429033883;-0.030729254193150108;-0.48521256726432327;-0.4361122207682917;-0.15220388682955227;-0.40599897147057507;-0.18749999999999997;0.0
Cc1nc[nH]c1CCN;2.1585502087844763;0.06743189128518064;-0.16957679805484424;-0.3851146642402806;-1.5751643097199564;-1.5424960137979244;-0.6209838283181613;-0.49920768260333204;-0.24710536429033883;-0.030729254193150108;-0.48521256726432327;-0.4361122207682917;-0.15220388682955227;-0.40599897147057507;-0.18749999999999997;1.0
Cc1nc[nH]c1CN1CCN(C(=O)N[C@@H](CC(C)C)C(=O)O)[C@@H](Cc2ccccc2)C1=O;1.0650754655404469;0.3079084248251381;-0.16957679805484424;-0.3851146642402806;-0.4458020348823024;-0.9731903819644286;-0.6209838283181613;-0.49920768260333204;-0.24710536429033883;-0.030729254193150108;-0.48521256726432327;-0.4361122207682917;-0.15220388682955227;-0.40599897147057507;-0.18749999999999997;0.0
Cc1ncc(-c2cc(F)c(O)c(F)c2)cc1-c1cc(F)c(O)c(F)c1;1.4201415432081055;-0.3896265295233592;-0.16957679805484424;-0.3851146642402806;-0.40117877074897995;0.7347265135360589;1.6103478937742153;2.953713319416452;-0.24710536429033883;-0.030729254193150108;-0.48521256726432327;-0.4361122207682917;-0.15220388682955227;-0.40599897147057507;-0.18749999999999997;0.0
Cc1ncc(-c2ccc(C)c(S(=O)(=O)N3CCC4(CC3)OCCO4)c2)o1;-0.25608276125346785;-0.22435093169114548;-0.16957679805484424;1.6258289027286723;-1.5751643097199564;-0.4038847501309328;-0.6209838283181613;-0.49920768260333204;-0.24710536429033883;-0.030729254193150108;2.060952389667274;8.48245280844822;-0.15220388682955227;-0.40599897147057507;-0.18749999999999997;1.0
Cc1ncc(-c2ccc(C)c(S(=O)(=O)N3CCCc4ccccc43)c2)o1;-0.38738463757208985;-1.4237169135280812;-0.16957679805484424;-0.3851146642402806;-0.5610625645607878;0.16542088170256303;-0.6209838283181613;-0.49920768260333204;-0.24710536429033883;-0.030729254193150108;2.060952389667274;2.536742788970546;-0.15220388682955227;-0.40599897147057507;-0.18749999999999997;1.0
Cc1ncc(-c2ccc(C)c(S(=O)(=O)N3CCN(c4ccccc4)CC3)c2)o1;-0.374215568387447;0.4507805380091682;-0.16957679805484424;-0.3851146642402806;-1.5751643097199564;-0.4038847501309328;-0.6209838283181613;-0.49920768260333204;-0.24710536429033883;-0.030729254193150108;2.060952389667274;2.536742788970546;-0.15220388682955227;-0.40599897147057507;-0.18749999999999997;1.0
Cc1ncc(-c2ccc(C)c(S(=O)(=O)NCCC3=CCCCC3)c2)o1;0.28144884058294795;-0.6889172657384294;-0.16957679805484424;-0.3851146642402806;-1.5751643097199564;-0.4038847501309328;-0.6209838283181613;-0.49920768260333204;-0.24710536429033883;-0.030729254193150108;2.060952389667274;2.536742788970546;-0.15220388682955227;-0.40599897147057507;-0.18749999999999997;1.0
Cc1ncc(-c2ccc(C)c(S(=O)(=O)NCc3ccccc3)c2)o1;0.3016349451483626;-1.1329226262560028;-0.16957679805484424;-0.3851146642402806;-1.5751643097199564;0.16542088170256303;-0.6209838283181613;-0.49920768260333204;-0.24710536429033883;-0.030729254193150108;2.060952389667274;2.536742788970546;-0.15220388682955227;-0.40599897147057507;-0.18749999999999997;1.0
Cc1ncc(-c2ccc(C)c(S(=O)(=O)NCc3ccccc3Cl)c2)o1;0.7065310585818052;-0.7406644277795966;8.817993498851902;-0.3851146642402806;-1.5751643097199564;0.16542088170256303;-0.6209838283181613;-0.49920768260333204;-0.24710536429033883;-0.030729254193150108;2.060952389667274;2.536742788970546;-0.15220388682955227;-0.40599897147057507;5.333333333333333;1.0
Cc1ncc(-c2ccc(C)c(S(=O)(=O)Nc3ccc(Br)c(C)c3)c2)o1;1.1316132765806406;-0.5975089355627021;-0.16957679805484424;-0.3851146642402806;-0.46286595987428214;0.16542088170256303;-0.6209838283181613;-0.49920768260333204;-0.24710536429033883;-0.030729254193150108;2.060952389667274;2.536742788970546;-0.15220388682955227;-0.40599897147057507;-0.18749999999999997;0.0
Cc1ncc(-c2ccc(C)c(S(=O)(=O)Nc3ccc(F)cc3C)c2)o1;1.131613276580648;-1.981879911809254;-0.16957679805484424;-0.3851146642402806;-0.46286595987428214;0.16542088170256303;-0.6209838283181613;-0.49920768260333204;-0.24710536429033883;-0.030729254193150108;2.060952389667274;2.536742788970546;-0.15220388682955227;-0.40599897147057507;-0.18749999999999997;1.0
Cc1ncc(-c2ccc(C)c(S(=O)(=O)Nc3ccc(F)cc3F)c2)o1;1.131613276580648;-1.1410669685116117;-0.16957679805484424;-0.3851146642402806;-0.46286595987428214;-0.4038847501309328;-0.6209838283181613;-0.49920768260333204;-0.24710536429033883;-0.030729254193150108;2.060952389667274;2.536742788970546;-0.15220388682955227;-0.40599897147057507;-0.18749999999999997;0.0
Cc1ncc(-c2ccc(C)c(S(=O)(=O)Nc3cccc(F)c3)c2)o1;0.7444289222304911;-1.1719180945814538;-0.16957679805484424;-0.3851146642402806;-0.46286595987428214;-0.4038847501309328;-0.6209838283181613;-0.49920768260333204;-0.24710536429033883;-0.030729254193150108;2.060952389667274;2.536742788970546;-0.15220388682955227;2.463060426921489;-0.18749999999999997;0.0
Cc1ncc(-c2ccc(C)c(S(=O)(=O)Nc3ccccc3)c2)o1;0.3235763631542528;-1.1352162493093192;-0.16957679805484424;-0.3851146642402806;-0.46286595987428214;-0.4038847501309328;-0.6209838283181613;-0.49920768260333204;-0.24710536429033883;-0.030729254193150108;2.060952389667274;2.536742788970546;-0.15220388682955227;-0.40599897147057507;-0.18749999999999997;0.0
Cc1ncc(-c2ccc(S(=O)(=O)N3CCC(Cc4ccccc4)CC3)s2)o1;-0.7741508776234364;-0.6428517766091526;-0.16957679805484424;-0.3851146642402806;-1.5751643097199564;-0.9731903819644286;-0.6209838283181613;-0.49920768260333204;-0.24710536429033883;-0.030729254193150108;2.060952389667274;2.536742788970546;-0.15220388682955227;-0.40599897147057507;-0.18749999999999997;1.0
Cc1ncc(-c2ccc(S(=O)(=O)N3CCCc4ccccc43)cc2)o1;-0.8198415343143514;0.6332243135279163;-0.16957679805484424;-0.3851146642402806;-0.5610625645607878;-0.4038847501309328;-0.6209838283181613;-0.49920768260333204;-0.24710536429033883;-0.030729254193150108;-0.48521256726432327;-0.4361122207682917;6.5701344481423405;-0.40599897147057507;-0.18749999999999997;1.0
Cc1ncc(-c2ccc(S(=O)(=O)N3CCN(C(=O)c4ccco4)CC3)s2)o1;-0.3805562313282103;0.379791642625549;-0.16957679805484424;-0.3851146642402806;-0.4458020348823024;-1.5424960137979244;-0.6209838283181613;-0.49920768260333204;-0.24710536429033883;-0.030729254193150108;2.060952389667274;2.536742788970546;6.5701344481423405;-0.40599897147057507;-0.18749999999999997;0.0
Cc1ncc(-c2ccc(S(=O)(=O)N3CCN(c4ccccc4)CC3)s2)o1;-0.7961175394940629;0.08337207139689778;-0.16957679805484424;-0.3851146642402806;-1.5751643097199564;-1.5424960137979244;-0.6209838283181613;-0.49920768260333204;-0.24710536429033883;-0.030729254193150108;2.060952389667274;2.536742788970546;-0.15220388682955227;-0.40599897147057507;-0.18749999999999997;1.0
Cc1ncc(-c2ccc(S(=O)(=O)NCc3ccc4c(c3)OCO4)s2)o1;-0.8198415343143514;-1.442096813350154;-0.16957679805484424;1.6258289027286723;-1.5751643097199564;-0.9731903819644286;-0.6209838283181613;-0.49920768260333204;-0.24710536429033883;-0.030729254193150108;2.060952389667274;2.536742788970546;6.5701344481423405;-0.40599897147057507;-0.18749999999999997;1.0
Cc1ncc(-c2ccc(S(=O)(=O)Nc3ccc(Br)c(C)c3)s2)o1;0.7856222522834303;-0.6853951414571479;-0.16957679805484424;-0.3851146642402806;-0.46286595987428214;-0.9731903819644286;-0.6209838283181613;-0.49920768260333204;-0.24710536429033883;-0.030729254193150108;2.060952389667274;2.536742788970546;-0.15220388682955227;-0.40599897147057507;-0.18749999999999997;0.0
Cc1ncc(-c2ccc(S(=O)(=O)Nc3ccc(Br)cc3F)s2)o1;0.7856222522834303;0.48055532782596316;-0.16957679805484424;-0.3851146642402806;-0.46286595987428214;-1.5424960137979244;-0.6209838283181613;-0.49920768260333204;-0.24710536429033883;-0.030729254193150108;2.060952389667274;2.536742788970546;-0.15220388682955227;-0.40599897147057507;-0.18749999999999997;0.0
Cc1ncc(-c2ccc(S(=O)(=O)Nc3ccc(Cl)cc3F)cc2)o1;0.7444289222304911;1.3079400667116199;-0.16957679805484424;-0.3851146642402806;-0.46286595987428214;-0.9731903819644286;-0.6209838283181613;-0.49920768260333204;-0.24710536429033883;-0.030729254193150108;-0.48521256726432327;-0.4361122207682917;6.5701344481423405;-0.40599897147057507;-0.18749999999999997;0.0
Cc1ncc(-c2ccc(S(=O)(=O)Nc3ccc(OC(F)(F)F)cc3)cc2)o1;1.1591905689194997;-0.0884624628103645;-0.16957679805484424;-0.3851146642402806;-0.46286595987428214;-0.9731903819644286;-0.6209838283181613;-0.49920768260333204;-0.24710536429033883;-0.030729254193150108;-0.48521256726432327;-0.4361122207682917;6.5701344481423405;-0.40599897147057507;-0.18749999999999997;1.0
Cc1ncc(-c2ccc(S(=O)(=O)Nc3ccc4c(c3)OCCO4)s2)o1;-0.8198415343143514;-0.9639110956970146;-0.16957679805484424;-0.3851146642402806;-0.46286595987428214;-1.5424960137979244;-0.6209838283181613;-0.49920768260333204;-0.24710536429033883;-0.030729254193150108;2.060952389667274;5.509597798709383;6.5701344481423405;-0.40599897147057507;-0.18749999999999997;0.0
Cc1ncc(-c2ccc(S(=O)(=O)Nc3cccc(Cl)c3C)s2)o1;0.7856222522834303;-1.1077307273717065;8.817993498851902;-0.3851146642402806;-0.46286595987428214;-0.9731903819644286;-0.6209838283181613;-0.49920768260333204;-0.24710536429033883;-0.030729254193150108;2.060952389667274;2.536742788970546;-0.15220388682955227;-0.40599897147057507;5.333333333333333;0.0
Cc1ncc(-c2ccc(S(=O)(=O)Nc3cccc4c3CCCC4)cc2)o1;-0.7961175394940629;0.05379494216514068;-0.16957679805484424;-0.3851146642402806;-0.46286595987428214;0.16542088170256303;-0.6209838283181613;-0.49920768260333204;-0.24710536429033883;-0.030729254193150108;-0.48521256726432327;-0.4361122207682917;6.5701344481423405;-0.40599897147057507;-0.18749999999999997;1.0
Cc1ncc(-c2ccc(S(=O)(=O)Nc3ccccc3C)s2)o1;0.34751245552430693;-1.2462518523984942;-0.16957679805484424;-0.3851146642402806;-0.46286595987428214;-0.9731903819644286;-0.6209838283181613;-0.49920768260333204;-0.24710536429033883;-0.030729254193150108;2.060952389667274;2.536742788970546;-0.15220388682955227;-0.40599897147057507;-0.18749999999999997;0.0
Cc1ncc(-c2ccc(S(=O)(=O)Nc3ccccc3F)cc2)o1;0.3235763631542528;0.7263127557187103;-0.16957679805484424;-0.3851146642402806;-0.46286595987428214;-0.9731903819644286;-0.6209838283181613;-0.49920768260333204;-0.24710536429033883;-0.030729254193150108;-0.48521256726432327;-0.4361122207682917;6.5701344481423405;-0.40599897147057507;-0.18749999999999997;1.0
Cc1ncc(-c2ccnc(Nc3ccc(S(C)(=O)=O)cc3)n2)n1C(C)C;1.0802813171357448;1.4992632524443128;-0.16957679805484424;-0.3851146642402806;-1.5751643097199564;-1.5424960137979244;-0.6209838283181613;-0.49920768260333204;-0.24710536429033883;-0.030729254193150108;-0.48521256726432327;-0.4361122207682917;-0.15220388682955227;-0.40599897147057507;-0.18749999999999997;0.0
Cc1ncc(C(=O)N2CC(=O)N(CC(C)C)CC(O)C2)cn1;1.926851820893351;0.06688525686113626;-0.16957679805484424;-0.3851146642402806;0.6835602399553516;-0.9731903819644286;-0.6209838283181613;-0.49920768260333204;-0.24710536429033883;-0.030729254193150108;-0.48521256726432327;-0.4361122207682917;-0.15220388682955227;-0.40599897147057507;-0.18749999999999997;0.0
Cc1ncc(C(=O)N2CCC(CN3CC(C(=O)NC4CC4)CC3=O)CC2)cn1;-0.4961387392547461;-0.679523036114359;-0.16957679805484424;1.6258289027286723;1.812922514793006;-0.9731903819644286;-0.6209838283181613;-0.49920768260333204;-0.24710536429033883;-0.030729254193150108;-0.48521256726432327;-0.4361122207682917;-0.15220388682955227;-0.40599897147057507;-0.18749999999999997;0.0
Cc1ncc(C(=O)N2CCC(c3nnnn3C3CCCC3)(N(C)C)C2)cn1;-0.3805562313282031;-1.099854745237356;-0.16957679805484424;1.6258289027286723;0.708380942051631;-0.9731903819644286;-0.6209838283181613;-0.49920768260333204;-0.24710536429033883;-0.030729254193150108;-0.48521256726432327;-0.4361122207682917;-0.15220388682955227;-0.40599897147057507;-0.18749999999999997;0.0
Cc1ncc(C(=O)N2CCCC(CC3CC3)(C(N)=O)C2)cn1;0.34751245552430693;0.2580719719596317;-0.16957679805484424;-0.3851146642402806;0.6835602399553516;-0.9731903819644286;-0.6209838283181613;-0.49920768260333204;-0.24710536429033883;-0.030729254193150108;2.060952389667274;1.050315284101127;-0.15220388682955227;-0.40599897147057507;-0.18749999999999997;0.0
Cc1ncc(C(=O)N2CCCC(N(CCCN3CCCC3)C(=O)C(C)C)C2)cn1;0.46335713807976014;-1.248570791298355;-0.16957679805484424;1.6258289027286723;0.6835602399553516;-0.9731903819644286;-0.6209838283181613;-0.49920768260333204;-0.24710536429033883;-0.030729254193150108;-0.48521256726432327;-0.4361122207682917;-0.15220388682955227;-0.40599897147057507;-0.18749999999999997;0.0
Cc1ncc(C(=O)N2CCCC(N(CCN3CCCCC3)S(C)(=O)=O)C2)cn1;0.6090794091994318;-1.1471818346636222;-0.16957679805484424;-0.3851146642402806;-0.4458020348823024;-0.9731903819644286;-0.6209838283181613;-0.49920768260333204;-0.24710536429033883;-0.030729254193150108;-0.48521256726432327;-0.4361122207682917;6.5701344481423405;-0.40599897147057507;-0.18749999999999997;0.0
Cc1ncc(C(=O)N2CCCCC2)c(C2CCN(C(=O)Cc3ccccc3)CC2)n1;-0.8308325162359331;-0.8751535411871417;-0.16957679805484424;-0.3851146642402806;0.6835602399553516;-0.4038847501309328;-0.6209838283181613;-0.49920768260333204;-0.24710536429033883;-0.030729254193150108;-0.48521256726432327;-0.4361122207682917;-0.15220388682955227;-0.40599897147057507;-0.18749999999999997;0.0
Cc1ncc(C(=O)N2CCC[C@H]2Cn2cc(C(=O)NC3CCCC3)nn2)cn1;-0.8756764338965705;-1.1060359218058582;-0.16957679805484424;1.6258289027286723;0.6835602399553516;-0.9731903819644286;-0.6209838283181613;-0.49920768260333204;-0.24710536429033883;-0.030729254193150108;-0.48521256726432327;-0.4361122207682917;-0.15220388682955227;-0.40599897147057507;-0.18749999999999997;0.0
Cc1ncc(C(=O)N2CC[C@H]3CN(S(C)(=O)=O)C[C@@]3(CO)C2)cn1;1.3294665986578018;0.6080346393656819;-0.16957679805484424;1.6258289027286723;-0.4458020348823024;-0.9731903819644286;-0.6209838283181613;-0.49920768260333204;-0.24710536429033883;-0.030729254193150108;2.060952389667274;4.023170293839964;-0.15220388682955227;-0.40599897147057507;-0.18749999999999997;0.0
Cc1ncc(C(=O)N2C[C@@H]3C[C@H](N(C)C)CN3C(=O)[C@@H]2CC(C)C)cn1;1.3577123427390743;-2.7292498842881456;-0.16957679805484424;1.6258289027286723;0.6835602399553516;-0.9731903819644286;-0.6209838283181613;-0.49920768260333204;-0.24710536429033883;-0.030729254193150108;-0.48521256726432327;-0.4361122207682917;-0.15220388682955227;-0.40599897147057507;-0.18749999999999997;0.0
Cc1ncc(C(=O)N2C[C@H]3CN(C(=O)c4ccccc4)C[C@@]3(c3nc(C)no3)C2)cn1;-0.9029771885248555;1.3840871241656454;-0.16957679805484424;3.636772469697625;0.6835602399553516;-0.4038847501309328;-0.6209838283181613;-0.49920768260333204;-0.24710536429033883;-0.030729254193150108;2.060952389667274;2.536742788970546;-0.15220388682955227;-0.40599897147057507;-0.18749999999999997;0.0
Cc1ncc(C(=O)NC2CC2)c(N)n1;0.8666939329739716;0.26985894123745463;-0.16957679805484424;-0.3851146642402806;-0.4458020348823024;-0.9731903819644286;-0.6209838283181613;-0.49920768260333204;-0.24710536429033883;-0.030729254193150108;-0.48521256726432327;-0.4361122207682917;-0.15220388682955227;-0.40599897147057507;-0.18749999999999997;0.0
Cc1ncc(C(=O)NCCOc2ccccc2)c(C2CCN(C(=O)c3cccnc3)CC2)n1;-0.7737584392132946;1.1598700257701933;-0.16957679805484424;-0.3851146642402806;1.8575457789263279;-0.4038847501309328;-0.6209838283181613;-0.49920768260333204;-0.24710536429033883;-0.030729254193150108;-0.48521256726432327;-0.4361122207682917;-0.15220388682955227;-0.40599897147057507;-0.18749999999999997;0.0
Cc1ncc(C(=O)NCCc2cccnc2)c(C2CCN(C(=O)Cc3ccccc3)CC2)n1;-0.7737584392132946;0.43085808675277393;-0.16957679805484424;-0.3851146642402806;1.8575457789263279;0.16542088170256303;-0.6209838283181613;-0.49920768260333204;-0.24710536429033883;-0.030729254193150108;-0.48521256726432327;-0.4361122207682917;-0.15220388682955227;-0.40599897147057507;-0.18749999999999997;0.0
Cc1ncc(C(=O)NCc2ccccc2)c(C2CCN(C(=O)Cc3ccccc3)CC2)n1;-0.7915940882828728;0.9665218621098068;-0.16957679805484424;-0.3851146642402806;0.6835602399553516;0.16542088170256303;-0.6209838283181613;-0.49920768260333204;-0.24710536429033883;-0.030729254193150108;-0.48521256726432327;-0.4361122207682917;-0.15220388682955227;-0.40599897147057507;-0.18749999999999997;0.0
Cc1ncc(C(=O)NCc2ccccc2)c(C2CCN(CCc3cccnc3)CC2)n1;-1.1533886647108427;0.744647640823712;-0.16957679805484424;-0.3851146642402806;0.728183504088674;0.16542088170256303;-0.6209838283181613;-0.49920768260333204;-0.24710536429033883;-0.030729254193150108;-0.48521256726432327;-0.4361122207682917;-0.15220388682955227;-0.40599897147057507;-0.18749999999999997;1.0
Cc1ncc(C(=O)NCc2cccnc2)c(C2CCN(C(=O)Cc3ccccc3)CC2)n1;-0.7915940882828728;1.1130074105821692;-0.16957679805484424;-0.3851146642402806;1.8575457789263279;0.16542088170256303;-0.6209838283181613;-0.49920768260333204;-0.24710536429033883;-0.030729254193150108;-0.48521256726432327;-0.4361122207682917;-0.15220388682955227;-0.40599897147057507;-0.18749999999999997;0.0
Cc1ncc(C(=O)NCc2cnn(C)c2)c(C2CCN(C(=O)COc3ccccc3)CC2)n1;-0.45172645588084676;0.5638109642463934;-0.16957679805484424;-0.3851146642402806;1.7863677498736987;-0.4038847501309328;-0.6209838283181613;-0.49920768260333204;-0.24710536429033883;-0.030729254193150108;-0.48521256726432327;-0.4361122207682917;-0.15220388682955227;-0.40599897147057507;-0.18749999999999997;0.0
Cc1ncc(C(=O)Nc2ccccc2)c(C2CCN(C(=O)C(C)Cl)CC2)n1;0.5127182348995148;0.8187130786998222;-0.16957679805484424;-0.3851146642402806;0.6835602399553516;-0.9731903819644286;-0.6209838283181613;-0.49920768260333204;-0.24710536429033883;-0.030729254193150108;-0.48521256726432327;-0.4361122207682917;-0.15220388682955227;-0.40599897147057507;-0.18749999999999997;0.0
Cc1ncc(C(=O)Nc2ccccc2)c(C2CCN(C(=O)C3CC3)CC2)n1;-0.9005897214858158;0.722531250948593;-0.16957679805484424;-0.3851146642402806;0.6835602399553516;-0.9731903819644286;-0.6209838283181613;-0.49920768260333204;-0.24710536429033883;-0.030729254193150108;-0.48521256726432327;-0.4361122207682917;-0.15220388682955227;-0.40599897147057507;-0.18749999999999997;1.0
Cc1ncc(C(=O)Nc2ccccc2)c(C2CCN(C(=O)c3cccc(C(=O)O)c3)CC2)n1;-0.12969447254837;0.756911690696033;-0.16957679805484424;-0.3851146642402806;0.6835602399553516;0.16542088170256303;-0.6209838283181613;-0.49920768260333204;-0.24710536429033883;-0.030729254193150108;2.060952389667274;2.536742788970546;-0.15220388682955227;-0.40599897147057507;-0.18749999999999997;0.0
Cc1ncc(C(=O)Nc2ccccc2)c(C2CCN(C(=O)c3cnc[nH]3)CC2)n1;-0.8524813040721054;0.9377271070348389;-0.16957679805484424;-0.3851146642402806;0.6835602399553516;-0.9731903819644286;-0.6209838283181613;-0.49920768260333204;-0.24710536429033883;-0.030729254193150108;-0.48521256726432327;-0.4361122207682917;-0.15220388682955227;-0.40599897147057507;-0.18749999999999997;0.0
Cc1ncc(C(=O)O)c(C2CCN(C(=O)COc3ccccc3)CC2)n1;0.13151363697316953;0.5529680154564769;-0.16957679805484424;-0.3851146642402806;-0.4458020348823024;-0.9731903819644286;-0.6209838283181613;-0.49920768260333204;-0.24710536429033883;-0.030729254193150108;-0.48521256726432327;-0.4361122207682917;-0.15220388682955227;-0.40599897147057507;-0.18749999999999997;1.0
Cc1ncc(CC(=O)c2ccc(O)cc2O)s1;1.3030422061556484;-0.49963340656071825;-0.16957679805484424;-0.3851146642402806;-0.4458020348823024;-0.9731903819644286;-0.6209838283181613;-0.49920768260333204;-0.24710536429033883;-0.030729254193150108;2.060952389667274;1.050315284101127;6.5701344481423405;-0.40599897147057507;-0.18749999999999997;0.0
Cc1ncc(CCCN(C)C)cc1Nc1ncc2c(n1)-c1ccc(C(F)(F)F)cc1NC(=S)C2;0.5936771888571649;0.47296090522716966;-0.16957679805484424;-0.3851146642402806;-0.40117877074897995;0.7347265135360589;-0.6209838283181613;-0.49920768260333204;-0.24710536429033883;-0.030729254193150108;-0.48521256726432327;-0.4361122207682917;-0.15220388682955227;-0.40599897147057507;-0.18749999999999997;0.0
Cc1ncc(CN2CC[C@H]3CN(C(=O)C4CC4)C[C@@]3(CO)C2)n1C;-0.40274855162084944;0.21373233962684376;-0.16957679805484424;1.6258289027286723;0.708380942051631;-1.5424960137979244;-0.6209838283181613;-0.49920768260333204;-0.24710536429033883;-0.030729254193150108;2.060952389667274;1.050315284101127;-0.15220388682955227;-0.40599897147057507;-0.18749999999999997;0.0
Cc1ncc(CNC(=O)N(CCCl)N=O)c(N)n1;2.7489421782273187;0.06253497900270241;-0.16957679805484424;-0.3851146642402806;-1.5751643097199564;-0.9731903819644286;-0.6209838283181613;-0.49920768260333204;-0.24710536429033883;-0.030729254193150108;-0.48521256726432327;-0.4361122207682917;-0.15220388682955227;-0.40599897147057507;-0.18749999999999997;1.0
Cc1ncc(CO)c(/C=N/NC(=O)CCCOc2ccc(Cl)cc2Cl)c1O;1.5324315449896122;-0.499091512822731;-0.16957679805484424;-0.3851146642402806;0.728183504088674;-0.4038847501309328;-0.6209838283181613;-0.49920768260333204;-0.24710536429033883;-0.030729254193150108;-0.48521256726432327;-0.4361122207682917;-0.15220388682955227;-0.40599897147057507;-0.18749999999999997;0.0
Cc1ncc(CO)c(/C=N\Nc2ccc3ccccc3n2)c1O;-0.2868977339872869;0.3938554494463242;-0.16957679805484424;-0.3851146642402806;0.8768766243352941;0.16542088170256303;-0.6209838283181613;-0.49920768260333204;-0.24710536429033883;-0.030729254193150108;-0.48521256726432327;-0.4361122207682917;-0.15220388682955227;-0.40599897147057507;-0.18749999999999997;0.0
Cc1ncc(CO)c(C(=O)O)c1O;3.8843113502327706;0.22231827650219912;-0.16957679805484424;-0.3851146642402806;-0.40117877074897995;-0.4038847501309328;-0.6209838283181613;-0.49920768260333204;-0.24710536429033883;-0.030729254193150108;-0.48521256726432327;-0.4361122207682917;-0.15220388682955227;-0.40599897147057507;-0.18749999999999997;0.0
Cc1ncc(CO)c(C2CCCN(C(=O)CCn3ccnc3)C2)n1;-0.2834027312789409;-0.021606683433838224;-0.16957679805484424;-0.3851146642402806;-0.4458020348823024;-0.9731903819644286;-0.6209838283181613;-0.49920768260333204;-0.24710536429033883;-0.030729254193150108;-0.48521256726432327;-0.4361122207682917;-0.15220388682955227;-0.40599897147057507;-0.18749999999999997;1.0
Cc1ncc(CO)c(C2CCCN(C(=O)Cc3ccccc3C)C2)n1;0.1448948892115773;0.09694632452101329;-0.16957679805484424;-0.3851146642402806;-0.4458020348823024;0.16542088170256303;-0.6209838283181613;-0.49920768260333204;-0.24710536429033883;-0.030729254193150108;-0.48521256726432327;-0.4361122207682917;-0.15220388682955227;-0.40599897147057507;-0.18749999999999997;1.0
Cc1ncc(CO)c(C2CCCN(C(=O)Cn3c(=O)oc4ccccc43)C2)n1;-0.4961387392547461;-0.47825644502622033;-0.16957679805484424;-0.3851146642402806;0.6299868994021683;-0.9731903819644286;-0.6209838283181613;-0.49920768260333204;-0.24710536429033883;-0.030729254193150108;-0.48521256726432327;-0.4361122207682917;-0.15220388682955227;-0.40599897147057507;-0.18749999999999997;0.0
Cc1ncc(CO)c(C2CCCN(C(=O)c3cc(C)n(C)n3)C2)n1;0.602185222885316;0.858801584130902;-0.16957679805484424;-0.3851146642402806;0.657005475036045;-0.9731903819644286;-0.6209838283181613;-0.49920768260333204;-0.24710536429033883;-0.030729254193150108;-0.48521256726432327;-0.4361122207682917;-0.15220388682955227;-0.40599897147057507;-0.18749999999999997;0.0
Cc1ncc(CO)c(C2CCCN(C(=O)c3ccc(Br)o3)C2)n1;0.17514815514189058;0.40905632642343287;-0.16957679805484424;-0.3851146642402806;-0.4458020348823024;-0.9731903819644286;-0.6209838283181613;-0.49920768260333204;-0.24710536429033883;-0.030729254193150108;-0.48521256726432327;-0.4361122207682917;-0.15220388682955227;-0.40599897147057507;-0.18749999999999997;0.0
Cc1ncc(CO)c(C2CCCN(C(=O)c3ccccc3)C2)n1;-0.2868977339872869;1.0156417762552916;-0.16957679805484424;-0.3851146642402806;-0.4458020348823024;-0.4038847501309328;-0.6209838283181613;-0.49920768260333204;-0.24710536429033883;-0.030729254193150108;-0.48521256726432327;-0.4361122207682917;-0.15220388682955227;-0.40599897147057507;-0.18749999999999997;1.0
Cc1ncc(CO)c(C2CCCN(C(=O)c3cccn3C)C2)n1;0.17514815514189058;0.5206158311623349;-0.16957679805484424;-0.3851146642402806;-0.4458020348823024;-0.9731903819644286;-0.6209838283181613;-0.49920768260333204;-0.24710536429033883;-0.030729254193150108;-0.48521256726432327;-0.4361122207682917;-0.15220388682955227;-0.40599897147057507;-0.18749999999999997;1.0
Cc1ncc(CO)c(C2CCCN(C(=O)c3ccncc3)C2)n1;-0.2868977339872869;0.9485829289748232;-0.16957679805484424;-0.3851146642402806;0.728183504088674;-0.4038847501309328;-0.6209838283181613;-0.49920768260333204;-0.24710536429033883;-0.030729254193150108;-0.48521256726432327;-0.4361122207682917;-0.15220388682955227;-0.40599897147057507;-0.18749999999999997;1.0
Cc1ncc(CO)c(C2CCCN(C(=O)c3ccsc3)C2)n1;-0.29071046421457947;0.9314933966332485;-0.16957679805484424;-0.3851146642402806;-0.4458020348823024;-0.4038847501309328;-0.6209838283181613;-0.49920768260333204;-0.24710536429033883;-0.030729254193150108;-0.48521256726432327;-0.4361122207682917;-0.15220388682955227;-0.40599897147057507;-0.18749999999999997;1.0
Cc1ncc(CO)c(C2CCCN(C(=O)c3cocn3)C2)n1;-0.29071046421457947;0.6041412836517752;-0.16957679805484424;-0.3851146642402806;-0.4458020348823024;-0.9731903819644286;-0.6209838283181613;-0.49920768260333204;-0.24710536429033883;-0.030729254193150108;-0.48521256726432327;-0.4361122207682917;-0.15220388682955227;-0.40599897147057507;-0.18749999999999997;1.0
Cc1ncc(CO)c(C2CCCN(C(=O)c3noc(C)c3CN3CCOCC3)C2)n1;-0.47659733457022607;1.132761295233503;-0.16957679805484424;-0.3851146642402806;0.708380942051631;-0.4038847501309328;-0.6209838283181613;-0.49920768260333204;-0.24710536429033883;-0.030729254193150108;-0.48521256726432327;-0.4361122207682917;-0.15220388682955227;-0.40599897147057507;-0.18749999999999997;0.0
Cc1ncc(CO)c(C2CCCN(Cc3ccc4c(c3)CCO4)C2)n1;-1.3814777036845647;0.8065254807880811;-0.16957679805484424;1.6258289027286723;-0.4209813327860232;0.16542088170256303;-0.6209838283181613;-0.49920768260333204;-0.24710536429033883;-0.030729254193150108;-0.48521256726432327;-0.4361122207682917;-0.15220388682955227;-0.40599897147057507;-0.18749999999999997;0.0
Cc1ncc(CO)c(C2CCCN(S(=O)(=O)N(C)C)C2)n1;2.190838405377389;0.5611391730181391;-0.16957679805484424;-0.3851146642402806;-1.5751643097199564;-0.9731903819644286;-0.6209838283181613;-0.49920768260333204;-0.24710536429033883;-0.030729254193150108;-0.48521256726432327;-0.4361122207682917;-0.15220388682955227;-0.40599897147057507;-0.18749999999999997;0.0
Cc1ncc(CO)c(C2CCCN(S(=O)(=O)c3ccc(F)c(F)c3)C2)n1;1.0802813171357377;0.5583305099728089;-0.16957679805484424;-0.3851146642402806;-1.5751643097199564;-0.9731903819644286;1.6103478937742153;0.364022567901614;-0.24710536429033883;-0.030729254193150108;-0.48521256726432327;-0.4361122207682917;-0.15220388682955227;2.463060426921489;-0.18749999999999997;0.0
Cc1ncc(CO)c(C2CCCN(S(=O)(=O)c3ccc4c(c3)CCCC4)C2)n1;-0.374215568387447;0.015405891293426236;-0.16957679805484424;-0.3851146642402806;-1.5751643097199564;0.16542088170256303;-0.6209838283181613;-0.49920768260333204;-0.24710536429033883;-0.030729254193150108;-0.48521256726432327;-0.4361122207682917;-0.15220388682955227;-0.40599897147057507;-0.18749999999999997;1.0
Cc1ncc(CO)c(C2CCCN(S(=O)(=O)c3cccs3)C2)n1;0.3235763631542528;1.209431324164534;-0.16957679805484424;-0.3851146642402806;-1.5751643097199564;-0.9731903819644286;-0.6209838283181613;-0.49920768260333204;-0.24710536429033883;-0.030729254193150108;-0.48521256726432327;-0.4361122207682917;-0.15220388682955227;-0.40599897147057507;-0.18749999999999997;0.0
Cc1ncc(CO)c(C2CCCN(S(=O)(=O)c3cn(C)c(C)n3)C2)n1;1.1316132765806406;0.4369464278456214;-0.16957679805484424;-0.3851146642402806;-1.5751643097199564;-0.9731903819644286;-0.6209838283181613;-0.49920768260333204;-0.24710536429033883;-0.030729254193150108;-0.48521256726432327;-0.4361122207682917;-0.15220388682955227;-0.40599897147057507;-0.18749999999999997;0.0
Cc1ncc(CO)c(C2CCN(C(=O)C3(S(=O)(=O)c4ccc(Cl)cc4)CC3)CC2)n1;0.45946294771347257;0.38372828346668153;8.817993498851902;-0.3851146642402806;-0.4458020348823024;-0.9731903819644286;-0.6209838283181613;-0.49920768260333204;-0.24710536429033883;-0.030729254193150108;-0.48521256726432327;-0.4361122207682917;-0.15220388682955227;-0.40599897147057507;5.333333333333333;0.0
Cc1ncc(CO)c(C2CCN(C(=O)CCCc3ccccc3)CC2)n1;-0.27721926494878907;1.1127557138576214;-0.16957679805484424;-0.3851146642402806;-0.4458020348823024;-0.4038847501309328;-0.6209838283181613;-0.49920768260333204;-0.24710536429033883;-0.030729254193150108;-0.48521256726432327;-0.4361122207682917;-0.15220388682955227;-0.40599897147057507;-0.18749999999999997;1.0
Cc1ncc(CO)c(C2CCN(C(=O)CCc3conc3-c3ccccc3)CC2)n1;-0.8308325162359331;1.2533749606641122;-0.16957679805484424;-0.3851146642402806;-0.4458020348823024;0.16542088170256303;-0.6209838283181613;-0.49920768260333204;-0.24710536429033883;-0.030729254193150108;2.060952389667274;1.050315284101127;-0.15220388682955227;-0.40599897147057507;-0.18749999999999997;0.0
Cc1ncc(CO)c(C2CCN(C(=O)CCc3conc3-c3ccccc3F)CC2)n1;-0.4677721840675391;1.25582688150412;-0.16957679805484424;-0.3851146642402806;-0.4458020348823024;0.16542088170256303;-0.6209838283181613;-0.49920768260333204;-0.24710536429033883;-0.030729254193150108;2.060952389667274;1.050315284101127;-0.15220388682955227;-0.40599897147057507;-0.18749999999999997;0.0
Cc1ncc(CO)c(C2CCN(C(=O)Cc3ccc(Cl)cc3)CC2)n1;0.1448948892115773;1.6338402273942565;-0.16957679805484424;-0.3851146642402806;-0.4458020348823024;-0.4038847501309328;-0.6209838283181613;-0.49920768260333204;-0.24710536429033883;-0.030729254193150108;-0.48521256726432327;-0.4361122207682917;-0.15220388682955227;-0.40599897147057507;-0.18749999999999997;1.0
Cc1ncc(CO)c(C2CCN(C(=O)Cc3ccsc3)CC2)n1;-0.2868977339872869;0.8061923620229812;-0.16957679805484424;-0.3851146642402806;-0.4458020348823024;-0.4038847501309328;-0.6209838283181613;-0.49920768260333204;-0.24710536429033883;-0.030729254193150108;-0.48521256726432327;-0.4361122207682917;-0.15220388682955227;-0.40599897147057507;-0.18749999999999997;1.0
Cc1ncc(CO)c(C2CCN(C(=O)c3c[nH]c4ccccc34)CC2)n1;-0.9274194158126922;1.287577894114575;-0.16957679805484424;-0.3851146642402806;-0.4458020348823024;0.16542088170256303;-0.6209838283181613;-0.49920768260333204;-0.24710536429033883;-0.030729254193150108;-0.48521256726432327;-0.4361122207682917;-0.15220388682955227;-0.40599897147057507;-0.18749999999999997;0.0
Cc1ncc(CO)c(C2CCN(C(=O)c3cc(-c4ccccc4)n(C)c3C)CC2)n1;-0.12236215290451173;1.8241768873081896;-0.16957679805484424;-0.3851146642402806;-0.4458020348823024;0.16542088170256303;-0.6209838283181613;-0.49920768260333204;-0.24710536429033883;-0.030729254193150108;-0.48521256726432327;-0.4361122207682917;-0.15220388682955227;-0.40599897147057507;-0.18749999999999997;1.0
Cc1ncc(CO)c(C2CCN(C(=O)c3cc(C)oc3C)CC2)n1;0.602185222885316;1.7549763976993271;-0.16957679805484424;-0.3851146642402806;-0.4458020348823024;-0.4038847501309328;-0.6209838283181613;-0.49920768260333204;-0.24710536429033883;-0.030729254193150108;-0.48521256726432327;-0.4361122207682917;-0.15220388682955227;-0.40599897147057507;-0.18749999999999997;0.0
Cc1ncc(CO)c(C2CCN(C(=O)c3cc4ccccc4[nH]3)CC2)n1;-0.9274194158126922;0.5377253942234129;-0.16957679805484424;-0.3851146642402806;-0.4458020348823024;-0.4038847501309328;-0.6209838283181613;-0.49920768260333204;-0.24710536429033883;-0.030729254193150108;-0.48521256726432327;-0.4361122207682917;-0.15220388682955227;-0.40599897147057507;-0.18749999999999997;1.0
Cc1ncc(CO)c(C2CCN(C(=O)c3ccc(Cc4c(C)noc4C)o3)CC2)n1;-0.12236215290451896;1.4328804362210072;-0.16957679805484424;-0.3851146642402806;-0.4458020348823024;-0.4038847501309328;-0.6209838283181613;-0.49920768260333204;-0.24710536429033883;-0.030729254193150108;-0.48521256726432327;-0.4361122207682917;-0.15220388682955227;-0.40599897147057507;-0.18749999999999997;1.0
Cc1ncc(CO)c(C2CCN(C(=O)c3ccccc3)CC2)n1;-0.2868977339872869;1.5918291758598748;-0.16957679805484424;-0.3851146642402806;-0.4458020348823024;-0.4038847501309328;-0.6209838283181613;-0.49920768260333204;-0.24710536429033883;-0.030729254193150108;-0.48521256726432327;-0.4361122207682917;-0.15220388682955227;-0.40599897147057507;-0.18749999999999997;1.0
Cc1ncc(CO)c(C2CCN(C(=O)c3ccoc3C)CC2)n1;0.17514815514189058;1.9281965142413173;-0.16957679805484424;-0.3851146642402806;-0.4458020348823024;-0.4038847501309328;-0.6209838283181613;-0.49920768260333204;-0.24710536429033883;-0.030729254193150108;-0.48521256726432327;-0.4361122207682917;-0.15220388682955227;-0.40599897147057507;-0.18749999999999997;1.0
Cc1ncc(CO)c(C2CCN(C(=O)c3n[nH]c4ccccc34)CC2)n1;-0.9274194158126922;1.1959003280860951;-0.16957679805484424;-0.3851146642402806;0.7552020797225507;-0.4038847501309328;-0.6209838283181613;-0.49920768260333204;-0.24710536429033883;-0.030729254193150108;-0.48521256726432327;-0.4361122207682917;-0.15220388682955227;-0.40599897147057507;-0.18749999999999997;0.0
Cc1ncc(CO)c(C2CCN(S(C)(=O)=O)CC2)n1;1.8835045474172531;0.3400220523786307;-0.16957679805484424;-0.3851146642402806;-1.5751643097199564;-0.9731903819644286;-0.6209838283181613;-0.49920768260333204;-0.24710536429033883;-0.030729254193150108;-0.48521256726432327;-0.4361122207682917;-0.15220388682955227;-0.40599897147057507;-0.18749999999999997;0.0
Cc1ncc(CO)c(C=O)c1O;3.3393341476701544;0.2323512891556623;-0.16957679805484424;-0.3851146642402806;0.728183504088674;-0.4038847501309328;-0.6209838283181613;-0.49920768260333204;-0.24710536429033883;-0.030729254193150108;-0.48521256726432327;-0.4361122207682917;-0.15220388682955227;-0.40599897147057507;-0.18749999999999997;0.0
Cc1ncc(CO)c(CN)c1O;3.3393341476701544;0.20233047314970848;-0.16957679805484424;-0.3851146642402806;-0.40117877074897995;-0.4038847501309328;-0.6209838283181613;-0.49920768260333204;-0.24710536429033883;-0.030729254193150108;-0.48521256726432327;-0.4361122207682917;-0.15220388682955227;-0.40599897147057507;-0.18749999999999997;0.0
Cc1ncc(CO)c(CO)c1O;3.3393341476701544;0.20491668232654614;-0.16957679805484424;-0.3851146642402806;-0.40117877074897995;-0.4038847501309328;-0.6209838283181613;-0.49920768260333204;-0.24710536429033883;-0.030729254193150108;-0.48521256726432327;-0.4361122207682917;-0.15220388682955227;-0.40599897147057507;-0.18749999999999997;0.0
Cc1ncc(CO)c2c1Oc1nc(-c3ccc(Cl)cc3)nc(SCC(=O)N3CCCCC3)c1C2;-0.9416233716328176;-2.3150702956021263;-0.16957679805484424;-0.3851146642402806;0.728183504088674;0.7347265135360589;-0.6209838283181613;-0.49920768260333204;4.046856703705712;-0.030729254193150108;-0.48521256726432327;-0.4361122207682917;-0.15220388682955227;-0.40599897147057507;-0.18749999999999997;0.0
Cc1ncc(CO)c2c1Oc1nc(-c3ccc(F)cc3)nc(SCC(=O)N3CCCCC3)c1C2;-0.9416233716328176;-3.0299570581225233;-0.16957679805484424;-0.3851146642402806;0.728183504088674;0.7347265135360589;1.6103478937742153;1.22725281840656;-0.24710536429033883;-0.030729254193150108;-0.48521256726432327;-0.4361122207682917;-0.15220388682955227;-0.40599897147057507;-0.18749999999999997;0.0
Cc1ncc(CO)c2c1Oc1nc(-c3ccc(F)cc3)nc(SCc3ccc(Br)cc3)c1C2;-0.9640053626220872;-1.5885093120144598;-0.16957679805484424;-0.3851146642402806;-0.40117877074897995;1.3040321453695547;1.6103478937742153;1.22725281840656;-0.24710536429033883;-0.030729254193150108;-0.48521256726432327;-0.4361122207682917;-0.15220388682955227;-0.40599897147057507;-0.18749999999999997;1.0
Cc1ncc(CO)c2c1Oc1nc(-c3cccc(Cl)c3)nc(SCC(N)=O)c1C2;-0.11958092821201476;-1.3133033486723653;-0.16957679805484424;-0.3851146642402806;0.728183504088674;0.7347265135360589;-0.6209838283181613;-0.49920768260333204;-0.24710536429033883;-0.030729254193150108;-0.48521256726432327;-0.4361122207682917;-0.15220388682955227;-0.40599897147057507;-0.18749999999999997;0.0
Cc1ncc(CO)c2c1Oc1nc(-c3cccc(F)c3)nc(SCc3ccncc3)c1C2;-1.3198817108597853;-1.9067648346168502;-0.16957679805484424;-0.3851146642402806;0.7728067682219961;1.3040321453695547;-0.6209838283181613;-0.49920768260333204;-0.24710536429033883;-0.030729254193150108;-0.48521256726432327;-0.4361122207682917;-0.15220388682955227;-0.40599897147057507;-0.18749999999999997;1.0
Cc1ncc(CO)c2c1Oc1nc(-c3ccccc3)nc(SCC(=O)N3CCCCC3)c1C2;-1.2860373459545424;-2.9809336494075103;-0.16957679805484424;-0.3851146642402806;0.728183504088674;0.7347265135360589;-0.6209838283181613;-0.49920768260333204;-0.24710536429033883;-0.030729254193150108;-0.48521256726432327;-0.4361122207682917;-0.15220388682955227;-0.40599897147057507;-0.18749999999999997;1.0
Cc1ncc(CO)c2c1Oc1nc(-c3ccccc3)nc(SCc3ccc(Cl)cc3)c1C2;-1.3198817108597782;-1.5936061694292583;-0.16957679805484424;-0.3851146642402806;-0.40117877074897995;1.3040321453695547;-0.6209838283181613;-0.49920768260333204;-0.24710536429033883;-0.030729254193150108;-0.48521256726432327;-0.4361122207682917;-0.15220388682955227;-0.40599897147057507;-0.18749999999999997;1.0
Cc1ncc(CO)c2c1Oc1nc(-c3ccccc3)nc(SCc3ccccc3F)c1C2;-1.3198817108597782;-1.6554270305700567;-0.16957679805484424;-0.3851146642402806;-0.40117877074897995;1.3040321453695547;1.6103478937742153;0.364022567901614;-0.24710536429033883;-0.030729254193150108;-0.48521256726432327;-0.4361122207682917;-0.15220388682955227;-0.40599897147057507;-0.18749999999999997;1.0
Cc1ncc(CO)c2c1Oc1nc(-c3ccccc3F)nc(SCc3cccc(F)c3)c1C2;-0.9640053626220872;-1.6925762721828264;-0.16957679805484424;-0.3851146642402806;-0.40117877074897995;1.3040321453695547;-0.6209838283181613;-0.49920768260333204;-0.24710536429033883;-0.030729254193150108;-0.48521256726432327;-0.4361122207682917;-0.15220388682955227;2.463060426921489;-0.18749999999999997;1.0
Cc1ncc(CO)c2cc(-c3nc(-c4ccccc4F)no3)c(=O)oc12;-0.5186865138907191;0.8004779807504941;-0.16957679805484424;-0.3851146642402806;-0.40117877074897995;0.7347265135360589;-0.6209838283181613;-0.49920768260333204;-0.24710536429033883;-0.030729254193150108;-0.48521256726432327;-0.4361122207682917;-0.15220388682955227;-0.40599897147057507;-0.18749999999999997;1.0
Cc1ncc(CO)c2cc(C(=O)Nc3ccc(Cl)c(Cl)c3)c(=N)oc12;0.9950593252092628;1.65866977129546;4.3242083503985285;-0.3851146642402806;2.0023504577988045;0.16542088170256303;-0.6209838283181613;-0.49920768260333204;-0.24710536429033883;-0.030729254193150108;-0.48521256726432327;-0.4361122207682917;-0.15220388682955227;-0.40599897147057507;5.333333333333333;0.0
Cc1ncc(CO)c2cc(C(=O)Nc3ccc(Cl)cc3)/c(=N/c3ccccc3)oc12;-0.47659733457022607;0.9921047157889081;-0.16957679805484424;-0.3851146642402806;0.728183504088674;0.16542088170256303;-0.6209838283181613;-0.49920768260333204;-0.24710536429033883;-0.030729254193150108;-0.48521256726432327;-0.4361122207682917;-0.15220388682955227;-0.40599897147057507;-0.18749999999999997;0.0
Cc1ncc(CO)c2cc(C(=O)Nc3ccc(F)cc3)c(=O)oc12;0.602185222885316;1.004652722140837;-0.16957679805484424;-0.3851146642402806;0.728183504088674;0.16542088170256303;-0.6209838283181613;-0.49920768260333204;-0.24710536429033883;-0.030729254193150108;-0.48521256726432327;-0.4361122207682917;-0.15220388682955227;-0.40599897147057507;-0.18749999999999997;0.0
Cc1ncc(CO)c2cc(C(=O)Nc3ccc(F)cc3F)c(=N)oc12;0.9950593252092628;1.149510080296813;-0.16957679805484424;-0.3851146642402806;2.0023504577988045;0.16542088170256303;-0.6209838283181613;-0.49920768260333204;-0.24710536429033883;-0.030729254193150108;-0.48521256726432327;-0.4361122207682917;-0.15220388682955227;-0.40599897147057507;-0.18749999999999997;0.0
Cc1ncc(CO)c2cc(C(=O)Nc3ccc(I)cc3)c(=N)oc12;0.602185222885316;3.01435028974821;-0.16957679805484424;-0.3851146642402806;2.0023504577988045;0.16542088170256303;-0.6209838283181613;-0.49920768260333204;-0.24710536429033883;-0.030729254193150108;-0.48521256726432327;-0.4361122207682917;-0.15220388682955227;-0.40599897147057507;-0.18749999999999997;0.0
Cc1ncc(CO)c2cc(C(=O)Nc3ccc(OC(F)(F)F)cc3)c(=N)oc12;1.3681547984830806;1.1868437165674657;-0.16957679805484424;-0.3851146642402806;2.0023504577988045;0.16542088170256303;-0.6209838283181613;-0.49920768260333204;-0.24710536429033883;-0.030729254193150108;-0.48521256726432327;-0.4361122207682917;-0.15220388682955227;-0.40599897147057507;-0.18749999999999997;0.0
Cc1ncc(CO)c2cc(C(=O)Nc3ccc(OC(F)(F)F)cc3)c(=O)oc12;1.3681547984830806;1.0442015789182848;-0.16957679805484424;-0.3851146642402806;0.728183504088674;0.16542088170256303;-0.6209838283181613;-0.49920768260333204;-0.24710536429033883;-0.030729254193150108;-0.48521256726432327;-0.4361122207682917;-0.15220388682955227;-0.40599897147057507;-0.18749999999999997;0.0
Cc1ncc(CO)c2cc(C(=O)Nc3cccc(Cl)c3)/c(=N/c3ccccc3)oc12;-0.47659733457022607;0.277678190261076;4.3242083503985285;-0.3851146642402806;0.728183504088674;0.16542088170256303;-0.6209838283181613;-0.49920768260333204;-0.24710536429033883;-0.030729254193150108;-0.48521256726432327;-0.4361122207682917;-0.15220388682955227;-0.40599897147057507;5.333333333333333;0.0
Cc1ncc(CO)c2cc(C(=O)Nc3ccccc3)/c(=N/c3ccccc3)oc12;-0.8524813040721054;0.560091810929505;-0.16957679805484424;-0.3851146642402806;0.728183504088674;0.16542088170256303;-0.6209838283181613;-0.49920768260333204;-0.24710536429033883;-0.030729254193150108;-0.48521256726432327;-0.4361122207682917;-0.15220388682955227;-0.40599897147057507;-0.18749999999999997;0.0
Cc1ncc(CO)c2cc(C(N)=O)/c(=N/c3ccc(Cl)cc3)oc12;0.602185222885316;1.1827164735778775;-0.16957679805484424;-0.3851146642402806;0.728183504088674;0.16542088170256303;-0.6209838283181613;-0.49920768260333204;-0.24710536429033883;-0.030729254193150108;-0.48521256726432327;-0.4361122207682917;-0.15220388682955227;-0.40599897147057507;-0.18749999999999997;0.0
Cc1ncc(CO)c2cc(C(N)=O)/c(=N/c3ccccc3I)oc12;0.602185222885316;0.30968449773541656;-0.16957679805484424;-0.3851146642402806;0.728183504088674;0.16542088170256303;-0.6209838283181613;-0.49920768260333204;-0.24710536429033883;-0.030729254193150108;-0.48521256726432327;-0.4361122207682917;-0.15220388682955227;-0.40599897147057507;-0.18749999999999997;0.0
Cc1ncc(CO)c2cc(C(N)=S)/c(=N/c3ccc(C(C)C)cc3)oc12;0.9489794408171012;-1.2690192208654574;-0.16957679805484424;-0.3851146642402806;-0.40117877074897995;0.7347265135360589;-0.6209838283181613;-0.49920768260333204;-0.24710536429033883;-0.030729254193150108;-0.48521256726432327;-0.4361122207682917;-0.15220388682955227;-0.40599897147057507;-0.18749999999999997;0.0
Cc1ncc(CO)c2cc(C(N)=S)/c(=N/c3cccc(C(F)(F)F)c3)oc12;1.4263463713523536;-1.4681986655333426;-0.16957679805484424;-0.3851146642402806;-0.40117877074897995;0.7347265135360589;-0.6209838283181613;-0.49920768260333204;-0.24710536429033883;-0.030729254193150108;-0.48521256726432327;-0.4361122207682917;-0.15220388682955227;-0.40599897147057507;-0.18749999999999997;0.0
Cc1ncc(COC(=O)C(C)C)c2cc(C(=O)NCc3ccc4c(c3)OCO4)c(=O)oc12;0.20469236015193068;-0.4457508364711712;-0.16957679805484424;1.6258289027286723;1.8575457789263279;0.7347265135360589;-0.6209838283181613;-0.49920768260333204;-0.24710536429033883;-0.030729254193150108;-0.48521256726432327;-0.4361122207682917;-0.15220388682955227;-0.40599897147057507;-0.18749999999999997;0.0
Cc1ncc(COP(=O)(O)O)c(C)c1O;4.275394429953853;-0.7019714321939063;-0.16957679805484424;-0.3851146642402806;0.6643984036890324;-0.4038847501309328;-0.6209838283181613;-0.49920768260333204;-0.24710536429033883;-0.030729254193150108;-0.48521256726432327;-0.4361122207682917;-0.15220388682955227;-0.40599897147057507;-0.18749999999999997;0.0
Cc1ncc(COP(=O)(O)O)c(C=O)c1O;3.99549367377006;-0.8607588707459825;-0.16957679805484424;-0.3851146642402806;1.7937606785266866;-0.4038847501309328;-0.6209838283181613;-0.49920768260333204;-0.24710536429033883;-0.030729254193150108;-0.48521256726432327;-0.4361122207682917;-0.15220388682955227;-0.40599897147057507;-0.18749999999999997;0.0
Cc1ncc(CSSCc2cnc(C)c(O)c2CO)c(CO)c1O;1.7493626967366782;-1.038379932478495;-0.16957679805484424;-0.3851146642402806;0.7728067682219961;0.7347265135360589;-0.6209838283181613;-0.49920768260333204;-0.24710536429033883;-0.030729254193150108;-0.48521256726432327;-0.4361122207682917;6.5701344481423405;-0.40599897147057507;-0.18749999999999997;0.0
Cc1ncc(C[n+]2csc(CCO)c2C)c(N)n1;1.2193722130921765;-0.19553668226981616;-0.16957679805484424;-0.3851146642402806;-1.5751643097199564;-0.9731903819644286;-0.6209838283181613;-0.49920768260333204;-0.24710536429033883;-0.030729254193150108;-0.48521256726432327;-0.4361122207682917;-0.15220388682955227;-0.40599897147057507;-0.18749999999999997;1.0
Cc1ncc(F)c(Nc2n[nH]c3c2CN(C(=O)N2C[C@@H](C)N(CC4CCOCC4)C[C@@H]2C)C3(C)C)n1;0.07982736557522199;0.9902093707644916;-0.16957679805484424;1.6258289027286723;0.7800227818188298;-0.9731903819644286;1.6103478937742153;0.364022567901614;-0.24710536429033883;-0.030729254193150108;-0.48521256726432327;-0.4361122207682917;-0.15220388682955227;-0.40599897147057507;-0.18749999999999997;0.0
Cc1ncc(NC(=O)NC2c3ccccc3-c3ccccc32)c(-c2ccccc2)n1;-1.748574495317017;1.4525197114581352;-0.16957679805484424;-0.3851146642402806;-1.5751643097199564;1.3040321453695547;-0.6209838283181613;-0.49920768260333204;-0.24710536429033883;-0.030729254193150108;-0.48521256726432327;-0.4361122207682917;-0.15220388682955227;-0.40599897147057507;-0.18749999999999997;1.0
Cc1ncc(NC(=O)c2ccc(CN3CCN(C)CC3)c(C(F)(F)F)c2)cc1Nc1nccc(-c2cccnc2)n1;-0.21386240571214174;0.16598586922842673;-0.16957679805484424;-0.3851146642402806;3.056352019993585;0.7347265135360589;1.6103478937742153;2.090483068911506;-0.24710536429033883;-0.030729254193150108;-0.48521256726432327;-0.4361122207682917;-0.15220388682955227;2.463060426921489;-0.18749999999999997;1.0
Cc1ncc(NC(=O)c2cccc(C(F)(F)F)c2)cc1-c1cnc(OC2CCOCC2)c(N2CCOCC2)c1;-0.486907147338338;-1.5899644670799893;-0.16957679805484424;-0.3851146642402806;0.728183504088674;0.7347265135360589;1.6103478937742153;2.090483068911506;-0.24710536429033883;-0.030729254193150108;2.060952389667274;1.050315284101127;-0.15220388682955227;2.463060426921489;-0.18749999999999997;0.0
Cc1ncc(OC[C@@]2(c3cccc(F)c3)C[C@H]2C(=O)Nc2ccc(F)cn2)c(C)n1;-0.008567193428365903;0.22003115553019942;-0.16957679805484424;-0.3851146642402806;-0.4458020348823024;-0.9731903819644286;-0.6209838283181613;-0.49920768260333204;-0.24710536429033883;-0.030729254193150108;-0.48521256726432327;-0.4361122207682917;-0.15220388682955227;2.463060426921489;-0.18749999999999997;0.0
Cc1ncc(SCC(=O)N2CCc3ccccc3C2)[nH]c1=O;-0.29071046421457947;0.4126214526703855;-0.16957679805484424;-0.3851146642402806;1.8575457789263279;-0.4038847501309328;-0.6209838283181613;-0.49920768260333204;-0.24710536429033883;-0.030729254193150108;-0.48521256726432327;-0.4361122207682917;-0.15220388682955227;-0.40599897147057507;-0.18749999999999997;0.0
Cc1ncc([N+](=O)[O-])n1C;4.047804511001554;0.06743189128518064;-0.16957679805484424;-0.3851146642402806;-1.5751643097199564;-1.5424960137979244;-0.6209838283181613;-0.49920768260333204;-0.24710536429033883;-0.030729254193150108;-0.48521256726432327;-0.4361122207682917;-0.15220388682955227;-0.40599897147057507;-0.18749999999999997;1.0
Cc1ncc([N+](=O)[O-])n1CC(=O)Nc1ccc(CC#N)cc1;1.4438038458946647;-1.0650756327742308;-0.16957679805484424;-0.3851146642402806;-0.4458020348823024;-0.9731903819644286;-0.6209838283181613;-0.49920768260333204;-0.24710536429033883;-0.030729254193150108;2.060952389667274;2.536742788970546;-0.15220388682955227;-0.40599897147057507;-0.18749999999999997;0.0
Cc1ncc([N+](=O)[O-])n1CC(=O)Nc1ccc(Cl)cc1;1.6084859973828285;-1.2809864612186;-0.16957679805484424;-0.3851146642402806;-0.4458020348823024;-1.5424960137979244;-0.6209838283181613;-0.49920768260333204;-0.24710536429033883;-0.030729254193150108;2.060952389667274;2.536742788970546;-0.15220388682955227;-0.40599897147057507;-0.18749999999999997;0.0
Cc1ncc([N+](=O)[O-])n1CC(=O)Nc1ccc(OC(F)(F)Cl)cc1;2.3344003731639744;-0.7453453817646581;-0.16957679805484424;-0.3851146642402806;-0.4458020348823024;-1.5424960137979244;-0.6209838283181613;-0.49920768260333204;-0.24710536429033883;-0.030729254193150108;2.060952389667274;2.536742788970546;-0.15220388682955227;-0.40599897147057507;-0.18749999999999997;0.0
Cc1ncc([N+](=O)[O-])n1CC(C)O;3.8843113502327706;0.06743189128518064;-0.16957679805484424;-0.3851146642402806;-1.5751643097199564;-1.5424960137979244;-0.6209838283181613;-0.49920768260333204;-0.24710536429033883;-0.030729254193150108;2.060952389667274;2.536742788970546;-0.15220388682955227;-0.40599897147057507;-0.18749999999999997;0.0
Cc1ncc([N+](=O)[O-])n1CC(O)CCl;3.592359277431371;0.06743189128518064;-0.16957679805484424;-0.3851146642402806;-1.5751643097199564;-1.5424960137979244;-0.6209838283181613;-0.49920768260333204;4.046856703705712;-0.030729254193150108;2.060952389667274;2.536742788970546;-0.15220388682955227;-0.40599897147057507;-0.18749999999999997;0.0
Cc1ncc([N+](=O)[O-])n1CC(O)CN1CCOCC1;1.1445095877195968;-1.4097477711410535;-0.16957679805484424;-0.3851146642402806;-0.4209813327860232;-1.5424960137979244;-0.6209838283181613;-0.49920768260333204;-0.24710536429033883;-0.030729254193150108;2.060952389667274;4.023170293839964;-0.15220388682955227;-0.40599897147057507;-0.18749999999999997;0.0
Cc1ncc([N+](=O)[O-])n1CCO;3.3393341476701544;0.06743189128518064;-0.16957679805484424;-0.3851146642402806;-1.5751643097199564;-1.5424960137979244;-0.6209838283181613;-0.49920768260333204;-0.24710536429033883;-0.030729254193150108;2.060952389667274;2.536742788970546;-0.15220388682955227;-0.40599897147057507;-0.18749999999999997;0.0
Cc1ncc([N+](=O)[O-])n1CCOC(=O)NC(Nc1ccccn1)C(Cl)(Cl)Cl;2.052465035147218;-0.9301711376423244;-0.16957679805484424;-0.3851146642402806;-0.3227847280995177;-1.5424960137979244;-0.6209838283181613;-0.49920768260333204;-0.24710536429033883;-0.030729254193150108;2.060952389667274;2.536742788970546;-0.15220388682955227;-0.40599897147057507;-0.18749999999999997;0.0
Cc1ncc([N+](=O)[O-])n1CCOC(=O)c1ccccc1;1.0771332248842715;0.4708909112369028;-0.16957679805484424;-0.3851146642402806;-1.5751643097199564;-0.9731903819644286;-0.6209838283181613;-0.49920768260333204;-0.24710536429033883;-0.030729254193150108;2.060952389667274;2.536742788970546;-0.15220388682955227;-0.40599897147057507;-0.18749999999999997;0.0
Cc1ncc([N+](=O)[O-])n1CCOC(NC(=O)c1ccco1)C(Cl)(Cl)Cl;2.2329036514779546;-0.31291014772163017;13.311778647305275;-0.3851146642402806;-0.4458020348823024;-1.5424960137979244;-0.6209838283181613;-0.49920768260333204;4.046856703705712;-0.030729254193150108;2.060952389667274;2.536742788970546;-0.15220388682955227;-0.40599897147057507;5.333333333333333;0.0
Cc1ncc([N+](=O)[O-])n1CCSc1nc2c(c(=O)n(C)c(=O)n2C)n1Cc1ccccc1Cl;0.8364014774490025;-1.0072520621114338;-0.16957679805484424;-0.3851146642402806;1.7057758336866393;-0.9731903819644286;-0.6209838283181613;-0.49920768260333204;4.046856703705712;-0.030729254193150108;-0.48521256726432327;-0.4361122207682917;6.5701344481423405;-0.40599897147057507;-0.18749999999999997;0.0
Cc1ncc([N+](=O)[O-])n1CCc1nnc(N)s1;1.3030422061556484;-0.6368342912484771;-0.16957679805484424;-0.3851146642402806;-1.5751643097199564;-1.5424960137979244;-0.6209838283181613;-0.49920768260333204;-0.24710536429033883;-0.030729254193150108;-0.48521256726432327;-0.4361122207682917;-0.15220388682955227;-0.40599897147057507;-0.18749999999999997;1.0
Cc1ncc([N+](=O)[O-])n1C[C@@H](CN1CCOCC1)OP(=O)(O)O;1.9826770076065774;-0.8256702797963205;-0.16957679805484424;-0.3851146642402806;0.6445958416519897;-1.5424960137979244;-0.6209838283181613;-0.49920768260333204;-0.24710536429033883;-0.030729254193150108;2.060952389667274;4.023170293839964;-0.15220388682955227;-0.40599897147057507;-0.18749999999999997;0.0
Cc1ncc([N+](=O)[O-])n1C[C@H](O)CCl;3.592359277431371;0.06743189128518064;-0.16957679805484424;-0.3851146642402806;-1.5751643097199564;-1.5424960137979244;-0.6209838283181613;-0.49920768260333204;4.046856703705712;-0.030729254193150108;2.060952389667274;2.536742788970546;-0.15220388682955227;-0.40599897147057507;-0.18749999999999997;0.0
Cc1ncc([N+](=O)[O-])n1C[C@H](O)CN1CCOCC1;1.1445095877195968;-1.4097477711410535;-0.16957679805484424;-0.3851146642402806;-0.4209813327860232;-1.5424960137979244;-0.6209838283181613;-0.49920768260333204;-0.24710536429033883;-0.030729254193150108;2.060952389667274;4.023170293839964;-0.15220388682955227;-0.40599897147057507;-0.18749999999999997;0.0
Cc1ncc([N+](=O)[O-])n1Cc1ccc(Cl)cc1;1.3030422061556484;0.8063275564757517;-0.16957679805484424;-0.3851146642402806;-1.5751643097199564;-0.9731903819644286;-0.6209838283181613;-0.49920768260333204;4.046856703705712;-0.030729254193150108;-0.48521256726432327;-0.4361122207682917;-0.15220388682955227;-0.40599897147057507;-0.18749999999999997;0.0
Cc1ncc([N+](=O)[O-])n1Cc1nnc(SCc2cccc(F)c2)n1C;0.5699771072104345;-0.6336479452689491;-0.16957679805484424;-0.3851146642402806;-1.5751643097199564;-0.9731903819644286;-0.6209838283181613;-0.49920768260333204;-0.24710536429033883;-0.030729254193150108;-0.48521256726432327;-0.4361122207682917;-0.15220388682955227;-0.40599897147057507;-0.18749999999999997;1.0
Cc1ncc([N+](=O)[O-])n1S(=O)(=O)c1ccccc1;1.9994224483285956;0.43968041866638247;-0.16957679805484424;-0.3851146642402806;-1.5751643097199564;-1.5424960137979244;-0.6209838283181613;-0.49920768260333204;-0.24710536429033883;-0.030729254193150108;-0.48521256726432327;-0.4361122207682917;-0.15220388682955227;-0.40599897147057507;-0.18749999999999997;0.0
Cc1ncc2c(n1)CCCN(CC(=O)N1CCCCC1)C2=O;-0.29071046421457947;-0.8314226907977168;-0.16957679805484424;-0.3851146642402806;0.6835602399553516;-0.9731903819644286;-0.6209838283181613;-0.49920768260333204;-0.24710536429033883;-0.030729254193150108;-0.48521256726432327;-0.4361122207682917;-0.15220388682955227;-0.40599897147057507;-0.18749999999999997;0.0
Cc1ncc2c(n1)CCCN(CC(=O)NCCC(C)C)C2=O;1.4438038458946791;0.7704884641330081;-0.16957679805484424;-0.3851146642402806;0.6835602399553516;-0.9731903819644286;-0.6209838283181613;-0.49920768260333204;-0.24710536429033883;-0.030729254193150108;-0.48521256726432327;-0.4361122207682917;-0.15220388682955227;-0.40599897147057507;-0.18749999999999997;0.0
Cc1ncc2c(n1)CCCN(CC(=O)NCc1ccc(Cl)cc1)C2=O;0.14489488921158455;0.16463282238579824;-0.16957679805484424;-0.3851146642402806;0.6835602399553516;-0.4038847501309328;-0.6209838283181613;-0.49920768260333204;4.046856703705712;-0.030729254193150108;-0.48521256726432327;-0.4361122207682917;-0.15220388682955227;-0.40599897147057507;-0.18749999999999997;0.0
Cc1ncc2c(n1)COC21CN(C(=O)C2(c3ccccc3)CCCC2)C1;-1.7237487159612954;0.5833905801851995;-0.16957679805484424;1.6258289027286723;-0.4458020348823024;-0.4038847501309328;-0.6209838283181613;-0.49920768260333204;-0.24710536429033883;-0.030729254193150108;-0.48521256726432327;-0.4361122207682917;-0.15220388682955227;-0.40599897147057507;-0.18749999999999997;1.0
Cc1ncc2c(n1)COC21CN(C(=O)CCCc2nc3ccccc3s2)C1;-1.7938641877135193;0.752703688979244;-0.16957679805484424;1.6258289027286723;-0.4458020348823024;-0.9731903819644286;-0.6209838283181613;-0.49920768260333204;-0.24710536429033883;-0.030729254193150108;-0.48521256726432327;-0.4361122207682917;6.5701344481423405;-0.40599897147057507;-0.18749999999999997;0.0
Cc1ncc2c(n1)COC21CN(C(=O)COc2ccc(F)cc2)C1;-0.8455425287029924;1.7914043347952724;-0.16957679805484424;1.6258289027286723;-0.4458020348823024;-0.9731903819644286;-0.6209838283181613;-0.49920768260333204;-0.24710536429033883;-0.030729254193150108;2.060952389667274;1.050315284101127;-0.15220388682955227;-0.40599897147057507;-0.18749999999999997;0.0
Cc1ncc2c(n1)COC21CN(C(=O)Cc2c[nH]c3ccccc23)C1;-1.9211319092116435;1.7205296799901766;-0.16957679805484424;1.6258289027286723;-0.4458020348823024;0.16542088170256303;-0.6209838283181613;-0.49920768260333204;-0.24710536429033883;-0.030729254193150108;-0.48521256726432327;-0.4361122207682917;-0.15220388682955227;-0.40599897147057507;-0.18749999999999997;1.0
Cc1ncc2c(n1)COC21CN(C(=O)c2ccccc2OC(F)(F)F)C1;0.15265014066850524;1.5436739701744941;-0.16957679805484424;1.6258289027286723;-0.4458020348823024;-0.4038847501309328;1.6103478937742153;2.090483068911506;-0.24710536429033883;-0.030729254193150108;-0.48521256726432327;-0.4361122207682917;-0.15220388682955227;2.463060426921489;-0.18749999999999997;1.0
Cc1ncc2c(n1)COC21CN(C(=O)c2nccc3ccccc23)C1;-1.9211319092116435;1.991982910065492;-0.16957679805484424;1.6258289027286723;0.728183504088674;0.16542088170256303;-0.6209838283181613;-0.49920768260333204;-0.24710536429033883;-0.030729254193150108;-0.48521256726432327;-0.4361122207682917;-0.15220388682955227;-0.40599897147057507;-0.18749999999999997;0.0
Cc1ncc2c(n1)COC21CN(C(=O)c2nn(C)c3ccccc23)C1;-1.4960496912128007;2.0740706838191043;-0.16957679805484424;1.6258289027286723;0.657005475036045;-0.4038847501309328;-0.6209838283181613;-0.49920768260333204;-0.24710536429033883;-0.030729254193150108;-0.48521256726432327;-0.4361122207682917;-0.15220388682955227;-0.40599897147057507;-0.18749999999999997;0.0
Cc1ncc2c(n1)COC21CN(Cc2ccc3c(c2)OCCO3)C1;-2.435513979636461;0.5315658515967214;-0.16957679805484424;1.6258289027286723;-0.4209813327860232;-0.4038847501309328;-0.6209838283181613;-0.49920768260333204;-0.24710536429033883;-0.030729254193150108;-0.48521256726432327;-0.4361122207682917;-0.15220388682955227;-0.40599897147057507;-0.18749999999999997;1.0
Cc1ncc2c(n1)C[C@@H]1CC[C@H]2N1C(=O)Nc1ccc(C)c(F)c1;-0.544992250966039;0.4635159178450791;-0.16957679805484424;1.6258289027286723;-1.5751643097199564;-0.4038847501309328;1.6103478937742153;0.364022567901614;-0.24710536429033883;-0.030729254193150108;-0.48521256726432327;-0.4361122207682917;-0.15220388682955227;2.463060426921489;-0.18749999999999997;1.0
Cc1ncc2c(n1)C[C@@H]1CC[C@H]2N1S(=O)(=O)c1ccc2c(c1)C(C)(C)C(=O)N2;-0.09697429118153185;-0.7336525098383981;-0.16957679805484424;3.636772469697625;-0.4458020348823024;-0.4038847501309328;-0.6209838283181613;-0.49920768260333204;-0.24710536429033883;-0.030729254193150108;-0.48521256726432327;-0.4361122207682917;6.5701344481423405;-0.40599897147057507;-0.18749999999999997;0.0
Cc1ncc2c(n1)C[C@@H]1CC[C@H]2N1S(=O)(=O)c1ccccc1;-0.9039538795862654;0.5162295474340814;-0.16957679805484424;1.6258289027286723;-1.5751643097199564;-0.9731903819644286;-0.6209838283181613;-0.49920768260333204;-0.24710536429033883;-0.030729254193150108;-0.48521256726432327;-0.4361122207682917;-0.15220388682955227;-0.40599897147057507;-0.18749999999999997;1.0
Cc1nccc(-c2cn(Cc3ccccc3)c3cnccc23)n1;-1.9459983784396186;-0.5259175288041908;-0.16957679805484424;-0.3851146642402806;-0.40117877074897995;0.16542088170256303;-0.6209838283181613;-0.49920768260333204;-0.24710536429033883;-0.030729254193150108;-0.48521256726432327;-0.4361122207682917;-0.15220388682955227;-0.40599897147057507;-0.18749999999999997;1.0
Cc1nccc2c1[nH]c1cc(O)ccc12;-1.0401041319855884;0.5111335607682347;-0.16957679805484424;-0.3851146642402806;-0.40117877074897995;-0.4038847501309328;-0.6209838283181613;-0.49920768260333204;-0.24710536429033883;-0.030729254193150108;-0.48521256726432327;-0.4361122207682917;-0.15220388682955227;-0.40599897147057507;-0.18749999999999997;1.0
Cc1nccc2c1[nH]c1ccccc12;-1.8589714114834275;0.6918375976632087;-0.16957679805484424;-0.3851146642402806;-0.40117877074897995;-0.4038847501309328;-0.6209838283181613;-0.49920768260333204;-0.24710536429033883;-0.030729254193150108;-0.48521256726432327;-0.4361122207682917;-0.15220388682955227;-0.40599897147057507;-0.18749999999999997;1.0
Cc1nccc2c1c(=O)n(C)c1cc(OC[C@@H](N)CC(C)C)c(C#N)cc21;1.2999075274899596;-0.5055266693258984;-0.16957679805484424;-0.3851146642402806;0.728183504088674;0.7347265135360589;-0.6209838283181613;-0.49920768260333204;-0.24710536429033883;-0.030729254193150108;2.060952389667274;1.050315284101127;-0.15220388682955227;-0.40599897147057507;-0.18749999999999997;0.0
Cc1ncccc1-c1cnc(NCc2c(F)ccc3c2CCO3)n2cnnc12;-1.858971411483442;-0.330583075207346;-0.16957679805484424;1.6258289027286723;0.6354131422107596;0.7347265135360589;1.6103478937742153;1.22725281840656;-0.24710536429033883;-0.030729254193150108;-0.48521256726432327;-0.4361122207682917;-0.15220388682955227;-0.40599897147057507;-0.18749999999999997;1.0
Cc1ncccc1-n1cccc1C(=O)NCc1ccc2c(c1)OCO2;-1.3814777036845647;0.18053830620747793;-0.16957679805484424;1.6258289027286723;0.728183504088674;-0.9731903819644286;-0.6209838283181613;-0.49920768260333204;-0.24710536429033883;-0.030729254193150108;-0.48521256726432327;-0.4361122207682917;-0.15220388682955227;-0.40599897147057507;-0.18749999999999997;0.0
Cc1ncccc1C(=O)N1CC(Cn2c(C)cnc2-c2ccccc2)C1;-0.9274194158126922;0.48911253417243106;-0.16957679805484424;-0.3851146642402806;0.728183504088674;-0.4038847501309328;-0.6209838283181613;-0.49920768260333204;-0.24710536429033883;-0.030729254193150108;-0.48521256726432327;-0.4361122207682917;-0.15220388682955227;-0.40599897147057507;-0.18749999999999997;1.0
Cc1ncccc1C(=O)N1CC(F)(F)C[C@H]1Cn1cc(C(=O)N2CCCC2)nn1;-0.0018620046160175495;0.5891442983217788;-0.16957679805484424;3.636772469697625;1.8575457789263279;-0.9731903819644286;1.6103478937742153;1.22725281840656;-0.24710536429033883;-0.030729254193150108;-0.48521256726432327;-0.4361122207682917;-0.15220388682955227;-0.40599897147057507;-0.18749999999999997;0.0
Cc1ncccc1C(=O)N1CC(Oc2ccc(-c3noc(-c4ccccc4)n3)cc2)C1;-1.698717823499917;0.22941795725552236;-0.16957679805484424;-0.3851146642402806;0.728183504088674;0.16542088170256303;-0.6209838283181613;-0.49920768260333204;-0.24710536429033883;-0.030729254193150108;-0.48521256726432327;-0.4361122207682917;-0.15220388682955227;-0.40599897147057507;-0.18749999999999997;1.0
Cc1ncccc1C(=O)N1CC(Oc2ccccc2-c2nc(-c3cnccn3)no2)C1;-1.698717823499917;0.9482366769877457;-0.16957679805484424;-0.3851146642402806;1.9021690430596507;-0.4038847501309328;-0.6209838283181613;-0.49920768260333204;-0.24710536429033883;-0.030729254193150108;-0.48521256726432327;-0.4361122207682917;-0.15220388682955227;-0.40599897147057507;-0.18749999999999997;1.0
Cc1ncccc1C(=O)N1CC(Oc2ccccc2-c2nc(C3CC3)no2)C1;-1.8589714114834492;0.8856481288795292;-0.16957679805484424;-0.3851146642402806;0.728183504088674;-0.4038847501309328;-0.6209838283181613;-0.49920768260333204;-0.24710536429033883;-0.030729254193150108;-0.48521256726432327;-0.4361122207682917;-0.15220388682955227;-0.40599897147057507;-0.18749999999999997;1.0
Cc1ncccc1C(=O)N1CC(c2nc(CCOCc3ccccc3)no2)C1;-1.2552141285383949;1.2390585125204259;-0.16957679805484424;-0.3851146642402806;0.728183504088674;-0.4038847501309328;-0.6209838283181613;-0.49920768260333204;-0.24710536429033883;-0.030729254193150108;2.060952389667274;1.050315284101127;-0.15220388682955227;-0.40599897147057507;-0.18749999999999997;1.0
Cc1ncccc1C(=O)N1CC(c2ncc(C)n2Cc2ccccc2)C1;-0.9274194158126922;0.558679714995141;-0.16957679805484424;-0.3851146642402806;0.728183504088674;-0.4038847501309328;-0.6209838283181613;-0.49920768260333204;-0.24710536429033883;-0.030729254193150108;-0.48521256726432327;-0.4361122207682917;-0.15220388682955227;-0.40599897147057507;-0.18749999999999997;1.0
Cc1ncccc1C(=O)N1CCC(CC2CC2)(NC(=O)c2ccccc2)CC1;-0.7537532630292714;-0.199693443514215;-0.16957679805484424;-0.3851146642402806;1.8575457789263279;-0.4038847501309328;-0.6209838283181613;-0.49920768260333204;-0.24710536429033883;-0.030729254193150108;-0.48521256726432327;-0.4361122207682917;-0.15220388682955227;-0.40599897147057507;-0.18749999999999997;1.0
Cc1ncccc1C(=O)N1CCC(CCc2noc(-c3ccc(F)cc3)n2)C1;-0.8756764338965705;0.22103917251255548;-0.16957679805484424;1.6258289027286723;0.728183504088674;-0.4038847501309328;1.6103478937742153;0.364022567901614;-0.24710536429033883;-0.030729254193150108;-0.48521256726432327;-0.4361122207682917;-0.15220388682955227;2.463060426921489;-0.18749999999999997;0.0
Cc1ncccc1C(=O)N1CCC(CCc2noc(-c3cccnc3)n2)C1;-1.2941843677810418;0.2521756004674006;-0.16957679805484424;1.6258289027286723;1.9021690430596507;-0.4038847501309328;-0.6209838283181613;-0.49920768260333204;-0.24710536429033883;-0.030729254193150108;-0.48521256726432327;-0.4361122207682917;-0.15220388682955227;-0.40599897147057507;-0.18749999999999997;0.0
Cc1ncccc1C(=O)N1CCC(CCn2c(C)cnc2-c2cccnc2)CC1;-0.8524813040721054;-0.17834844336949196;-0.16957679805484424;-0.3851146642402806;1.9021690430596507;-0.4038847501309328;-0.6209838283181613;-0.49920768260333204;-0.24710536429033883;-0.030729254193150108;-0.48521256726432327;-0.4361122207682917;-0.15220388682955227;-0.40599897147057507;-0.18749999999999997;1.0
Cc1ncccc1C(=O)N1CCC(Cc2ccc(C(=O)N(C)C)cc2)CC1;0.5127182348995003;0.06780824354846186;-0.16957679805484424;-0.3851146642402806;1.8575457789263279;0.16542088170256303;-0.6209838283181613;-0.49920768260333204;-0.24710536429033883;-0.030729254193150108;-0.48521256726432327;-0.4361122207682917;-0.15220388682955227;-0.40599897147057507;-0.18749999999999997;0.0
Cc1ncccc1C(=O)N1CCC(Cc2ccc(C(=O)N3CCOCC3)cc2)CC1;-0.8308325162359331;0.6116605781954496;-0.16957679805484424;-0.3851146642402806;1.8575457789263279;0.16542088170256303;-0.6209838283181613;-0.49920768260333204;-0.24710536429033883;-0.030729254193150108;-0.48521256726432327;-0.4361122207682917;-0.15220388682955227;-0.40599897147057507;-0.18749999999999997;0.0
Cc1ncccc1C(=O)N1CCC(Cc2nnc(-c3ccccc3)[nH]2)CC1;-1.2941843677810418;0.03161257107509474;-0.16957679805484424;-0.3851146642402806;0.728183504088674;-0.4038847501309328;-0.6209838283181613;-0.49920768260333204;-0.24710536429033883;-0.030729254193150108;-0.48521256726432327;-0.4361122207682917;-0.15220388682955227;-0.40599897147057507;-0.18749999999999997;1.0
Cc1ncccc1C(=O)N1CCC(Cn2c(C)cnc2-c2ccccc2)C1;-0.9005897214858158;1.023002695804862;-0.16957679805484424;1.6258289027286723;0.728183504088674;-0.4038847501309328;-0.6209838283181613;-0.49920768260333204;-0.24710536429033883;-0.030729254193150108;-0.48521256726432327;-0.4361122207682917;-0.15220388682955227;-0.40599897147057507;-0.18749999999999997;0.0
Cc1ncccc1C(=O)N1CCC(Cn2c(C)cnc2C2CCC2)C1;-0.956395485685722;1.4063257390620405;-0.16957679805484424;1.6258289027286723;0.728183504088674;-0.9731903819644286;-0.6209838283181613;-0.49920768260333204;-0.24710536429033883;-0.030729254193150108;-0.48521256726432327;-0.4361122207682917;-0.15220388682955227;-0.40599897147057507;-0.18749999999999997;0.0
Cc1ncccc1C(=O)N1CCC(N2CC3(CCCCC3)C2c2ccncc2)CC1;-1.634779535840864;1.8720405280903896;-0.16957679805484424;-0.3851146642402806;3.056352019993585;-0.4038847501309328;-0.6209838283181613;-0.49920768260333204;-0.24710536429033883;-0.030729254193150108;-0.48521256726432327;-0.4361122207682917;-0.15220388682955227;-0.40599897147057507;-0.18749999999999997;1.0
Cc1ncccc1C(=O)N1CCC(c2noc(COCc3ccccc3)n2)CC1;-1.2189314920021435;1.5990489223301487;-0.16957679805484424;-0.3851146642402806;0.728183504088674;-0.4038847501309328;-0.6209838283181613;-0.49920768260333204;-0.24710536429033883;-0.030729254193150108;-0.48521256726432327;-0.4361122207682917;-0.15220388682955227;-0.40599897147057507;-0.18749999999999997;1.0
Cc1ncccc1C(=O)N1CCC(n2c(C)cnc2-c2cccnc2)C1;-0.9274194158126922;1.3661075673174852;-0.16957679805484424;1.6258289027286723;1.9021690430596507;-0.4038847501309328;-0.6209838283181613;-0.49920768260333204;-0.24710536429033883;-0.030729254193150108;-0.48521256726432327;-0.4361122207682917;-0.15220388682955227;-0.40599897147057507;-0.18749999999999997;0.0
Cc1ncccc1C(=O)N1CCC2(CC1)CC(CC(=O)N(C)C)CCO2;0.6715484152137718;0.3257467171427693;-0.16957679805484424;-0.3851146642402806;1.8575457789263279;-0.9731903819644286;-0.6209838283181613;-0.49920768260333204;-0.24710536429033883;-0.030729254193150108;2.060952389667274;2.536742788970546;-0.15220388682955227;-0.40599897147057507;-0.18749999999999997;0.0
Cc1ncccc1C(=O)N1CCC2(CC1)CC(CCOc1ccncc1)CCO2;-1.1012125684061245;0.7583784485356363;-0.16957679805484424;-0.3851146642402806;1.9021690430596507;-0.9731903819644286;-0.6209838283181613;-0.49920768260333204;-0.24710536429033883;-0.030729254193150108;2.060952389667274;2.536742788970546;-0.15220388682955227;-0.40599897147057507;-0.18749999999999997;0.0
Cc1ncccc1C(=O)N1CCC2(CC1)CC(Oc1ncccn1)CCO2;-1.167745523918648;0.4600860174060697;-0.16957679805484424;-0.3851146642402806;0.728183504088674;-0.9731903819644286;-0.6209838283181613;-0.49920768260333204;-0.24710536429033883;-0.030729254193150108;2.060952389667274;1.050315284101127;-0.15220388682955227;-0.40599897147057507;-0.18749999999999997;1.0
Cc1ncccc1C(=O)N1CCC2(CC1)CC2NC(=O)C(C)C;0.7856222522834375;0.3401834346685273;-0.16957679805484424;-0.3851146642402806;1.8575457789263279;-0.9731903819644286;-0.6209838283181613;-0.49920768260333204;-0.24710536429033883;-0.030729254193150108;-0.48521256726432327;-0.4361122207682917;-0.15220388682955227;-0.40599897147057507;-0.18749999999999997;0.0
Cc1ncccc1C(=O)N1CCC2(CC1)N[C@H](C(=O)NCC(C)C)Cc1[nH]cnc12;-0.008567193428365903;1.0790958947181437;-0.16957679805484424;-0.3851146642402806;3.1099253605467667;-0.9731903819644286;-0.6209838283181613;-0.49920768260333204;-0.24710536429033883;-0.030729254193150108;-0.48521256726432327;-0.4361122207682917;-0.15220388682955227;-0.40599897147057507;-0.18749999999999997;1.0
Cc1ncccc1C(=O)N1CCCC(C(=O)NCc2ccccc2)CCNC(=O)CC1;0.07755697472154229;0.07416395008176159;-0.16957679805484424;-0.3851146642402806;2.986908053763983;-0.4038847501309328;-0.6209838283181613;-0.49920768260333204;-0.24710536429033883;-0.030729254193150108;2.060952389667274;1.050315284101127;-0.15220388682955227;-0.40599897147057507;-0.18749999999999997;1.0
Cc1ncccc1C(=O)N1CCCC(C)(c2noc(-c3ccncc3)n2)C1;-0.7741508776234364;-1.1179983160936298;-0.16957679805484424;-0.3851146642402806;1.9021690430596507;-0.4038847501309328;-0.6209838283181613;-0.49920768260333204;-0.24710536429033883;-0.030729254193150108;-0.48521256726432327;-0.4361122207682917;-0.15220388682955227;-0.40599897147057507;-0.18749999999999997;0.0
Cc1ncccc1C(=O)N1CCCC(C)(c2noc(C3CCOCC3)n2)C1;-0.7741508776234364;-1.2685615358106508;-0.16957679805484424;-0.3851146642402806;0.728183504088674;-0.9731903819644286;-0.6209838283181613;-0.49920768260333204;-0.24710536429033883;-0.030729254193150108;-0.48521256726432327;-0.4361122207682917;-0.15220388682955227;-0.40599897147057507;-0.18749999999999997;0.0
Cc1ncccc1C(=O)N1CCCC(CCc2noc(C3CCOCC3)n2)C1;-1.2552141285383949;0.0005506692736013861;-0.16957679805484424;-0.3851146642402806;0.728183504088674;-0.9731903819644286;-0.6209838283181613;-0.49920768260333204;-0.24710536429033883;-0.030729254193150108;-0.48521256726432327;-0.4361122207682917;-0.15220388682955227;-0.40599897147057507;-0.18749999999999997;1.0
Cc1ncccc1C(=O)N1CCCC(COc2ccccc2C(=O)N2CCCC2)C1;-0.8308325162359259;0.23914869266734676;-0.16957679805484424;1.6258289027286723;1.8575457789263279;-0.4038847501309328;-0.6209838283181613;-0.49920768260333204;-0.24710536429033883;-0.030729254193150108;2.060952389667274;1.050315284101127;-0.15220388682955227;-0.40599897147057507;-0.18749999999999997;0.0
Cc1ncccc1C(=O)N1CCCC(Cc2noc(-c3ccncc3)n2)C1;-1.2941843677810418;-0.2658725564746233;-0.16957679805484424;-0.3851146642402806;1.9021690430596507;-0.4038847501309328;-0.6209838283181613;-0.49920768260333204;-0.24710536429033883;-0.030729254193150108;-0.48521256726432327;-0.4361122207682917;-0.15220388682955227;-0.40599897147057507;-0.18749999999999997;1.0
Cc1ncccc1C(=O)N1CCCCCCN(C)C(=O)[C@@H]2CCC[C@@H]21;0.1448948892115773;0.9089140343463946;-0.16957679805484424;-0.3851146642402806;1.8575457789263279;-0.9731903819644286;-0.6209838283181613;-0.49920768260333204;-0.24710536429033883;-0.030729254193150108;2.060952389667274;1.050315284101127;-0.15220388682955227;-0.40599897147057507;-0.18749999999999997;1.0
Cc1ncccc1C(=O)N1CCC[C@H](n2c(=O)n(CC3CC3)c3cccnc32)C1;-1.4354193703638658;-0.37323485582204974;-0.16957679805484424;-0.3851146642402806;2.8797613726576157;-0.9731903819644286;-0.6209838283181613;-0.49920768260333204;-0.24710536429033883;-0.030729254193150108;-0.48521256726432327;-0.4361122207682917;-0.15220388682955227;-0.40599897147057507;-0.18749999999999997;0.0
Cc1ncccc1C(=O)N1CC[C@@H]2CN(S(C)(=O)=O)[C@@H]2C1;0.8797784352615575;0.7901702108960735;-0.16957679805484424;-0.3851146642402806;0.728183504088674;-0.9731903819644286;-0.6209838283181613;-0.49920768260333204;-0.24710536429033883;-0.030729254193150108;-0.48521256726432327;-0.4361122207682917;6.5701344481423405;-0.40599897147057507;-0.18749999999999997;0.0
Cc1ncccc1C(=O)N1C[C@@H](Oc2ccccc2)C[C@H]1C(=O)N1CCOCC1;-0.8524813040720981;2.5144466020952234;-0.16957679805484424;1.6258289027286723;1.8575457789263279;-0.9731903819644286;-0.6209838283181613;-0.49920768260333204;-0.24710536429033883;-0.030729254193150108;-0.48521256726432327;-0.4361122207682917;-0.15220388682955227;-0.40599897147057507;-0.18749999999999997;0.0
Cc1ncccc1C(=O)NCCN(C1CCOCC1)S(C)(=O)=O;1.5206311184773997;0.9626792673999394;-0.16957679805484424;-0.3851146642402806;0.728183504088674;-0.9731903819644286;-0.6209838283181613;-0.49920768260333204;-0.24710536429033883;-0.030729254193150108;2.060952389667274;2.536742788970546;6.5701344481423405;-0.40599897147057507;-0.18749999999999997;0.0
Cc1ncccc1C(=O)NCc1cn2c(n1)C(=O)N(Cc1ccccc1)CC2;-0.8756764338965705;0.5700575084602941;-0.16957679805484424;-0.3851146642402806;1.8575457789263279;-0.4038847501309328;-0.6209838283181613;-0.49920768260333204;-0.24710536429033883;-0.030729254193150108;-0.48521256726432327;-0.4361122207682917;-0.15220388682955227;-0.40599897147057507;-0.18749999999999997;0.0
Cc1ncccc1C(=O)N[C@@H]1CN(c2ncccn2)C[C@H]1CO;-0.2868977339872869;-0.3389694755791694;-0.16957679805484424;1.6258289027286723;0.728183504088674;-0.9731903819644286;-0.6209838283181613;-0.49920768260333204;-0.24710536429033883;-0.030729254193150108;2.060952389667274;1.050315284101127;-0.15220388682955227;-0.40599897147057507;-0.18749999999999997;0.0
Cc1ncccc1C(=O)N[C@H]1Cc2cc(C(=O)NC(C)C)nn2C1;0.602185222885316;-0.5883469532823833;-0.16957679805484424;1.6258289027286723;2.9603532888446757;-0.9731903819644286;-0.6209838283181613;-0.49920768260333204;-0.24710536429033883;-0.030729254193150108;-0.48521256726432327;-0.4361122207682917;-0.15220388682955227;-0.40599897147057507;-0.18749999999999997;0.0
Cc1ncccc1NC(=O)c1ccc2c(c1)CC[C@@H]1C[C@@](OP(=O)(O)O)(C(F)(F)F)CC[C@@]21Cc1ccccc1;0.5732579071896183;0.25236384479619267;-0.16957679805484424;-0.3851146642402806;1.793760678526687;0.7347265135360589;-0.6209838283181613;-0.49920768260333204;-0.24710536429033883;-0.030729254193150108;-0.48521256726432327;-0.4361122207682917;-0.15220388682955227;-0.40599897147057507;-0.18749999999999997;0.0
Cc1ncccc1O;2.45374619350589;0.06743189128518064;-0.16957679805484424;-0.3851146642402806;-0.40117877074897995;-1.5424960137979244;-0.6209838283181613;-0.49920768260333204;-0.24710536429033883;-0.030729254193150108;-0.48521256726432327;-0.4361122207682917;-0.15220388682955227;-0.40599897147057507;-0.18749999999999997;0.0
Cc1nccn1-c1c2c(c(C#N)c3nc4ccccc4n13)CCCC2;-2.0576858605830215;-0.29158268585277064;-0.16957679805484424;-0.3851146642402806;0.5372165375242539;0.16542088170256303;-0.6209838283181613;-0.49920768260333204;-0.24710536429033883;-0.030729254193150108;-0.48521256726432327;-0.4361122207682917;-0.15220388682955227;-0.40599897147057507;-0.18749999999999997;1.0
Cc1nccn1-c1cc(N2CCC3(CC2)OCCO3)nc2ccnn12;-2.346214127210486;-0.7347334129844029;-0.16957679805484424;1.6258289027286723;-0.49937537543548566;-1.5424960137979244;-0.6209838283181613;-0.49920768260333204;-0.24710536429033883;-0.030729254193150108;-0.48521256726432327;-0.4361122207682917;-0.15220388682955227;-0.40599897147057507;-0.18749999999999997;1.0
Cc1nccn1-c1ccc(Sc2cccc(C3(C(N)=O)CCOCC3)c2)cc1;-0.7537532630292714;-1.1727636900555571;-0.16957679805484424;-0.3851146642402806;-0.4458020348823024;-0.9731903819644286;-0.6209838283181613;-0.49920768260333204;-0.24710536429033883;-0.030729254193150108;-0.48521256726432327;-0.4361122207682917;6.5701344481423405;-0.40599897147057507;-0.18749999999999997;0.0
Cc1nccn1C1CN(C(=O)NCc2ccc(F)cc2)C1;-0.2948863116063802;-0.1503234355135952;-0.16957679805484424;-0.3851146642402806;-1.5751643097199564;-0.9731903819644286;1.6103478937742153;0.364022567901614;-0.24710536429033883;-0.030729254193150108;-0.48521256726432327;-0.4361122207682917;-0.15220388682955227;-0.40599897147057507;-0.18749999999999997;1.0
Cc1nccn1C1CN(C(=O)Nc2ccccc2)C1;-0.8638754029332277;0.6079213948159347;-0.16957679805484424;-0.3851146642402806;-1.5751643097199564;-1.5424960137979244;-0.6209838283181613;-0.49920768260333204;-0.24710536429033883;-0.030729254193150108;-0.48521256726432327;-0.4361122207682917;-0.15220388682955227;-0.40599897147057507;-0.18749999999999997;1.0
Cc1nccn1C1CN(S(=O)(=O)c2ccc3c(c2)CCC3)C1;-0.9039538795862654;-0.384403205955334;-0.16957679805484424;-0.3851146642402806;-1.5751643097199564;-0.4038847501309328;-0.6209838283181613;-0.49920768260333204;-0.24710536429033883;-0.030729254193150108;-0.48521256726432327;-0.4361122207682917;-0.15220388682955227;-0.40599897147057507;-0.18749999999999997;1.0
Cc1nccn1CC(=O)N1CC(c2nncn2CC(C)C)C2(CCOCC2)C1;-0.374215568387447;-0.003909073839326444;-0.16957679805484424;1.6258289027286723;-0.4458020348823024;-1.5424960137979244;-0.6209838283181613;-0.49920768260333204;-0.24710536429033883;-0.030729254193150108;-0.48521256726432327;-0.4361122207682917;-0.15220388682955227;-0.40599897147057507;-0.18749999999999997;0.0
Cc1nccn1CC(=O)N1CCC(OC2CCN(Cc3ccccc3)CC2)CC1;-1.2189314920021435;0.5826113984550324;-0.16957679805484424;-0.3851146642402806;0.708380942051631;-0.9731903819644286;-0.6209838283181613;-0.49920768260333204;-0.24710536429033883;-0.030729254193150108;2.060952389667274;1.050315284101127;-0.15220388682955227;-0.40599897147057507;-0.18749999999999997;0.0
Cc1nccn1CC(=O)N1CCCC2(C1)Cn1nnc(CNC(=O)c3ccccc3)c1CO2;-1.1825873827944138;0.17119057076558017;-0.16957679805484424;-0.3851146642402806;0.6835602399553516;-0.9731903819644286;-0.6209838283181613;-0.49920768260333204;-0.24710536429033883;-0.030729254193150108;-0.48521256726432327;-0.4361122207682917;-0.15220388682955227;-0.40599897147057507;-0.18749999999999997;0.0
Cc1nccn1CC(=O)N1CCCC2(C1)Nc1ccccc1N=C2NCc1ccccc1;-1.5452944191624969;0.005814484430078851;-0.16957679805484424;-0.3851146642402806;-0.4458020348823024;-0.9731903819644286;-0.6209838283181613;-0.49920768260333204;-0.24710536429033883;-0.030729254193150108;-0.48521256726432327;-0.4361122207682917;-0.15220388682955227;-0.40599897147057507;-0.18749999999999997;1.0
Cc1nccn1CC(=O)N1CCCC2(CCOCC2)C1C(=O)N1CCCC1;-0.7741508776234364;1.2110432686790995;-0.16957679805484424;1.6258289027286723;0.6835602399553516;-1.5424960137979244;-0.6209838283181613;-0.49920768260333204;-0.24710536429033883;-0.030729254193150108;2.060952389667274;1.050315284101127;-0.15220388682955227;-0.40599897147057507;-0.18749999999999997;0.0
Cc1nccn1CC(=O)N1C[C@@H](CO)[C@H](N(C)C)C1;1.7038282956128101;0.7960225554376673;-0.16957679805484424;1.6258289027286723;-0.4458020348823024;-1.5424960137979244;-0.6209838283181613;-0.49920768260333204;-0.24710536429033883;-0.030729254193150108;2.060952389667274;1.050315284101127;-0.15220388682955227;-0.40599897147057507;-0.18749999999999997;0.0
Cc1nccn1CC(=O)N1C[C@@H](COCC2CC2)[C@H](c2ccncc2)C1;-1.336152317734658;0.17966358014883935;-0.16957679805484424;1.6258289027286723;0.728183504088674;-0.9731903819644286;-0.6209838283181613;-0.49920768260333204;-0.24710536429033883;-0.030729254193150108;2.060952389667274;1.050315284101127;-0.15220388682955227;-0.40599897147057507;-0.18749999999999997;0.0
Cc1nccn1CC(=O)NCC1CCN(c2cc(-c3ccc(Cl)cc3)n[nH]2)CC1;-0.8524813040721054;0.1284962857348752;-0.16957679805484424;-0.3851146642402806;0.7552020797225507;-0.9731903819644286;-0.6209838283181613;-0.49920768260333204;4.046856703705712;-0.030729254193150108;-0.48521256726432327;-0.4361122207682917;-0.15220388682955227;-0.40599897147057507;-0.18749999999999997;0.0
Cc1nccn1CC1CCc2c(c3ccccc3n2C)C1=O;-1.0591288243264656;1.3728473905645082;-0.16957679805484424;-0.3851146642402806;-0.4458020348823024;-0.4038847501309328;-0.6209838283181613;-0.49920768260333204;-0.24710536429033883;-0.030729254193150108;-0.48521256726432327;-0.4361122207682917;-0.15220388682955227;-0.40599897147057507;-0.18749999999999997;1.0
Cc1nccn1CCC(C(N)=O)(c1ccccc1)c1ccccc1;-0.14115903193376583;-0.7416961353026836;-0.16957679805484424;-0.3851146642402806;-0.4458020348823024;-0.4038847501309328;-0.6209838283181613;-0.49920768260333204;-0.24710536429033883;-0.030729254193150108;-0.48521256726432327;-0.4361122207682917;-0.15220388682955227;-0.40599897147057507;-0.18749999999999997;0.0
Cc1nccn1CCCNC(=O)C(=O)Nc1cc(Cl)cc(Cl)c1;1.3722029104650375;-0.13423266410350906;8.817993498851902;-0.3851146642402806;0.6835602399553516;-1.5424960137979244;-0.6209838283181613;-0.49920768260333204;-0.24710536429033883;-0.030729254193150108;-0.48521256726432327;-0.4361122207682917;-0.15220388682955227;-0.40599897147057507;5.333333333333333;0.0
Cc1nccn1CCCNC(=O)C(=O)Nc1ccc2c(c1)OCCO2;-0.2801873287872654;-0.30864097579681976;-0.16957679805484424;-0.3851146642402806;0.6835602399553516;-1.5424960137979244;-0.6209838283181613;-0.49920768260333204;-0.24710536429033883;-0.030729254193150108;2.060952389667274;1.050315284101127;-0.15220388682955227;-0.40599897147057507;-0.18749999999999997;0.0
Cc1nccn1CCCNC(=O)c1c(N)no[n+]1[O-];1.1445095877195968;0.44564026479932867;-0.16957679805484424;-0.3851146642402806;0.6445768157499753;-1.5424960137979244;-0.6209838283181613;-0.49920768260333204;-0.24710536429033883;-0.030729254193150108;-0.48521256726432327;-0.4361122207682917;-0.15220388682955227;-0.40599897147057507;-0.18749999999999997;0.0
Cc1nccn1CCN(C1CCN(C(=O)CCC(C)C)C1)S(C)(=O)=O;2.2329036514779546;-1.3967129011408084;-0.16957679805484424;1.6258289027286723;-0.4458020348823024;-1.5424960137979244;-0.6209838283181613;-0.49920768260333204;-0.24710536429033883;-0.030729254193150108;-0.48521256726432327;-0.4361122207682917;6.5701344481423405;-0.40599897147057507;-0.18749999999999997;0.0
Cc1nccn1CCN(C1CCN(C(=O)CCc2ccccc2)C1)S(C)(=O)=O;0.6090794091994535;-1.8736357557681422;-0.16957679805484424;1.6258289027286723;-0.4458020348823024;-0.9731903819644286;-0.6209838283181613;-0.49920768260333204;-0.24710536429033883;-0.030729254193150108;-0.48521256726432327;-0.4361122207682917;6.5701344481423405;-0.40599897147057507;-0.18749999999999997;0.0
Cc1nccn1CCN(C1CCN(C(=O)COc2ccc(F)cc2)C1)S(C)(=O)=O;0.9475262496058099;-1.143559409511934;-0.16957679805484424;1.6258289027286723;-0.4458020348823024;-1.5424960137979244;-0.6209838283181613;-0.49920768260333204;-0.24710536429033883;-0.030729254193150108;-0.48521256726432327;-0.4361122207682917;6.5701344481423405;-0.40599897147057507;-0.18749999999999997;0.0
Cc1nccn1CCN(C1CCN(C(=O)c2ccc(F)cn2)C1)S(C)(=O)=O;1.0327517250571276;-0.40871688050905125;-0.16957679805484424;1.6258289027286723;-0.4458020348823024;-1.5424960137979244;1.6103478937742153;0.364022567901614;-0.24710536429033883;-0.030729254193150108;-0.48521256726432327;-0.4361122207682917;6.5701344481423405;2.463060426921489;-0.18749999999999997;0.0
Cc1nccn1CCNC(=O)C1(C)COCc2nnc(C(C)C)n21;0.7444289222305055;-0.6068171766647559;-0.16957679805484424;-0.3851146642402806;0.6299868994021683;-1.5424960137979244;-0.6209838283181613;-0.49920768260333204;-0.24710536429033883;-0.030729254193150108;-0.48521256726432327;-0.4361122207682917;-0.15220388682955227;-0.40599897147057507;-0.18749999999999997;0.0
Cc1nccn1CCNC(=O)C1CCN(c2cnn(Cc3ccccc3)c(=O)c2)C1;-0.8308325162359259;-0.1185986263246985;-0.16957679805484424;1.6258289027286723;0.6835602399553516;-0.9731903819644286;-0.6209838283181613;-0.49920768260333204;-0.24710536429033883;-0.030729254193150108;-0.48521256726432327;-0.4361122207682917;-0.15220388682955227;-0.40599897147057507;-0.18749999999999997;0.0
Cc1nccn1Cc1nc(-c2ccccc2)no1;-1.4909816909286369;-0.014643378995468675;-0.16957679805484424;-0.3851146642402806;-1.5751643097199564;-0.9731903819644286;-0.6209838283181613;-0.49920768260333204;-0.24710536429033883;-0.030729254193150108;-0.48521256726432327;-0.4361122207682917;-0.15220388682955227;-0.40599897147057507;-0.18749999999999997;1.0
Cc1nccn1Cc1nc(-c2ccccc2Cl)no1;-0.8638754029332277;0.3652282657183823;-0.16957679805484424;-0.3851146642402806;-1.5751643097199564;-0.9731903819644286;-0.6209838283181613;-0.49920768260333204;-0.24710536429033883;-0.030729254193150108;-0.48521256726432327;-0.4361122207682917;-0.15220388682955227;-0.40599897147057507;-0.18749999999999997;1.0
Cc1ncn(-c2ccc(CNC(=O)C3CCCO3)cc2)c1C;-0.29071046421457947;-0.6544621717948056;-0.16957679805484424;1.6258289027286723;-0.4458020348823024;-0.9731903819644286;-0.6209838283181613;-0.49920768260333204;-0.24710536429033883;-0.030729254193150108;-0.48521256726432327;-0.4361122207682917;-0.15220388682955227;-0.40599897147057507;-0.18749999999999997;0.0
Cc1ncnc(C2CC2)c1-c1ncc2nc(NCc3ccc(S(C)(=O)=O)cn3)c(=O)n([C@@H](C)C3CC3)c2n1;-0.6595923565710027;0.8656116665207136;-0.16957679805484424;-0.3851146642402806;1.8039724383731446;-0.9731903819644286;-0.6209838283181613;-0.49920768260333204;-0.24710536429033883;-0.030729254193150108;-0.48521256726432327;-0.4361122207682917;-0.15220388682955227;-0.40599897147057507;-0.18749999999999997;0.0
Cc1ncnc2c1CCC(=O)N2CCN1CCCC1;-0.8638754029332277;-0.46243196054257435;-0.16957679805484424;1.6258289027286723;0.708380942051631;-0.9731903819644286;-0.6209838283181613;-0.49920768260333204;-0.24710536429033883;-0.030729254193150108;-0.48521256726432327;-0.4361122207682917;-0.15220388682955227;-0.40599897147057507;-0.18749999999999997;0.0
Cc1ncnc2c1CCC(=O)N2CCN1CCOCC1;-0.8308325162359043;-0.5420491308666079;-0.16957679805484424;-0.3851146642402806;1.8625639189855634;-0.9731903819644286;-0.6209838283181613;-0.49920768260333204;-0.24710536429033883;-0.030729254193150108;-0.48521256726432327;-0.4361122207682917;-0.15220388682955227;-0.40599897147057507;-0.18749999999999997;0.0
Cc1ncoc1-c1nnc(SCCCN2CC3CC3(c3ccc(C(F)(F)F)cc3F)C2)n1C;-0.11304146963689098;1.3190040127310094;-0.16957679805484424;1.6258289027286723;-1.5751643097199564;-0.4038847501309328;-0.6209838283181613;-0.49920768260333204;-0.24710536429033883;-0.030729254193150108;-0.48521256726432327;-0.4361122207682917;-0.15220388682955227;-0.40599897147057507;-0.18749999999999997;1.0
Cc1ncoc1C(=O)N(CCCN1CCCC1=O)C1CCOCC1;-0.2834027312789409;-0.7937027063132244;-0.16957679805484424;1.6258289027286723;0.6835602399553516;-1.5424960137979244;-0.6209838283181613;-0.49920768260333204;-0.24710536429033883;-0.030729254193150108;2.060952389667274;1.050315284101127;-0.15220388682955227;-0.40599897147057507;-0.18749999999999997;0.0
Cc1ncoc1C(=O)N1CC(CCC(=O)NC2CC2)C2(CCCCC2)C1;-0.7961175394940629;-1.1295751984504538;-0.16957679805484424;1.6258289027286723;0.6835602399553516;-1.5424960137979244;-0.6209838283181613;-0.49920768260333204;-0.24710536429033883;-0.030729254193150108;-0.48521256726432327;-0.4361122207682917;-0.15220388682955227;-0.40599897147057507;-0.18749999999999997;0.0
Cc1ncoc1C(=O)N1CC(N2CC(F)(F)C[C@H]2CN(C)C)C1;1.2476681414126078;1.766057782245463;-0.16957679805484424;1.6258289027286723;0.708380942051631;-1.5424960137979244;1.6103478937742153;1.22725281840656;-0.24710536429033883;-0.030729254193150108;-0.48521256726432327;-0.4361122207682917;-0.15220388682955227;-0.40599897147057507;-0.18749999999999997;0.0
Cc1ncoc1C(=O)N1CC(c2nc(C3CCN(S(C)(=O)=O)CC3)no2)C1;0.013038414967015756;0.3865551350234003;-0.16957679805484424;-0.3851146642402806;-0.4458020348823024;-1.5424960137979244;-0.6209838283181613;-0.49920768260333204;-0.24710536429033883;-0.030729254193150108;2.060952389667274;1.050315284101127;-0.15220388682955227;-0.40599897147057507;-0.18749999999999997;0.0
Cc1ncoc1C(=O)N1CC(n2cc(COc3ccc(F)cc3)nn2)C1;-0.9274194158126922;0.23157036660752164;-0.16957679805484424;-0.3851146642402806;-0.4458020348823024;-1.5424960137979244;-0.6209838283181613;-0.49920768260333204;-0.24710536429033883;-0.030729254193150108;-0.48521256726432327;-0.4361122207682917;-0.15220388682955227;-0.40599897147057507;-0.18749999999999997;0.0
Cc1ncoc1C(=O)N1CC2(C1)CN(S(C)(=O)=O)CC2c1nc(C2CC2)no1;-0.4765119858233707;-1.537837274363979;-0.16957679805484424;1.6258289027286723;-0.4458020348823024;-1.5424960137979244;-0.6209838283181613;-0.49920768260333204;-0.24710536429033883;-0.030729254193150108;2.060952389667274;2.536742788970546;-0.15220388682955227;-0.40599897147057507;-0.18749999999999997;0.0
Cc1ncoc1C(=O)N1CC2(CC(CC(=O)NCc3ccncc3)CO2)C1;-0.7741508776234364;-0.677713133274662;-0.16957679805484424;1.6258289027286723;1.8575457789263279;-0.9731903819644286;-0.6209838283181613;-0.49920768260333204;-0.24710536429033883;-0.030729254193150108;2.060952389667274;1.050315284101127;-0.15220388682955227;-0.40599897147057507;-0.18749999999999997;0.0
Cc1ncoc1C(=O)N1CC2(CC(c3nnc(C(C)C)o3)N(C)C2)C1;0.0303229016833341;-2.100186624982255;-0.16957679805484424;1.6258289027286723;0.708380942051631;-1.5424960137979244;-0.6209838283181613;-0.49920768260333204;-0.24710536429033883;-0.030729254193150108;-0.48521256726432327;-0.4361122207682917;-0.15220388682955227;-0.40599897147057507;-0.18749999999999997;0.0
Cc1ncoc1C(=O)N1CC2(CC(c3noc(-c4ccccn4)n3)N(C)C2)C1;-1.3575105459743113;-1.4515010248528757;-0.16957679805484424;1.6258289027286723;1.8823664810226073;-1.5424960137979244;-0.6209838283181613;-0.49920768260333204;-0.24710536429033883;-0.030729254193150108;-0.48521256726432327;-0.4361122207682917;-0.15220388682955227;-0.40599897147057507;-0.18749999999999997;0.0
Cc1ncoc1C(=O)N1CCC(CCc2noc(C3CC3)n2)C1;-1.4839524893104412;0.39423382646170624;-0.16957679805484424;1.6258289027286723;-0.4458020348823024;-1.5424960137979244;-0.6209838283181613;-0.49920768260333204;-0.24710536429033883;-0.030729254193150108;-0.48521256726432327;-0.4361122207682917;-0.15220388682955227;-0.40599897147057507;-0.18749999999999997;0.0
Cc1ncoc1C(=O)N1CCC(CCn2c(C)cnc2-c2ccncc2)CC1;-0.8756764338965705;0.5907968688678561;-0.16957679805484424;-0.3851146642402806;0.728183504088674;-0.9731903819644286;-0.6209838283181613;-0.49920768260333204;-0.24710536429033883;-0.030729254193150108;-0.48521256726432327;-0.4361122207682917;-0.15220388682955227;-0.40599897147057507;-0.18749999999999997;0.0
Cc1ncoc1C(=O)N1CCC(CN2CC(C(=O)N3CCCC3)CC2=O)CC1;-0.49613873925473884;1.1784352959519657;-0.16957679805484424;3.636772469697625;1.812922514793006;-1.5424960137979244;-0.6209838283181613;-0.49920768260333204;-0.24710536429033883;-0.030729254193150108;-0.48521256726432327;-0.4361122207682917;-0.15220388682955227;-0.40599897147057507;-0.18749999999999997;0.0
Cc1ncoc1C(=O)N1CCC(N2C(=O)C(O)C23CCCCC3)CC1;-0.39475931631550865;1.2685600526402492;-0.16957679805484424;-0.3851146642402806;0.6835602399553516;-1.5424960137979244;-0.6209838283181613;-0.49920768260333204;-0.24710536429033883;-0.030729254193150108;-0.48521256726432327;-0.4361122207682917;-0.15220388682955227;-0.40599897147057507;-0.18749999999999997;0.0
Cc1ncoc1C(=O)N1CCC(N2C(=O)N(C)CC23CCOCC3)CC1;-0.3873846375721043;2.012326305328147;-0.16957679805484424;1.6258289027286723;-0.4458020348823024;-1.5424960137979244;-0.6209838283181613;-0.49920768260333204;-0.24710536429033883;-0.030729254193150108;2.060952389667274;1.050315284101127;-0.15220388682955227;-0.40599897147057507;-0.18749999999999997;0.0
Cc1ncoc1C(=O)N1CCC(c2c3c(nn2-c2ccccn2)CCOC3)CC1;-1.801869558293911;0.8122381186201937;-0.16957679805484424;-0.3851146642402806;-0.4458020348823024;-0.9731903819644286;-0.6209838283181613;-0.49920768260333204;-0.24710536429033883;-0.030729254193150108;-0.48521256726432327;-0.4361122207682917;-0.15220388682955227;-0.40599897147057507;-0.18749999999999997;1.0
Cc1ncoc1C(=O)N1CCC(c2n[nH]c3c2CN(Cc2ccccc2)CC3)C1;-1.801869558293911;1.3709392482970266;-0.16957679805484424;1.6258289027286723;1.9093850566564836;-0.4038847501309328;-0.6209838283181613;-0.49920768260333204;-0.24710536429033883;-0.030729254193150108;-0.48521256726432327;-0.4361122207682917;-0.15220388682955227;-0.40599897147057507;-0.18749999999999997;0.0
Cc1ncoc1C(=O)N1CCC2(CC1)CC(N1CCN(CC(C)C)CC1)CCO2;-0.3683121925460484;0.8070416174272488;-0.16957679805484424;-0.3851146642402806;0.708380942051631;-1.5424960137979244;-0.6209838283181613;-0.49920768260333204;-0.24710536429033883;-0.030729254193150108;2.060952389667274;1.050315284101127;-0.15220388682955227;-0.40599897147057507;-0.18749999999999997;1.0
Cc1ncoc1C(=O)N1CCC2(CC1)CC(OCC(=O)N1CCCC1)CCO2;-0.7537532630292714;0.38588979143949165;-0.16957679805484424;1.6258289027286723;0.6835602399553516;-1.5424960137979244;-0.6209838283181613;-0.49920768260333204;-0.24710536429033883;-0.030729254193150108;2.060952389667274;1.050315284101127;-0.15220388682955227;-0.40599897147057507;-0.18749999999999997;0.0
Cc1ncoc1C(=O)N1CCC2(CC1)N[C@H](C(=O)NCC(C)C)Cc1[nH]cnc12;-0.001862004616003085;1.050459242877852;-0.16957679805484424;-0.3851146642402806;1.9359398215757906;-1.5424960137979244;-0.6209838283181613;-0.49920768260333204;-0.24710536429033883;-0.030729254193150108;-0.48521256726432327;-0.4361122207682917;-0.15220388682955227;-0.40599897147057507;-0.18749999999999997;1.0
Cc1ncoc1C(=O)N1CCC2(CCc3nnc(C(C)C)n3CC2)CC1;-0.3873846375721043;0.3027887343151897;-0.16957679805484424;-0.3851146642402806;-0.4458020348823024;-1.5424960137979244;-0.6209838283181613;-0.49920768260333204;-0.24710536429033883;-0.030729254193150108;-0.48521256726432327;-0.4361122207682917;-0.15220388682955227;-0.40599897147057507;-0.18749999999999997;0.0
Cc1ncoc1C(=O)N1CCCC1CCc1noc(C2CC2)n1;-1.4839524893104412;1.2060821349481061;-0.16957679805484424;1.6258289027286723;-0.4458020348823024;-1.5424960137979244;-0.6209838283181613;-0.49920768260333204;-0.24710536429033883;-0.030729254193150108;-0.48521256726432327;-0.4361122207682917;-0.15220388682955227;-0.40599897147057507;-0.18749999999999997;0.0
Cc1ncoc1C(=O)N1CCCCCCn2c(nnc2-c2ccc(F)cc2)CC1;-0.8524813040720981;0.17575768588531512;-0.16957679805484424;-0.3851146642402806;-0.4458020348823024;-0.9731903819644286;1.6103478937742153;1.22725281840656;-0.24710536429033883;-0.030729254193150108;-0.48521256726432327;-0.4361122207682917;-0.15220388682955227;-0.40599897147057507;-0.18749999999999997;0.0
Cc1ncoc1C(=O)N1CCN(c2ccc(C#N)c(C(F)(F)F)c2)CC1C(=O)NC1CC1;0.6434706174724192;1.7469134227627474;-0.16957679805484424;-0.3851146642402806;0.6835602399553516;-0.4038847501309328;-0.6209838283181613;-0.49920768260333204;-0.24710536429033883;-0.030729254193150108;2.060952389667274;1.050315284101127;-0.15220388682955227;-0.40599897147057507;-0.18749999999999997;0.0
Cc1ncoc1C(=O)N1CC[C@@H]2CN(Cc3cccnc3)[C@@H]2C1;-1.4839524893104412;0.38842761925975894;-0.16957679805484424;-0.3851146642402806;1.8823664810226073;-0.9731903819644286;-0.6209838283181613;-0.49920768260333204;-0.24710536429033883;-0.030729254193150108;-0.48521256726432327;-0.4361122207682917;-0.15220388682955227;-0.40599897147057507;-0.18749999999999997;0.0
Cc1ncoc1C(=O)N1CCc2c(C(N)=O)nc(-c3ccccc3)n2CC1;-0.5069950751905897;1.5064691201848461;-0.16957679805484424;-0.3851146642402806;0.6835602399553516;-0.9731903819644286;-0.6209838283181613;-0.49920768260333204;-0.24710536429033883;-0.030729254193150108;-0.48521256726432327;-0.4361122207682917;-0.15220388682955227;-0.40599897147057507;-0.18749999999999997;0.0
Cc1ncoc1C(=O)N1C[C@@H](CF)[C@H](c2nc(C3CC3)n[nH]2)C1;-1.0219066001812638;-0.8397270380955393;-0.16957679805484424;1.6258289027286723;1.7893726232728133;-1.5424960137979244;1.6103478937742153;0.364022567901614;-0.24710536429033883;-0.030729254193150108;-0.48521256726432327;-0.4361122207682917;-0.15220388682955227;2.463060426921489;-0.18749999999999997;0.0
Cc1ncoc1C(=O)N1C[C@@H](F)C[C@H]1Cn1cc(C(=O)N(C)C)nn1;0.9950593252092628;1.5053725333709531;-0.16957679805484424;1.6258289027286723;0.6835602399553516;-1.5424960137979244;1.6103478937742153;0.364022567901614;-0.24710536429033883;-0.030729254193150108;-0.48521256726432327;-0.4361122207682917;-0.15220388682955227;2.463060426921489;-0.18749999999999997;0.0
Cc1ncoc1C(=O)N1C[C@H]2CCCC(=O)N(Cc3cccc(F)c3)[C@H]2C1;-0.5069950751905825;0.2572705630711481;-0.16957679805484424;1.6258289027286723;0.6835602399553516;-0.9731903819644286;-0.6209838283181613;-0.49920768260333204;-0.24710536429033883;-0.030729254193150108;-0.48521256726432327;-0.4361122207682917;-0.15220388682955227;-0.40599897147057507;-0.18749999999999997;0.0
Cc1ncoc1C(=O)N1Cc2c(C(=O)N3CCOCC3)nn(C)c2C1;-0.531313267686872;0.21464778375195628;-0.16957679805484424;1.6258289027286723;1.7863677498736987;-0.9731903819644286;-0.6209838283181613;-0.49920768260333204;-0.24710536429033883;-0.030729254193150108;-0.48521256726432327;-0.4361122207682917;-0.15220388682955227;-0.40599897147057507;-0.18749999999999997;0.0
Cc1ncoc1C(=O)N1Cc2cc(-c3cccnc3)ccc2OC[C@@H]1C;-0.9274194158126849;0.6748671229105085;-0.16957679805484424;-0.3851146642402806;0.728183504088674;0.16542088170256303;-0.6209838283181613;-0.49920768260333204;-0.24710536429033883;-0.030729254193150108;2.060952389667274;1.050315284101127;-0.15220388682955227;-0.40599897147057507;-0.18749999999999997;1.0
Cc1ncoc1C(=O)N1Cc2cc(CN(C3CC3)S(C)(=O)=O)ccc2OC[C@@H]1C;0.364588183314035;1.5625949212644128;-0.16957679805484424;-0.3851146642402806;-0.4458020348823024;-0.4038847501309328;-0.6209838283181613;-0.49920768260333204;-0.24710536429033883;-0.030729254193150108;2.060952389667274;1.050315284101127;-0.15220388682955227;-0.40599897147057507;-0.18749999999999997;1.0
Cc1ncoc1C(=O)NC(Cc1cnn(C)c1O)C(=O)NCc1ccccc1;0.48715623833212546;1.3472488592104133;-0.16957679805484424;-0.3851146642402806;0.6835602399553516;-0.4038847501309328;-0.6209838283181613;-0.49920768260333204;-0.24710536429033883;-0.030729254193150108;2.060952389667274;2.536742788970546;-0.15220388682955227;-0.40599897147057507;-0.18749999999999997;0.0
Cc1ncoc1C(=O)NCCN(C1CCOCC1)C1CCN(S(C)(=O)=O)C1;0.6391570787619014;0.030126556513337056;-0.16957679805484424;1.6258289027286723;0.708380942051631;-1.5424960137979244;-0.6209838283181613;-0.49920768260333204;-0.24710536429033883;-0.030729254193150108;-0.48521256726432327;-0.4361122207682917;-0.15220388682955227;-0.40599897147057507;-0.18749999999999997;0.0
Cc1ncoc1C(=O)N[C@@H]1CN(S(C)(=O)=O)C[C@H]1CN(C)C;2.5650747406322445;-0.59597036703784;-0.16957679805484424;1.6258289027286723;-0.4458020348823024;-1.5424960137979244;-0.6209838283181613;-0.49920768260333204;-0.24710536429033883;-0.030729254193150108;-0.48521256726432327;-0.4361122207682917;6.5701344481423405;-0.40599897147057507;-0.18749999999999997;0.0
Cc1ncsc1-c1ccc(CNC(=O)[C@@H]2C[C@@H](O)CN2C(=O)[C@@H](NC(=O)C2(C#N)CC2)C(C)(C)C)c(OCCOCCOCCOCCCCCCCl)c1;0.952216410659301;1.6756760596434144;-0.16957679805484424;1.6258289027286723;1.812922514793006;-0.4038847501309328;-0.6209838283181613;-0.49920768260333204;-0.24710536429033883;-0.030729254193150108;2.060952389667274;4.023170293839964;-0.15220388682955227;-0.40599897147057507;-0.18749999999999997;0.0
Cc1ncsc1-c1ccc(CNC(=O)[C@@H]2C[C@@H](O)CN2C(=O)[C@@H](NC(=O)COCCOc2ccc(-c3cc(Nc4ccc(OC(F)(F)F)cc4)ncn3)cc2)C(C)(C)C)cc1;0.4395936081597005;0.17860492494876962;-0.16957679805484424;1.6258289027286723;1.812922514793006;0.16542088170256303;-0.6209838283181613;-0.49920768260333204;-0.24710536429033883;-0.030729254193150108;2.060952389667274;2.536742788970546;-0.15220388682955227;-0.40599897147057507;-0.18749999999999997;0.0
Cc1ncsc1-c1ccc([C@H](C)NC(=O)[C@@H]2C[C@@H](O)CN2C(=O)[C@@H](NC(=O)CCC(=O)NC(c2cccnc2)c2cc3ccccc3o2)C(C)(C)C)cc1;0.2628783249332472;0.8569043912388004;-0.16957679805484424;1.6258289027286723;4.116270328601636;0.7347265135360589;-0.6209838283181613;-0.49920768260333204;-0.24710536429033883;-0.030729254193150108;-0.48521256726432327;-0.4361122207682917;-0.15220388682955227;-0.40599897147057507;-0.18749999999999997;0.0
Cc1ncsc1-c1ccc([C@H](C)NC(=O)[C@@H]2C[C@@H](O)CN2C(=O)[C@@H](NC(=O)CCCCCCCCCCNCCCONC(=O)c2ccc(F)c(F)c2Nc2ccc(I)cc2F)C(C)(C)C)cc1;1.040685410337099;2.985060018080777;-0.16957679805484424;1.6258289027286723;4.08178790284202;0.16542088170256303;1.6103478937742153;0.364022567901614;-0.24710536429033883;-0.030729254193150108;-0.48521256726432327;-0.4361122207682917;-0.15220388682955227;2.463060426921489;-0.18749999999999997;0.0
Cc1ncsc1-c1ccc([C@H](C)NC(=O)[C@@H]2C[C@@H](O)CN2C(=O)[C@@H](NC(=O)CCOCCOCCNc2nccc(-c3sc(C(C)(C)C)nc3-c3cccc(NS(=O)(=O)c4c(F)cccc4F)c3F)n2)C(C)(C)C)cc1;0.9742226661129829;0.878604598911094;-0.16957679805484424;1.6258289027286723;2.9252208646386806;0.16542088170256303;1.6103478937742153;0.364022567901614;-0.24710536429033883;-0.030729254193150108;-0.48521256726432327;-0.4361122207682917;-0.15220388682955227;-0.40599897147057507;-0.18749999999999997;0.0
Cc1ncsc1C1N(C2CCN(C(=O)Cc3ccccc3)CC2)C(=O)C12CCCC2;-1.2805443541751569;2.184532051226375;-0.16957679805484424;-0.3851146642402806;0.6835602399553516;-0.9731903819644286;-0.6209838283181613;-0.49920768260333204;-0.24710536429033883;-0.030729254193150108;-0.48521256726432327;-0.4361122207682917;-0.15220388682955227;-0.40599897147057507;-0.18749999999999997;1.0
Cc1ncsc1CCCl;2.1585502087844763;0.06743189128518064;-0.16957679805484424;-0.3851146642402806;-1.5751643097199564;-1.5424960137979244;-0.6209838283181613;-0.49920768260333204;-0.24710536429033883;-0.030729254193150108;-0.48521256726432327;-0.4361122207682917;-0.15220388682955227;-0.40599897147057507;-0.18749999999999997;1.0
Cc1ncsc1CN(C)C1CCc2nn(C)c(=O)n2CC1;0.21116394791605234;0.9434199466820375;-0.16957679805484424;-0.3851146642402806;0.6548076014984474;-1.5424960137979244;-0.6209838283181613;-0.49920768260333204;-0.24710536429033883;-0.030729254193150108;-0.48521256726432327;-0.4361122207682917;-0.15220388682955227;-0.40599897147057507;-0.18749999999999997;1.0
Cc1ncsc1CN1CC(NS(C)(=O)=O)C(=O)NC2(CCCC2)C1;0.8866726215756806;-2.6479698213786773;-0.16957679805484424;-0.3851146642402806;0.708380942051631;-1.5424960137979244;-0.6209838283181613;-0.49920768260333204;-0.24710536429033883;-0.030729254193150108;-0.48521256726432327;-0.4361122207682917;-0.15220388682955227;-0.40599897147057507;-0.18749999999999997;0.0
Cc1ncsc1CN1CC(Oc2ccc(-c3noc(C4CC4)n3)cc2)C1;-2.395085370520527;0.9157726633382658;-0.16957679805484424;-0.3851146642402806;-0.4209813327860232;-0.9731903819644286;-0.6209838283181613;-0.49920768260333204;-0.24710536429033883;-0.030729254193150108;-0.48521256726432327;-0.4361122207682917;6.5701344481423405;-0.40599897147057507;-0.18749999999999997;1.0
Cc1ncsc1CN1CC(c2nc(C3CC3)n[nH]2)C2(CCCC2)C1;-2.435513979636461;-3.1065218600675806;-0.16957679805484424;1.6258289027286723;0.7800227818188298;-1.5424960137979244;-0.6209838283181613;-0.49920768260333204;-0.24710536429033883;-0.030729254193150108;-0.48521256726432327;-0.4361122207682917;-0.15220388682955227;-0.40599897147057507;-0.18749999999999997;0.0
Cc1ncsc1CN1CC(c2nc(C3CCN(S(C)(=O)=O)CC3)no2)C1;-0.3873846375721043;0.7424304162398182;-0.16957679805484424;-0.3851146642402806;-0.4209813327860232;-1.5424960137979244;-0.6209838283181613;-0.49920768260333204;-0.24710536429033883;-0.030729254193150108;-0.48521256726432327;-0.4361122207682917;-0.15220388682955227;-0.40599897147057507;-0.18749999999999997;0.0
Cc1ncsc1CN1CC(c2nc(CCN(C)C(=O)C3CC3)no2)C1;-0.956395485685722;0.7814933447555286;-0.16957679805484424;-0.3851146642402806;0.708380942051631;-1.5424960137979244;-0.6209838283181613;-0.49920768260333204;-0.24710536429033883;-0.030729254193150108;-0.48521256726432327;-0.4361122207682917;-0.15220388682955227;-0.40599897147057507;-0.18749999999999997;0.0
Cc1ncsc1CN1CC(c2nncn2C2CC2)C2(CCOCC2)C1;-2.346214127210486;-1.1622071642794698;-0.16957679805484424;1.6258289027286723;-0.4209813327860232;-1.5424960137979244;-0.6209838283181613;-0.49920768260333204;-0.24710536429033883;-0.030729254193150108;-0.48521256726432327;-0.4361122207682917;-0.15220388682955227;-0.40599897147057507;-0.18749999999999997;0.0
Cc1ncsc1CN1CC2(C1)C(CN1CCCCC1)CCS2(=O)=O;-0.7032988293577884;-2.650398329896578;-0.16957679805484424;1.6258289027286723;-0.4209813327860232;-1.5424960137979244;-0.6209838283181613;-0.49920768260333204;-0.24710536429033883;-0.030729254193150108;-0.48521256726432327;-0.4361122207682917;-0.15220388682955227;-0.40599897147057507;-0.18749999999999997;0.0
Cc1ncsc1CN1CC2(C1)OCc1nc(-c3ccccc3)ncc12;-2.346214127210486;-1.4202978157692492;-0.16957679805484424;1.6258289027286723;-0.4209813327860232;-0.4038847501309328;-0.6209838283181613;-0.49920768260333204;-0.24710536429033883;-0.030729254193150108;-0.48521256726432327;-0.4361122207682917;6.5701344481423405;-0.40599897147057507;-0.18749999999999997;0.0
Cc1ncsc1CN1CC2(CN(Cc3ccccc3)CC2c2nncn2C)C1;-1.7370482406161356;-0.7680131813412958;-0.16957679805484424;1.6258289027286723;0.7332016441479101;-0.9731903819644286;-0.6209838283181613;-0.49920768260333204;-0.24710536429033883;-0.030729254193150108;-0.48521256726432327;-0.4361122207682917;-0.15220388682955227;-0.40599897147057507;-0.18749999999999997;0.0
Cc1ncsc1CN1CCC(N(CCCN2CCOCC2)C(=O)C2CCC2)C1;-1.2552141285383949;0.9085577177334936;-0.16957679805484424;1.6258289027286723;1.8625639189855634;-1.5424960137979244;-0.6209838283181613;-0.49920768260333204;-0.24710536429033883;-0.030729254193150108;-0.48521256726432327;-0.4361122207682917;-0.15220388682955227;-0.40599897147057507;-0.18749999999999997;0.0
Cc1ncsc1CN1CCC(N2CC(OCC3CC3)C23CCCCC3)CC1;-2.1874588340087455;1.4014620675192238;-0.16957679805484424;-0.3851146642402806;0.7332016441479101;-1.5424960137979244;-0.6209838283181613;-0.49920768260333204;-0.24710536429033883;-0.030729254193150108;-0.48521256726432327;-0.4361122207682917;-0.15220388682955227;-0.40599897147057507;-0.18749999999999997;1.0
Cc1ncsc1CN1CCC(N2CC3(CCCCC3)C2c2ccncc2)CC1;-2.1165859352579672;2.6648481348729054;-0.16957679805484424;-0.3851146642402806;1.9071871831188865;-0.9731903819644286;-0.6209838283181613;-0.49920768260333204;-0.24710536429033883;-0.030729254193150108;-0.48521256726432327;-0.4361122207682917;-0.15220388682955227;-0.40599897147057507;-0.18749999999999997;1.0
Cc1ncsc1CN1CCC(OCCc2noc(C3CC3)n2)CC1;-1.8733741822124244;1.7055767547219796;-0.16957679805484424;-0.3851146642402806;-0.4209813327860232;-1.5424960137979244;-0.6209838283181613;-0.49920768260333204;-0.24710536429033883;-0.030729254193150108;-0.48521256726432327;-0.4361122207682917;-0.15220388682955227;-0.40599897147057507;-0.18749999999999997;1.0
Cc1ncsc1CN1CCC2(CC1)CC(OCC(=O)N1CCCC1)CCO2;-1.167745523918648;0.8768754266467608;-0.16957679805484424;1.6258289027286723;0.708380942051631;-1.5424960137979244;-0.6209838283181613;-0.49920768260333204;-0.24710536429033883;-0.030729254193150108;-0.48521256726432327;-0.4361122207682917;-0.15220388682955227;-0.40599897147057507;-0.18749999999999997;0.0
Cc1ncsc1CN1CCC2(CCC2n2cc(C(=O)N(C)C)nn2)CC1;-0.3873846375721043;0.16340959103217473;-0.16957679805484424;-0.3851146642402806;0.708380942051631;-1.5424960137979244;-0.6209838283181613;-0.49920768260333204;-0.24710536429033883;-0.030729254193150108;-0.48521256726432327;-0.4361122207682917;-0.15220388682955227;-0.40599897147057507;-0.18749999999999997;0.0
Cc1ncsc1CN1CCCC(COc2ccccc2C(=O)NC(C)C)C1;0.11912358860428872;-0.627401576127314;-0.16957679805484424;-0.3851146642402806;0.708380942051631;-0.9731903819644286;-0.6209838283181613;-0.49920768260333204;-0.24710536429033883;-0.030729254193150108;-0.48521256726432327;-0.4361122207682917;-0.15220388682955227;-0.40599897147057507;-0.18749999999999997;0.0
Cc1ncsc1CN1CCCC(F)(C(=O)N2CCCC2)C1;-0.13232208378330745;0.6992106084998018;-0.16957679805484424;1.6258289027286723;0.708380942051631;-1.5424960137979244;-0.6209838283181613;-0.49920768260333204;-0.24710536429033883;-0.030729254193150108;-0.48521256726432327;-0.4361122207682917;-0.15220388682955227;-0.40599897147057507;-0.18749999999999997;0.0
Cc1ncsc1CN1CCCC(F)(c2nc(-c3ccncc3)no2)C1;-1.2449237523131869;-0.03976891413138801;-0.16957679805484424;-0.3851146642402806;0.7530042061849531;-0.9731903819644286;-0.6209838283181613;-0.49920768260333204;-0.24710536429033883;-0.030729254193150108;-0.48521256726432327;-0.4361122207682917;-0.15220388682955227;-0.40599897147057507;-0.18749999999999997;1.0
Cc1ncsc1CN1CCCC(c2nnc(-c3ccc(F)cc3)[nH]2)C1;-1.3814777036845647;-0.41252950656802256;-0.16957679805484424;-0.3851146642402806;-0.4209813327860232;-0.9731903819644286;1.6103478937742153;1.22725281840656;-0.24710536429033883;-0.030729254193150108;-0.48521256726432327;-0.4361122207682917;-0.15220388682955227;-0.40599897147057507;-0.18749999999999997;1.0
Cc1ncsc1CN1CCCCC1CCn1cc(C(=O)N2CCOCC2)nn1;-1.2552141285383949;0.16223509566960287;-0.16957679805484424;-0.3851146642402806;1.8111884519699784;-1.5424960137979244;-0.6209838283181613;-0.49920768260333204;-0.24710536429033883;-0.030729254193150108;-0.48521256726432327;-0.4361122207682917;-0.15220388682955227;-0.40599897147057507;-0.18749999999999997;0.0
Cc1ncsc1CN1CCCCC1c1nc(CCOCC2CCCC2)no1;-1.687779014076268;0.9823481942700263;-0.16957679805484424;-0.3851146642402806;-0.4209813327860232;-1.5424960137979244;-0.6209838283181613;-0.49920768260333204;-0.24710536429033883;-0.030729254193150108;-0.48521256726432327;-0.4361122207682917;6.5701344481423405;-0.40599897147057507;-0.18749999999999997;1.0
Cc1ncsc1CN1CCCN(Cc2ccncc2)C(c2ccccc2)CC(=O)NCC1;-1.1236895710944619;2.0146810189809776;-0.16957679805484424;-0.3851146642402806;3.03654945795654;-0.4038847501309328;-0.6209838283181613;-0.49920768260333204;-0.24710536429033883;-0.030729254193150108;-0.48521256726432327;-0.4361122207682917;-0.15220388682955227;-0.40599897147057507;-0.18749999999999997;1.0
Cc1ncsc1CN1CCCN2C(=O)CN(Cc3ccccc3)C(=O)C2C1;-0.9005897214858086;1.2636572456955457;-0.16957679805484424;-0.3851146642402806;1.8377432168892844;-0.9731903819644286;-0.6209838283181613;-0.49920768260333204;-0.24710536429033883;-0.030729254193150108;-0.48521256726432327;-0.4361122207682917;-0.15220388682955227;-0.40599897147057507;-0.18749999999999997;0.0
Cc1ncsc1CN1CC[C@@]2(CO)CN(S(C)(=O)=O)C[C@H]2C1;0.9857353752631933;0.41531566697361955;-0.16957679805484424;1.6258289027286723;-0.4209813327860232;-1.5424960137979244;-0.6209838283181613;-0.49920768260333204;-0.24710536429033883;-0.030729254193150108;2.060952389667274;2.536742788970546;-0.15220388682955227;-0.40599897147057507;-0.18749999999999997;0.0
Cc1ncsc1CN1CC[C@H](CO)[C@H](NC(=O)c2cccnc2)C1;-0.2834027312789409;-0.6148629915347054;-0.16957679805484424;-0.3851146642402806;1.8823664810226073;-0.9731903819644286;-0.6209838283181613;-0.49920768260333204;-0.24710536429033883;-0.030729254193150108;2.060952389667274;1.050315284101127;-0.15220388682955227;-0.40599897147057507;-0.18749999999999997;1.0
Cc1ncsc1CN1CC[C@H]2NC(=O)CC[C@]2(C(=O)NCc2ccccc2)C1;-0.7537532630292714;-1.5736540534886012;-0.16957679805484424;-0.3851146642402806;1.8377432168892844;-0.9731903819644286;-0.6209838283181613;-0.49920768260333204;-0.24710536429033883;-0.030729254193150108;2.060952389667274;1.050315284101127;-0.15220388682955227;-0.40599897147057507;-0.18749999999999997;0.0
Cc1ncsc1CN1CCc2nn(Cc3ccccc3)c(=O)n2CC1;-1.3814777036845647;-0.1327597871786289;-0.16957679805484424;-0.3851146642402806;0.6548076014984474;-0.9731903819644286;-0.6209838283181613;-0.49920768260333204;-0.24710536429033883;-0.030729254193150108;-0.48521256726432327;-0.4361122207682917;-0.15220388682955227;-0.40599897147057507;-0.18749999999999997;1.0
Cc1ncsc1CN1C[C@@H](Oc2ccccc2)C[C@H]1C(N)=O;-0.29071046421457947;1.7870418028650523;-0.16957679805484424;1.6258289027286723;0.708380942051631;-1.5424960137979244;-0.6209838283181613;-0.49920768260333204;-0.24710536429033883;-0.030729254193150108;-0.48521256726432327;-0.4361122207682917;6.5701344481423405;-0.40599897147057507;-0.18749999999999997;0.0
Cc1nn(-c2cc(Cl)ccc2[N+](=O)[O-])c(=O)c2ccccc12;0.675385485782793;-0.3180417508536764;13.311778647305275;-0.3851146642402806;1.9366447060446763;-0.4038847501309328;-0.6209838283181613;-0.49920768260333204;-0.24710536429033883;-0.030729254193150108;2.060952389667274;2.536742788970546;-0.15220388682955227;-0.40599897147057507;5.333333333333333;0.0
Cc1nn(-c2cc(N(C)C)ncn2)c(C)c1CCC(=O)N1CCN(c2ccccc2)CC1;-0.12740312265967288;-2.745534289791382;-0.16957679805484424;-0.3851146642402806;-0.4458020348823024;-0.9731903819644286;-0.6209838283181613;-0.49920768260333204;-0.24710536429033883;-0.030729254193150108;-0.48521256726432327;-0.4361122207682917;-0.15220388682955227;-0.40599897147057507;-0.18749999999999997;1.0
Cc1nn(-c2cc(N(C)C)ncn2)c(C)c1CCC(=O)NCc1ccc(Cl)cc1;0.829807326009791;-0.9843855489696913;-0.16957679805484424;-0.3851146642402806;-0.4458020348823024;-0.4038847501309328;-0.6209838283181613;-0.49920768260333204;4.046856703705712;-0.030729254193150108;-0.48521256726432327;-0.4361122207682917;-0.15220388682955227;-0.40599897147057507;-0.18749999999999997;0.0
Cc1nn(-c2cc(N(C)C)ncn2)c(C)c1CCC(=O)NCc1ccc(N(C)C)cc1;1.1059816956864905;-0.3231942115059674;-0.16957679805484424;-0.3851146642402806;-0.4458020348823024;-0.4038847501309328;-0.6209838283181613;-0.49920768260333204;-0.24710536429033883;-0.030729254193150108;-0.48521256726432327;-0.4361122207682917;-0.15220388682955227;-0.40599897147057507;-0.18749999999999997;0.0
Cc1nn(-c2cc(N(C)C)ncn2)c(C)c1CCC(=O)NCc1cccs1;0.5127182348995003;-0.634449512478839;-0.16957679805484424;-0.3851146642402806;-0.4458020348823024;-0.9731903819644286;-0.6209838283181613;-0.49920768260333204;-0.24710536429033883;-0.030729254193150108;-0.48521256726432327;-0.4361122207682917;-0.15220388682955227;-0.40599897147057507;-0.18749999999999997;0.0
Cc1nn(-c2cc(N(C)C)ncn2)c(C)c1CCC(=O)Nc1cccc(Cl)c1;0.8666939329739644;-1.0291639086339628;4.3242083503985285;-0.3851146642402806;-0.4458020348823024;-0.9731903819644286;-0.6209838283181613;-0.49920768260333204;-0.24710536429033883;-0.030729254193150108;-0.48521256726432327;-0.4361122207682917;-0.15220388682955227;-0.40599897147057507;5.333333333333333;0.0
Cc1nn(-c2cc(N3CCCC3)ncn2)c(C)c1CCC(=O)NC1CCCC1;-0.8756764338965705;-0.3114142076019495;-0.16957679805484424;1.6258289027286723;-0.4458020348823024;-0.9731903819644286;-0.6209838283181613;-0.49920768260333204;-0.24710536429033883;-0.030729254193150108;-0.48521256726432327;-0.4361122207682917;-0.15220388682955227;-0.40599897147057507;-0.18749999999999997;0.0
Cc1nn(-c2cc(N3CCCC3)ncn2)c(C)c1CCC(=O)NC1CCCCCC1;-0.8308325162359331;-0.25068433918874516;-0.16957679805484424;1.6258289027286723;-0.4458020348823024;-0.9731903819644286;-0.6209838283181613;-0.49920768260333204;-0.24710536429033883;-0.030729254193150108;-0.48521256726432327;-0.4361122207682917;-0.15220388682955227;-0.40599897147057507;-0.18749999999999997;0.0
Cc1nn(-c2cc(N3CCCC3)ncn2)c(C)c1CCC(=O)NCc1ccc(Cl)cc1;-0.4677721840675391;-0.282099905541289;-0.16957679805484424;1.6258289027286723;-0.4458020348823024;-0.4038847501309328;-0.6209838283181613;-0.49920768260333204;4.046856703705712;-0.030729254193150108;-0.48521256726432327;-0.4361122207682917;-0.15220388682955227;-0.40599897147057507;-0.18749999999999997;0.0
Cc1nn(-c2cc(N3CCCC3)ncn2)c(C)c1CCC(=O)NCc1ccccc1;-0.8308325162359331;-0.35710908485430415;-0.16957679805484424;1.6258289027286723;-0.4458020348823024;-0.4038847501309328;-0.6209838283181613;-0.49920768260333204;-0.24710536429033883;-0.030729254193150108;-0.48521256726432327;-0.4361122207682917;-0.15220388682955227;-0.40599897147057507;-0.18749999999999997;0.0
Cc1nn(-c2cc(N3CCCC3)ncn2)c(C)c1CCC(=O)NCc1ccco1;-0.8524813040721054;-0.5937918887239595;-0.16957679805484424;1.6258289027286723;-0.4458020348823024;-0.9731903819644286;-0.6209838283181613;-0.49920768260333204;-0.24710536429033883;-0.030729254193150108;-0.48521256726432327;-0.4361122207682917;-0.15220388682955227;-0.40599897147057507;-0.18749999999999997;0.0
Cc1nn(-c2cc(N3CCCC3)ncn2)c(C)c1CCC(=O)NCc1cccs1;-0.8524813040721054;0.06459896361791857;-0.16957679805484424;1.6258289027286723;-0.4458020348823024;-0.9731903819644286;-0.6209838283181613;-0.49920768260333204;-0.24710536429033883;-0.030729254193150108;-0.48521256726432327;-0.4361122207682917;-0.15220388682955227;-0.40599897147057507;-0.18749999999999997;0.0
Cc1nn(-c2cc(N3CCCC3)ncn2)c(C)c1CCC(=O)Nc1ccc(C(C)C)cc1;-0.12740312265966564;-0.17948552336026302;-0.16957679805484424;1.6258289027286723;-0.4458020348823024;-0.4038847501309328;-0.6209838283181613;-0.49920768260333204;-0.24710536429033883;-0.030729254193150108;-0.48521256726432327;-0.4361122207682917;-0.15220388682955227;-0.40599897147057507;-0.18749999999999997;0.0
Cc1nn(-c2cc(N3CCCC3)ncn2)c(C)c1CCC(=O)Nc1ccc(F)cc1;-0.4765973345702188;-0.07272145016695393;-0.16957679805484424;1.6258289027286723;-0.4458020348823024;-0.9731903819644286;-0.6209838283181613;-0.49920768260333204;-0.24710536429033883;-0.030729254193150108;-0.48521256726432327;-0.4361122207682917;-0.15220388682955227;-0.40599897147057507;-0.18749999999999997;0.0
Cc1nn(-c2cc(N3CCCC3)ncn2)c(C)c1CCC(=O)Nc1cccc(F)c1;-0.4765973345702188;-0.072721450166954;-0.16957679805484424;1.6258289027286723;-0.4458020348823024;-0.9731903819644286;-0.6209838283181613;-0.49920768260333204;-0.24710536429033883;-0.030729254193150108;-0.48521256726432327;-0.4361122207682917;-0.15220388682955227;2.463060426921489;-0.18749999999999997;0.0
Cc1nn(-c2cc(N3CCCCC3)ncn2)c(C)c1CCC(=O)NC(C)c1ccccc1;-0.459498605471262;-0.22604441629371042;-0.16957679805484424;-0.3851146642402806;-0.4458020348823024;-0.4038847501309328;-0.6209838283181613;-0.49920768260333204;-0.24710536429033883;-0.030729254193150108;-0.48521256726432327;-0.4361122207682917;-0.15220388682955227;-0.40599897147057507;-0.18749999999999997;0.0
Cc1nn(-c2cc(N3CCCCC3)ncn2)c(C)c1CCC(=O)NCc1ccc(F)cc1;-0.459498605471262;-0.1339342546427217;-0.16957679805484424;-0.3851146642402806;-0.4458020348823024;-0.4038847501309328;1.6103478937742153;0.364022567901614;-0.24710536429033883;-0.030729254193150108;-0.48521256726432327;-0.4361122207682917;-0.15220388682955227;-0.40599897147057507;-0.18749999999999997;1.0
Cc1nn(-c2cc(N3CCCCC3)ncn2)c(C)c1CCC(=O)NCc1ccccc1;-0.8105804243891837;-0.1277347250988169;-0.16957679805484424;-0.3851146642402806;-0.4458020348823024;-0.4038847501309328;-0.6209838283181613;-0.49920768260333204;-0.24710536429033883;-0.030729254193150108;-0.48521256726432327;-0.4361122207682917;-0.15220388682955227;-0.40599897147057507;-0.18749999999999997;1.0
Cc1nn(-c2cc(N3CCCCC3)ncn2)c(C)c1CCC(=O)NCc1cccs1;-0.8308325162359259;0.30797668328219213;-0.16957679805484424;-0.3851146642402806;-0.4458020348823024;-0.9731903819644286;-0.6209838283181613;-0.49920768260333204;-0.24710536429033883;-0.030729254193150108;-0.48521256726432327;-0.4361122207682917;-0.15220388682955227;-0.40599897147057507;-0.18749999999999997;0.0
Cc1nn(-c2cc(N3CCCCC3)ncn2)c(C)c1CCC(=O)Nc1ccc(F)cc1;-0.4677721840675319;0.16610847496698425;-0.16957679805484424;-0.3851146642402806;-0.4458020348823024;-0.9731903819644286;-0.6209838283181613;-0.49920768260333204;-0.24710536429033883;-0.030729254193150108;-0.48521256726432327;-0.4361122207682917;-0.15220388682955227;-0.40599897147057507;-0.18749999999999997;0.0
Cc1nn(-c2cc(N3CCCCC3)ncn2)c(C)c1CCC(=O)Nc1ccc(F)cc1F;-0.12740312265965842;0.13291761541448693;-0.16957679805484424;-0.3851146642402806;-0.4458020348823024;-0.9731903819644286;-0.6209838283181613;-0.49920768260333204;-0.24710536429033883;-0.030729254193150108;-0.48521256726432327;-0.4361122207682917;-0.15220388682955227;-0.40599897147057507;-0.18749999999999997;0.0
Cc1nn(-c2cc(N3CCN(S(C)(=O)=O)CC3)ccc2[N+](=O)[O-])c(=O)c2ccccc12;0.670776691229174;-0.4257098467989408;-0.16957679805484424;-0.3851146642402806;1.9366447060446763;-0.4038847501309328;-0.6209838283181613;-0.49920768260333204;-0.24710536429033883;-0.030729254193150108;2.060952389667274;2.536742788970546;-0.15220388682955227;-0.40599897147057507;-0.18749999999999997;0.0
Cc1nn(-c2cc(N3CCOCC3)ccc2N)c(=O)c2ccccc12;-0.956395485685722;0.0972463923944091;-0.16957679805484424;-0.3851146642402806;-0.4458020348823024;-0.4038847501309328;-0.6209838283181613;-0.49920768260333204;-0.24710536429033883;-0.030729254193150108;-0.48521256726432327;-0.4361122207682917;-0.15220388682955227;-0.40599897147057507;-0.18749999999999997;1.0
Cc1nn(-c2cc(N3CCOCC3)ncn2)c(C)c1CCC(=O)NCc1ccc2c(c1)OCO2;-1.2541838260437284;-0.3893354767612622;-0.16957679805484424;1.6258289027286723;-0.4458020348823024;-0.4038847501309328;-0.6209838283181613;-0.49920768260333204;-0.24710536429033883;-0.030729254193150108;-0.48521256726432327;-0.4361122207682917;-0.15220388682955227;-0.40599897147057507;-0.18749999999999997;1.0
Cc1nn(-c2cc(N3CCOCC3)ncn2)c(C)c1CCC(=O)Nc1cccc(Cl)c1;-0.4677721840675319;-0.3759618651043543;4.3242083503985285;-0.3851146642402806;-0.4458020348823024;-0.9731903819644286;-0.6209838283181613;-0.49920768260333204;-0.24710536429033883;-0.030729254193150108;-0.48521256726432327;-0.4361122207682917;-0.15220388682955227;-0.40599897147057507;5.333333333333333;0.0
Cc1nn(-c2cc(N3CCOCC3)ncn2)c(C)c1CCC(=O)Nc1cccc(F)c1;-0.4677721840675319;-0.1087752465099911;-0.16957679805484424;-0.3851146642402806;-0.4458020348823024;-0.9731903819644286;-0.6209838283181613;-0.49920768260333204;-0.24710536429033883;-0.030729254193150108;-0.48521256726432327;-0.4361122207682917;-0.15220388682955227;2.463060426921489;-0.18749999999999997;0.0
Cc1nn(-c2ccc(-c3ccccc3)nn2)c(C)c1S(=O)(=O)N1CCN(C)CC1;-0.0018620046160103172;1.6643086403747742;-0.16957679805484424;-0.3851146642402806;-1.5751643097199564;-0.9731903819644286;-0.6209838283181613;-0.49920768260333204;-0.24710536429033883;-0.030729254193150108;-0.48521256726432327;-0.4361122207682917;-0.15220388682955227;-0.40599897147057507;-0.18749999999999997;1.0
Cc1nn(-c2ccc(-c3ccccc3)nn2)c(C)c1S(=O)(=O)N1CCN(C2CCCCC2)CC1;-0.8412160544479932;2.133527964504374;-0.16957679805484424;-0.3851146642402806;-0.4209813327860232;-0.9731903819644286;-0.6209838283181613;-0.49920768260333204;-0.24710536429033883;-0.030729254193150108;-0.48521256726432327;-0.4361122207682917;-0.15220388682955227;-0.40599897147057507;-0.18749999999999997;0.0
Cc1nn(-c2ccc(-c3ccccc3)nn2)c(C)c1S(=O)(=O)N1CCOCC1;-0.374215568387447;2.2487393875206307;-0.16957679805484424;-0.3851146642402806;-1.5751643097199564;-0.9731903819644286;-0.6209838283181613;-0.49920768260333204;-0.24710536429033883;-0.030729254193150108;-0.48521256726432327;-0.4361122207682917;-0.15220388682955227;-0.40599897147057507;-0.18749999999999997;1.0
Cc1nn(-c2ccc(-c3ccccc3)nn2)c(C)c1S(=O)(=O)Nc1ccc(N2CCOCC2)cc1;-0.822981814863383;0.239566693024939;-0.16957679805484424;-0.3851146642402806;-0.46286595987428214;-0.9731903819644286;-0.6209838283181613;-0.49920768260333204;-0.24710536429033883;-0.030729254193150108;-0.48521256726432327;-0.4361122207682917;-0.15220388682955227;-0.40599897147057507;-0.18749999999999997;0.0
Cc1nn(-c2ccc(-c3noc(C4CCCC4)n3)cc2)cc1C(=O)Nc1cc(F)ccc1F;-0.96400536262208;-0.01898078648957199;-0.16957679805484424;-0.3851146642402806;-0.4458020348823024;-0.4038847501309328;-0.6209838283181613;-0.49920768260333204;-0.24710536429033883;-0.030729254193150108;-0.48521256726432327;-0.4361122207682917;-0.15220388682955227;2.463060426921489;-0.18749999999999997;1.0
Cc1nn(-c2ccc(Br)cc2)c2c1C(C(=O)c1ccc(F)cc1)CC(=O)N2;-0.11340042889535644;1.4137400117702932;-0.16957679805484424;-0.3851146642402806;0.6835602399553516;-0.4038847501309328;-0.6209838283181613;-0.49920768260333204;-0.24710536429033883;32.54228019054596;-0.48521256726432327;-0.4361122207682917;-0.15220388682955227;2.463060426921489;-0.18749999999999997;1.0
Cc1nn(-c2ccc(Br)cc2)c2c1C(C(=O)c1ccc(O)cc1)CC(=O)N2;-0.11340042889535644;1.325111084986477;-0.16957679805484424;-0.3851146642402806;0.6835602399553516;-0.4038847501309328;-0.6209838283181613;-0.49920768260333204;-0.24710536429033883;32.54228019054596;2.060952389667274;1.050315284101127;-0.15220388682955227;-0.40599897147057507;-0.18749999999999997;1.0
Cc1nn(-c2ccc(Br)cc2)c2c1C(C(=O)c1ccc3ccccc3c1)CC(=O)N2;-1.0401041319855957;1.340119951091778;-0.16957679805484424;-0.3851146642402806;0.6835602399553516;0.7347265135360589;-0.6209838283181613;-0.49920768260333204;-0.24710536429033883;32.54228019054596;-0.48521256726432327;-0.4361122207682917;-0.15220388682955227;-0.40599897147057507;-0.18749999999999997;1.0
Cc1nn(-c2ccc(Br)cc2)c2c1C(C(=O)c1cccc3ccccc13)CC(=O)N2;-1.0401041319855957;0.7350387511688428;-0.16957679805484424;-0.3851146642402806;0.6835602399553516;0.7347265135360589;-0.6209838283181613;-0.49920768260333204;-0.24710536429033883;32.54228019054596;-0.48521256726432327;-0.4361122207682917;-0.15220388682955227;-0.40599897147057507;-0.18749999999999997;1.0
Cc1nn(-c2ccc(Br)cc2)c2c1C(C(=O)c1ccccc1)CC(=O)N2;-0.5186865138907191;1.4362235893854707;-0.16957679805484424;-0.3851146642402806;0.6835602399553516;-0.4038847501309328;-0.6209838283181613;-0.49920768260333204;-0.24710536429033883;32.54228019054596;-0.48521256726432327;-0.4361122207682917;-0.15220388682955227;-0.40599897147057507;-0.18749999999999997;0.0
Cc1nn(-c2ccc(C(=O)N3CCC4(CC3)OCCO4)cc2)c2c1C(=O)CC(C)(C)C2;-0.45004479387143875;1.3005784786897487;-0.16957679805484424;1.6258289027286723;0.6835602399553516;-0.4038847501309328;-0.6209838283181613;-0.49920768260333204;-0.24710536429033883;-0.030729254193150108;2.060952389667274;2.536742788970546;-0.15220388682955227;-0.40599897147057507;-0.18749999999999997;0.0
Cc1nn(-c2ccc(C(=O)N3CCCC3)cc2)c2c1C(=O)CC(C)(C)C2;0.02134826434988323;1.2472109017589528;-0.16957679805484424;1.6258289027286723;0.6835602399553516;-0.4038847501309328;-0.6209838283181613;-0.49920768260333204;-0.24710536429033883;-0.030729254193150108;-0.48521256726432327;-0.4361122207682917;-0.15220388682955227;-0.40599897147057507;-0.18749999999999997;0.0
Cc1nn(-c2ccc(C(=O)N3CCOCC3)cc2)c2c1C(=O)CC(C)(C)C2;0.013038414967037453;1.2250432564727962;-0.16957679805484424;-0.3851146642402806;0.6835602399553516;-0.4038847501309328;-0.6209838283181613;-0.49920768260333204;-0.24710536429033883;-0.030729254193150108;-0.48521256726432327;-0.4361122207682917;-0.15220388682955227;-0.40599897147057507;-0.18749999999999997;1.0
Cc1nn(-c2ccc(C(=O)NC3CCCc4ccccc43)cc2)c2c1C(=O)CCC2;-1.3943393136512956;-0.3010953750443149;-0.16957679805484424;-0.3851146642402806;0.6835602399553516;0.7347265135360589;-0.6209838283181613;-0.49920768260333204;-0.24710536429033883;-0.030729254193150108;-0.48521256726432327;-0.4361122207682917;-0.15220388682955227;-0.40599897147057507;-0.18749999999999997;1.0
Cc1nn(-c2ccc(C(=O)NCCCN3CCOCC3)cc2)c2c1C(=O)CC(C)(C)C2;-0.014839789414122334;0.9247440119446476;-0.16957679805484424;-0.3851146642402806;1.8377432168892844;-0.4038847501309328;-0.6209838283181613;-0.49920768260333204;-0.24710536429033883;-0.030729254193150108;-0.48521256726432327;-0.4361122207682917;-0.15220388682955227;-0.40599897147057507;-0.18749999999999997;1.0
Cc1nn(-c2ccc(C(=O)NCCN(C)C)cc2)c2c1C(=O)CCC2;0.56997710721042;-0.5558494310297875;-0.16957679805484424;-0.3851146642402806;0.6835602399553516;-0.4038847501309328;-0.6209838283181613;-0.49920768260333204;-0.24710536429033883;-0.030729254193150108;-0.48521256726432327;-0.4361122207682917;-0.15220388682955227;-0.40599897147057507;-0.18749999999999997;0.0
Cc1nn(-c2ccc(C(=O)NCCN3CCCCCC3)cc2)cc1NC(=O)C1CC1;-0.8308325162359187;0.7453946047349228;-0.16957679805484424;-0.3851146642402806;0.6835602399553516;-0.9731903819644286;-0.6209838283181613;-0.49920768260333204;-0.24710536429033883;-0.030729254193150108;-0.48521256726432327;-0.4361122207682917;-0.15220388682955227;-0.40599897147057507;-0.18749999999999997;0.0
Cc1nn(-c2ccc(C(=O)NCc3ccc(C(C)C)cc3)cn2)c(C)c1C;0.9063128811947481;0.8883917321989228;-0.16957679805484424;-0.3851146642402806;-0.4458020348823024;0.7347265135360589;-0.6209838283181613;-0.49920768260333204;-0.24710536429033883;-0.030729254193150108;-0.48521256726432327;-0.4361122207682917;-0.15220388682955227;-0.40599897147057507;-0.18749999999999997;0.0
Cc1nn(-c2ccc(C(=O)NCc3ccccc3)cc2)c2c1C(=O)CCC2;-0.9005897214858158;-0.027052198421377956;-0.16957679805484424;-0.3851146642402806;0.6835602399553516;0.16542088170256303;-0.6209838283181613;-0.49920768260333204;-0.24710536429033883;-0.030729254193150108;-0.48521256726432327;-0.4361122207682917;-0.15220388682955227;-0.40599897147057507;-0.18749999999999997;1.0
Cc1nn(-c2ccc(C(=O)O)cc2)c(=O)c2ccccc12;0.21116394791605234;0.14342348977629105;-0.16957679805484424;-0.3851146642402806;-0.4458020348823024;0.16542088170256303;-0.6209838283181613;-0.49920768260333204;-0.24710536429033883;-0.030729254193150108;-0.48521256726432327;-0.4361122207682917;-0.15220388682955227;-0.40599897147057507;-0.18749999999999997;1.0
Cc1nn(-c2ccc(C(N)=O)c(N[C@H]3CC[C@H](O)CC3)c2)c2c1C(=O)CC(C)(C)C2;0.6999031699030482;0.7294050762904764;-0.16957679805484424;-0.3851146642402806;0.6835602399553516;-0.4038847501309328;-0.6209838283181613;-0.49920768260333204;-0.24710536429033883;-0.030729254193150108;-0.48521256726432327;-0.4361122207682917;-0.15220388682955227;-0.40599897147057507;-0.18749999999999997;0.0
Cc1nn(-c2ccc(Cl)cc2)c(C)c1S(=O)(=O)N1CCC(N2CCCCC2)CC1;-0.0018620046160175495;1.3639291905142554;-0.16957679805484424;-0.3851146642402806;-1.5751643097199564;-1.5424960137979244;-0.6209838283181613;-0.49920768260333204;4.046856703705712;-0.030729254193150108;-0.48521256726432327;-0.4361122207682917;-0.15220388682955227;-0.40599897147057507;-0.18749999999999997;1.0
Cc1nn(-c2ccc(Cl)cc2)c(C)c1S(=O)(=O)N1CCC2(CC1)OCCO2;0.13947725882940964;1.6375409056289643;-0.16957679805484424;1.6258289027286723;-1.5751643097199564;-1.5424960137979244;-0.6209838283181613;-0.49920768260333204;4.046856703705712;-0.030729254193150108;2.060952389667274;5.509597798709383;-0.15220388682955227;-0.40599897147057507;-0.18749999999999997;1.0
Cc1nn(-c2ccc(Cl)cc2)c(C)c1S(=O)(=O)N1CCCC1;0.8305604305229932;1.9416552823167914;-0.16957679805484424;1.6258289027286723;-1.5751643097199564;-1.5424960137979244;-0.6209838283181613;-0.49920768260333204;4.046856703705712;-0.030729254193150108;-0.48521256726432327;-0.4361122207682917;-0.15220388682955227;-0.40599897147057507;-0.18749999999999997;0.0
Cc1nn(-c2ccc(Cl)cc2)c(C)c1S(=O)(=O)N1CCCCC1;0.7856222522834303;1.20693257760489;-0.16957679805484424;-0.3851146642402806;-1.5751643097199564;-1.5424960137979244;-0.6209838283181613;-0.49920768260333204;4.046856703705712;-0.030729254193150108;-0.48521256726432327;-0.4361122207682917;-0.15220388682955227;-0.40599897147057507;-0.18749999999999997;0.0
Cc1nn(-c2ccc(Cl)cc2)c(C)c1S(=O)(=O)N1CCCCC1C;1.187222899312634;2.543072239984457;-0.16957679805484424;-0.3851146642402806;-1.5751643097199564;-1.5424960137979244;-0.6209838283181613;-0.49920768260333204;4.046856703705712;-0.030729254193150108;-0.48521256726432327;-0.4361122207682917;-0.15220388682955227;-0.40599897147057507;-0.18749999999999997;0.0
Cc1nn(-c2ccc(Cl)cc2)c(C)c1S(=O)(=O)N1CCCCCC1;0.7444289222304911;0.48111148149791033;-0.16957679805484424;-0.3851146642402806;-1.5751643097199564;-1.5424960137979244;-0.6209838283181613;-0.49920768260333204;4.046856703705712;-0.030729254193150108;-0.48521256726432327;-0.4361122207682917;-0.15220388682955227;-0.40599897147057507;-0.18749999999999997;0.0
Cc1nn(-c2ccc(Cl)cc2)c(C)c1S(=O)(=O)N1CCCc2ccccc21;0.013038414967022988;0.42567889704117606;-0.16957679805484424;-0.3851146642402806;-0.5610625645607878;-0.9731903819644286;-0.6209838283181613;-0.49920768260333204;4.046856703705712;-0.030729254193150108;-0.48521256726432327;-0.4361122207682917;-0.15220388682955227;-0.40599897147057507;-0.18749999999999997;1.0
Cc1nn(-c2ccc(Cl)cc2)c(C)c1S(=O)(=O)N1CCN(c2ccccc2)CC1;-0.0018620046160175495;2.5252243015896707;-0.16957679805484424;-0.3851146642402806;-1.5751643097199564;-1.5424960137979244;-0.6209838283181613;-0.49920768260333204;4.046856703705712;-0.030729254193150108;-0.48521256726432327;-0.4361122207682917;-0.15220388682955227;-0.40599897147057507;-0.18749999999999997;1.0
Cc1nn(-c2ccc(Cl)cc2)c(C)c1S(=O)(=O)NCCCc1ccccc1;0.639157078761887;1.091622997828395;-0.16957679805484424;-0.3851146642402806;-1.5751643097199564;-0.9731903819644286;-0.6209838283181613;-0.49920768260333204;4.046856703705712;-0.030729254193150108;-0.48521256726432327;-0.4361122207682917;-0.15220388682955227;-0.40599897147057507;-0.18749999999999997;0.0
Cc1nn(-c2ccc(Cl)cc2)c(C)c1S(=O)(=O)NCCN(C)C;2.444722896735755;0.5804797322016045;-0.16957679805484424;-0.3851146642402806;-1.5751643097199564;-1.5424960137979244;-0.6209838283181613;-0.49920768260333204;4.046856703705712;-0.030729254193150108;-0.48521256726432327;-0.4361122207682917;-0.15220388682955227;-0.40599897147057507;-0.18749999999999997;0.0
Cc1nn(-c2ccc(Cl)cc2)c(C)c1S(=O)(=O)NCCc1cccs1;0.7065310585817979;1.870919200434813;-0.16957679805484424;-0.3851146642402806;-1.5751643097199564;-1.5424960137979244;-0.6209838283181613;-0.49920768260333204;4.046856703705712;-0.030729254193150108;-0.48521256726432327;-0.4361122207682917;6.5701344481423405;-0.40599897147057507;-0.18749999999999997;0.0
Cc1nn(-c2ccc(Cl)cc2)c(C)c1S(=O)(=O)NCc1ccccc1;0.7065310585817979;-0.40475129390310977;-0.16957679805484424;-0.3851146642402806;-1.5751643097199564;-0.9731903819644286;-0.6209838283181613;-0.49920768260333204;4.046856703705712;-0.030729254193150108;-0.48521256726432327;-0.4361122207682917;-0.15220388682955227;-0.40599897147057507;-0.18749999999999997;1.0
Cc1nn(-c2ccc(Cl)cc2)c(C)c1S(=O)(=O)Nc1ccc(Cl)cc1;1.131613276580648;1.5505405967873633;-0.16957679805484424;-0.3851146642402806;-0.46286595987428214;-1.5424960137979244;-0.6209838283181613;-0.49920768260333204;4.046856703705712;-0.030729254193150108;-0.48521256726432327;-0.4361122207682917;-0.15220388682955227;-0.40599897147057507;-0.18749999999999997;0.0
Cc1nn(-c2ccc(Cl)cc2)c(C)c1S(=O)(=O)Nc1ccccc1F;1.131613276580648;1.004572941170069;-0.16957679805484424;-0.3851146642402806;-0.46286595987428214;-1.5424960137979244;-0.6209838283181613;-0.49920768260333204;4.046856703705712;-0.030729254193150108;-0.48521256726432327;-0.4361122207682917;-0.15220388682955227;-0.40599897147057507;-0.18749999999999997;0.0
Cc1nn(-c2ccc(Cl)cc2)c(O)c1Cc1ccccc1;-0.2948863116063802;0.8822347658447984;-0.16957679805484424;-0.3851146642402806;-1.5751643097199564;-0.4038847501309328;-0.6209838283181613;-0.49920768260333204;4.046856703705712;-0.030729254193150108;-0.48521256726432327;-0.4361122207682917;-0.15220388682955227;-0.40599897147057507;-0.18749999999999997;1.0
Cc1nn(-c2ccc(Cl)cc2)c2c1C(C(=O)c1ccc3c(c1)OCCO3)CC(=O)N2;-1.040104131985603;0.9252517814167563;-0.16957679805484424;-0.3851146642402806;0.6835602399553516;-0.4038847501309328;-0.6209838283181613;-0.49920768260333204;4.046856703705712;-0.030729254193150108;2.060952389667274;1.050315284101127;-0.15220388682955227;-0.40599897147057507;-0.18749999999999997;1.0
Cc1nn(-c2ccc(Cl)cc2)c2c1C(C(=O)c1ccc3c(c1)OCO3)CC(=O)N2;-1.0689691824338277;0.9586185820854998;-0.16957679805484424;1.6258289027286723;0.6835602399553516;-0.4038847501309328;-0.6209838283181613;-0.49920768260333204;4.046856703705712;-0.030729254193150108;2.060952389667274;1.050315284101127;-0.15220388682955227;-0.40599897147057507;-0.18749999999999997;0.0
Cc1nn(-c2ccc(Cl)cc2)c2c1C(c1ccc(O)cc1)SCC(=O)N2;-0.5186865138907191;0.6855413322789783;-0.16957679805484424;-0.3851146642402806;-0.4458020348823024;-0.4038847501309328;-0.6209838283181613;-0.49920768260333204;4.046856703705712;-0.030729254193150108;-0.48521256726432327;-0.4361122207682917;6.5701344481423405;-0.40599897147057507;-0.18749999999999997;0.0
Cc1nn(-c2ccc(Cl)cc2)c2c1C(c1cccc(O)c1)SCC(=O)N2;-0.5186865138907191;0.9819902059073872;-0.16957679805484424;-0.3851146642402806;-0.4458020348823024;-0.4038847501309328;-0.6209838283181613;-0.49920768260333204;4.046856703705712;-0.030729254193150108;-0.48521256726432327;-0.4361122207682917;-0.15220388682955227;-0.40599897147057507;-0.18749999999999997;0.0
Cc1nn(-c2ccc(Cl)cc2)c2nc(-c3cccnc3)cc(C(F)(F)F)c12;0.013038414967044686;-0.21015478860591857;-0.16957679805484424;-0.3851146642402806;-0.40117877074897995;0.16542088170256303;-0.6209838283181613;-0.49920768260333204;4.046856703705712;-0.030729254193150108;-0.48521256726432327;-0.4361122207682917;-0.15220388682955227;-0.40599897147057507;-0.18749999999999997;1.0
Cc1nn(-c2ccc(Cl)cc2)c2nc(-c3ccncc3)cc(C(F)(F)F)c12;0.013038414967044686;0.5964945594176135;-0.16957679805484424;-0.3851146642402806;-0.40117877074897995;0.16542088170256303;-0.6209838283181613;-0.49920768260333204;4.046856703705712;-0.030729254193150108;-0.48521256726432327;-0.4361122207682917;-0.15220388682955227;-0.40599897147057507;-0.18749999999999997;1.0
Cc1nn(-c2ccc(Cl)cc2)c2nc(N3CCCC(C(=O)NCC(C)C)C3)sc12;-0.11958092821201476;2.2744220130893154;-0.16957679805484424;-0.3851146642402806;-0.4458020348823024;-1.5424960137979244;-0.6209838283181613;-0.49920768260333204;4.046856703705712;-0.030729254193150108;-0.48521256726432327;-0.4361122207682917;6.5701344481423405;-0.40599897147057507;-0.18749999999999997;0.0
Cc1nn(-c2ccc(Cl)cc2)c2sc(C(=O)O)cc12;0.2547620128532062;1.3913658850414161;-0.16957679805484424;-0.3851146642402806;-1.5751643097199564;-0.9731903819644286;-0.6209838283181613;-0.49920768260333204;4.046856703705712;-0.030729254193150108;-0.48521256726432327;-0.4361122207682917;-0.15220388682955227;-0.40599897147057507;-0.18749999999999997;1.0
Cc1nn(-c2ccc(Cl)cc2)cc1-c1noc(C(=O)N2CCCC2)n1;-0.956395485685722;0.256056038374854;-0.16957679805484424;1.6258289027286723;-0.4458020348823024;-0.9731903819644286;-0.6209838283181613;-0.49920768260333204;4.046856703705712;-0.030729254193150108;-0.48521256726432327;-0.4361122207682917;-0.15220388682955227;-0.40599897147057507;-0.18749999999999997;0.0
Cc1nn(-c2ccc(Cl)nn2)c2c1C(c1ccc(C#N)cc1)CC(=O)N2;-0.5186865138907191;0.7023463881783794;-0.16957679805484424;-0.3851146642402806;-0.4458020348823024;0.16542088170256303;-0.6209838283181613;-0.49920768260333204;4.046856703705712;-0.030729254193150108;-0.48521256726432327;-0.4361122207682917;-0.15220388682955227;-0.40599897147057507;-0.18749999999999997;1.0
Cc1nn(-c2ccc(Cl)nn2)c2c1C(c1ccc(O)cc1)CC(=O)N2;-0.5313132676868793;0.6519211159809729;-0.16957679805484424;-0.3851146642402806;-0.4458020348823024;-0.4038847501309328;-0.6209838283181613;-0.49920768260333204;4.046856703705712;-0.030729254193150108;-0.48521256726432327;-0.4361122207682917;-0.15220388682955227;-0.40599897147057507;-0.18749999999999997;0.0
Cc1nn(-c2ccc(Cl)nn2)c2c1C(c1ccc(OCC(N)=O)cc1)CC(=O)N2;-0.11958092821202199;0.7312015361150105;-0.16957679805484424;-0.3851146642402806;0.6835602399553516;-0.4038847501309328;-0.6209838283181613;-0.49920768260333204;4.046856703705712;-0.030729254193150108;-0.48521256726432327;-0.4361122207682917;-0.15220388682955227;-0.40599897147057507;-0.18749999999999997;1.0
Cc1nn(-c2ccc(Cl)nn2)c2c1C(c1ccccc1OCc1ccccc1Cl)CC(=O)N2;-0.9640053626220872;0.10323268672372873;-0.16957679805484424;-0.3851146642402806;-0.4458020348823024;0.16542088170256303;-0.6209838283181613;-0.49920768260333204;4.046856703705712;-0.030729254193150108;2.060952389667274;1.050315284101127;-0.15220388682955227;-0.40599897147057507;-0.18749999999999997;1.0
Cc1nn(-c2ccc(Cl)nn2)c2c1C(c1cccs1)CC(=O)N2;-1.0219066001812638;1.0323960382005224;-0.16957679805484424;-0.3851146642402806;-0.4458020348823024;-0.9731903819644286;-0.6209838283181613;-0.49920768260333204;4.046856703705712;-0.030729254193150108;-0.48521256726432327;-0.4361122207682917;-0.15220388682955227;-0.40599897147057507;-0.18749999999999997;0.0
Cc1nn(-c2ccc(Cl)nn2)c2c1C(c1ccsc1)CC(=O)N2;-1.0219066001812638;0.8443177196098034;-0.16957679805484424;-0.3851146642402806;-0.4458020348823024;-0.4038847501309328;-0.6209838283181613;-0.49920768260333204;4.046856703705712;-0.030729254193150108;-0.48521256726432327;-0.4361122207682917;6.5701344481423405;-0.40599897147057507;-0.18749999999999997;1.0
Cc1nn(-c2ccc(F)cc2)c(-n2cccc2)c1C(=O)N1CCOCC1;-0.9274194158126922;-0.4612271393709829;-0.16957679805484424;-0.3851146642402806;-0.4458020348823024;-0.9731903819644286;1.6103478937742153;0.364022567901614;-0.24710536429033883;-0.030729254193150108;-0.48521256726432327;-0.4361122207682917;-0.15220388682955227;-0.40599897147057507;-0.18749999999999997;1.0
Cc1nn(-c2ccc(F)cc2)c(-n2cccc2)c1C(=O)NCCC(C)C;0.5402465388951426;-0.8696287683798944;-0.16957679805484424;-0.3851146642402806;-0.4458020348823024;-0.9731903819644286;1.6103478937742153;0.364022567901614;-0.24710536429033883;-0.030729254193150108;-0.48521256726432327;-0.4361122207682917;-0.15220388682955227;-0.40599897147057507;-0.18749999999999997;0.0
Cc1nn(-c2ccc(F)cc2)c(-n2cccc2)c1C(=O)NCCCN(C)C1CCCCC1;-0.4594986054712692;0.4088546672179958;-0.16957679805484424;-0.3851146642402806;-0.4458020348823024;-0.9731903819644286;1.6103478937742153;0.364022567901614;-0.24710536429033883;-0.030729254193150108;-0.48521256726432327;-0.4361122207682917;-0.15220388682955227;-0.40599897147057507;-0.18749999999999997;0.0
Cc1nn(-c2ccc(F)cc2)c(C)c1S(=O)(=O)N1CC=C(c2ccccc2)CC1;-0.0018620046160175495;1.267507493229472;-0.16957679805484424;-0.3851146642402806;-1.5751643097199564;-0.9731903819644286;1.6103478937742153;0.364022567901614;-0.24710536429033883;-0.030729254193150108;-0.48521256726432327;-0.4361122207682917;-0.15220388682955227;-0.40599897147057507;-0.18749999999999997;1.0
Cc1nn(-c2ccc(F)cc2)c(C)c1S(=O)(=O)N1CCC(Cc2ccccc2)CC1;-0.008567193428380367;1.2159304689348507;-0.16957679805484424;-0.3851146642402806;-1.5751643097199564;-0.9731903819644286;1.6103478937742153;0.364022567901614;-0.24710536429033883;-0.030729254193150108;-0.48521256726432327;-0.4361122207682917;-0.15220388682955227;-0.40599897147057507;-0.18749999999999997;1.0
Cc1nn(-c2ccc(F)cc2)c(C)c1S(=O)(=O)N1CCC2(CC1)OCCO2;0.13947725882940964;0.978132370934836;-0.16957679805484424;1.6258289027286723;-1.5751643097199564;-1.5424960137979244;1.6103478937742153;0.364022567901614;-0.24710536429033883;-0.030729254193150108;2.060952389667274;5.509597798709383;-0.15220388682955227;-0.40599897147057507;-0.18749999999999997;1.0
Cc1nn(-c2ccc(F)cc2)c(C)c1S(=O)(=O)NC1CCCC1;0.7856222522834303;0.27838546562278577;-0.16957679805484424;-0.3851146642402806;-1.5751643097199564;-1.5424960137979244;1.6103478937742153;0.364022567901614;-0.24710536429033883;-0.030729254193150108;-0.48521256726432327;-0.4361122207682917;-0.15220388682955227;-0.40599897147057507;-0.18749999999999997;0.0
Cc1nn(-c2ccc(F)cc2)c(C)c1S(=O)(=O)NC1CCN(Cc2ccccc2)CC1;-0.014839789414136799;1.2344895834081981;-0.16957679805484424;-0.3851146642402806;-0.4209813327860232;-0.9731903819644286;1.6103478937742153;0.364022567901614;-0.24710536429033883;-0.030729254193150108;-0.48521256726432327;-0.4361122207682917;-0.15220388682955227;-0.40599897147057507;-0.18749999999999997;0.0
Cc1nn(-c2ccc(F)cc2)c(C)c1S(=O)(=O)NCc1cccs1;0.7444289222304911;-1.7988402760509896;-0.16957679805484424;-0.3851146642402806;-1.5751643097199564;-1.5424960137979244;1.6103478937742153;0.364022567901614;-0.24710536429033883;-0.030729254193150108;-0.48521256726432327;-0.4361122207682917;-0.15220388682955227;-0.40599897147057507;-0.18749999999999997;1.0
Cc1nn(-c2ccc(F)cc2)c(C)c1S(=O)(=O)Nc1ccc(F)cc1Cl;1.4890142190577107;-0.714426359600851;-0.16957679805484424;-0.3851146642402806;-0.46286595987428214;-1.5424960137979244;1.6103478937742153;0.364022567901614;-0.24710536429033883;-0.030729254193150108;-0.48521256726432327;-0.4361122207682917;-0.15220388682955227;-0.40599897147057507;-0.18749999999999997;1.0
Cc1nn(-c2ccc(F)cc2)c(C)c1S(=O)(=O)Nc1ccccc1;0.7444289222304911;0.40827630524463965;-0.16957679805484424;-0.3851146642402806;-0.46286595987428214;-1.5424960137979244;1.6103478937742153;0.364022567901614;-0.24710536429033883;-0.030729254193150108;-0.48521256726432327;-0.4361122207682917;-0.15220388682955227;-0.40599897147057507;-0.18749999999999997;0.0
Cc1nn(-c2ccc(F)cc2)c(C)c1S(=O)(=O)Nc1ccccc1F;1.131613276580648;0.47960907280842185;-0.16957679805484424;-0.3851146642402806;-0.46286595987428214;-1.5424960137979244;1.6103478937742153;0.364022567901614;-0.24710536429033883;-0.030729254193150108;-0.48521256726432327;-0.4361122207682917;-0.15220388682955227;-0.40599897147057507;-0.18749999999999997;1.0
Cc1nn(-c2ccc(F)cc2)c(Oc2ccccc2)c1CCC(=O)NCC1CCCO1;-0.8105804243891837;-0.7981357873008428;-0.16957679805484424;1.6258289027286723;-0.4458020348823024;-0.9731903819644286;1.6103478937742153;0.364022567901614;-0.24710536429033883;-0.030729254193150108;2.060952389667274;1.050315284101127;-0.15220388682955227;-0.40599897147057507;-0.18749999999999997;0.0
Cc1nn(-c2ccc(F)cc2)c2c1C(C(=O)c1ccc(Cl)s1)CC(=O)N2;-0.10995361196875324;0.8977260835858761;-0.16957679805484424;-0.3851146642402806;0.6835602399553516;-0.9731903819644286;1.6103478937742153;0.364022567901614;-0.24710536429033883;-0.030729254193150108;-0.48521256726432327;-0.4361122207682917;6.5701344481423405;-0.40599897147057507;-0.18749999999999997;1.0
Cc1nn(-c2ccc(F)cc2)c2c1C(C(=O)c1ccc3c(c1)OCCO3)CC(=O)N2;-1.040104131985603;0.28157074489609046;-0.16957679805484424;-0.3851146642402806;0.6835602399553516;-0.4038847501309328;1.6103478937742153;0.364022567901614;-0.24710536429033883;-0.030729254193150108;2.060952389667274;1.050315284101127;-0.15220388682955227;-0.40599897147057507;-0.18749999999999997;0.0
Cc1nn(-c2ccc(F)cc2)c2c1C(C(=O)c1ccc3c(c1)OCO3)CC(=O)N2;-1.0689691824338277;0.3011659807071193;-0.16957679805484424;1.6258289027286723;0.6835602399553516;-0.4038847501309328;1.6103478937742153;0.364022567901614;-0.24710536429033883;-0.030729254193150108;2.060952389667274;1.050315284101127;-0.15220388682955227;-0.40599897147057507;-0.18749999999999997;0.0
Cc1nn(-c2ccc(F)cc2)c2c1c(=O)c(C(=O)NCCC(C)C)cn2C;1.2999075274899743;-1.181526284087327;-0.16957679805484424;-0.3851146642402806;0.6835602399553516;-0.4038847501309328;1.6103478937742153;0.364022567901614;-0.24710536429033883;-0.030729254193150108;-0.48521256726432327;-0.4361122207682917;-0.15220388682955227;-0.40599897147057507;-0.18749999999999997;0.0
Cc1nn(-c2ccc(F)cc2)c2nc(C(C)C)cc(C(=O)O)c12;1.0992399334002456;-1.6450410383860485;-0.16957679805484424;-0.3851146642402806;-1.5751643097199564;-0.4038847501309328;1.6103478937742153;0.364022567901614;-0.24710536429033883;-0.030729254193150108;-0.48521256726432327;-0.4361122207682917;-0.15220388682955227;-0.40599897147057507;-0.18749999999999997;1.0
Cc1nn(-c2ccc(F)cc2)c2nc(C3CC3)nc(N3CCN(C(=O)C4CC4)CC3)c12;-1.901238741967332;-0.8568398168159189;-0.16957679805484424;-0.3851146642402806;-0.4458020348823024;-0.9731903819644286;1.6103478937742153;0.364022567901614;-0.24710536429033883;-0.030729254193150108;-0.48521256726432327;-0.4361122207682917;-0.15220388682955227;-0.40599897147057507;-0.18749999999999997;1.0
Cc1nn(-c2ccc(F)cc2)c2nc(N3CCC(NC(=O)C(C)(C)C)CC3)sc12;0.364588183314035;2.1887613206156113;-0.16957679805484424;-0.3851146642402806;-0.4458020348823024;-1.5424960137979244;1.6103478937742153;0.364022567901614;-0.24710536429033883;-0.030729254193150108;-0.48521256726432327;-0.4361122207682917;-0.15220388682955227;-0.40599897147057507;-0.18749999999999997;0.0
Cc1nn(-c2ccc(F)cc2)c2nc(N3CCC(NC(=O)C(C)C)CC3)sc12;-0.11660104461291448;1.264099941868873;-0.16957679805484424;-0.3851146642402806;-0.4458020348823024;-1.5424960137979244;1.6103478937742153;0.364022567901614;-0.24710536429033883;-0.030729254193150108;-0.48521256726432327;-0.4361122207682917;-0.15220388682955227;-0.40599897147057507;-0.18749999999999997;0.0
Cc1nn(-c2ccc(F)cc2)c2sc(C(=O)NC3CCCC3)cc12;-0.9877862280481674;-0.2427291618191432;-0.16957679805484424;-0.3851146642402806;-0.4458020348823024;-0.9731903819644286;1.6103478937742153;0.364022567901614;-0.24710536429033883;-0.030729254193150108;-0.48521256726432327;-0.4361122207682917;-0.15220388682955227;-0.40599897147057507;-0.18749999999999997;1.0
Cc1nn(-c2ccc(F)cc2)cc1-c1noc(C(=O)NCC2CCCO2)n1;-0.9005897214858158;0.3822021339999945;-0.16957679805484424;1.6258289027286723;-0.4458020348823024;-0.9731903819644286;1.6103478937742153;0.364022567901614;-0.24710536429033883;-0.030729254193150108;2.060952389667274;1.050315284101127;-0.15220388682955227;-0.40599897147057507;-0.18749999999999997;0.0
Cc1nn(-c2ccc(F)cc2)cc1-c1noc(C(=O)NCCC2=CCCCC2)n1;-0.8524813040721054;0.23081300888607262;-0.16957679805484424;-0.3851146642402806;-0.4458020348823024;-0.9731903819644286;1.6103478937742153;0.364022567901614;-0.24710536429033883;-0.030729254193150108;-0.48521256726432327;-0.4361122207682917;-0.15220388682955227;-0.40599897147057507;-0.18749999999999997;0.0
Cc1nn(-c2ccc(F)cc2F)c2c1-c1[nH]c(=O)c(C#N)cc1CC2;-0.10623104968803655;0.08428262141676532;-0.16957679805484424;-0.3851146642402806;-0.4458020348823024;0.16542088170256303;1.6103478937742153;0.364022567901614;-0.24710536429033883;-0.030729254193150108;-0.48521256726432327;-0.4361122207682917;-0.15220388682955227;-0.40599897147057507;-0.18749999999999997;0.0
Cc1nn(-c2ccc(F)cc2F)c2c1C(C(=O)c1cc3ccccc3o1)CC(=O)N2;-0.685868950319903;-0.18141551532218472;-0.16957679805484424;-0.3851146642402806;0.6835602399553516;-0.4038847501309328;1.6103478937742153;0.364022567901614;-0.24710536429033883;-0.030729254193150108;2.060952389667274;1.050315284101127;-0.15220388682955227;-0.40599897147057507;-0.18749999999999997;1.0
Cc1nn(-c2ccc(F)cc2F)c2c1C(C(=O)c1ccc(Cl)s1)CC(=O)N2;0.28019421739986966;0.9233226473207788;-0.16957679805484424;-0.3851146642402806;0.6835602399553516;-0.9731903819644286;1.6103478937742153;0.364022567901614;-0.24710536429033883;-0.030729254193150108;-0.48521256726432327;-0.4361122207682917;6.5701344481423405;-0.40599897147057507;-0.18749999999999997;1.0
Cc1nn(-c2ccc(F)cc2F)c2c1C(C(=O)c1ccc3c(c1)OCO3)CC(=O)N2;-0.685868950319903;0.31763959189052976;-0.16957679805484424;1.6258289027286723;0.6835602399553516;-0.4038847501309328;1.6103478937742153;0.364022567901614;-0.24710536429033883;-0.030729254193150108;2.060952389667274;1.050315284101127;-0.15220388682955227;-0.40599897147057507;-0.18749999999999997;0.0
Cc1nn(-c2ccc(F)cc2F)c2c1C(C(=O)c1cccs1)CC(=O)N2;-0.10995361196875324;0.885589800002882;-0.16957679805484424;-0.3851146642402806;0.6835602399553516;-0.9731903819644286;1.6103478937742153;0.364022567901614;-0.24710536429033883;-0.030729254193150108;-0.48521256726432327;-0.4361122207682917;6.5701344481423405;-0.40599897147057507;-0.18749999999999997;1.0
Cc1nn(-c2ccc(N3CCCC3)nn2)c(C)c1CCC(=O)N1CCN(C)CC1;-0.48603111614206007;-0.8933911600163145;-0.16957679805484424;1.6258289027286723;-0.4458020348823024;-0.9731903819644286;-0.6209838283181613;-0.49920768260333204;-0.24710536429033883;-0.030729254193150108;-0.48521256726432327;-0.4361122207682917;-0.15220388682955227;-0.40599897147057507;-0.18749999999999997;0.0
Cc1nn(-c2ccc(N3CCCC3)nn2)c(C)c1CCC(=O)NCCCN1CCOCC1;-0.7915940882828728;0.0755906695991582;-0.16957679805484424;1.6258289027286723;0.708380942051631;-0.9731903819644286;-0.6209838283181613;-0.49920768260333204;-0.24710536429033883;-0.030729254193150108;-0.48521256726432327;-0.4361122207682917;-0.15220388682955227;-0.40599897147057507;-0.18749999999999997;0.0
Cc1nn(-c2ccc(N3CCCC3)nn2)c(C)c1CCC(=O)NCCCc1ccccc1;-0.7915940882828728;0.18427092660303615;-0.16957679805484424;1.6258289027286723;-0.4458020348823024;-0.4038847501309328;-0.6209838283181613;-0.49920768260333204;-0.24710536429033883;-0.030729254193150108;-0.48521256726432327;-0.4361122207682917;-0.15220388682955227;-0.40599897147057507;-0.18749999999999997;0.0
Cc1nn(-c2ccc(N3CCCC3)nn2)c(C)c1CCC(=O)NCc1ccc2c(c1)OCO2;-1.2860373459545495;0.6018984299461431;-0.16957679805484424;3.636772469697625;-0.4458020348823024;-0.4038847501309328;-0.6209838283181613;-0.49920768260333204;-0.24710536429033883;-0.030729254193150108;-0.48521256726432327;-0.4361122207682917;-0.15220388682955227;-0.40599897147057507;-0.18749999999999997;1.0
Cc1nn(-c2ccc(N3CCCC3)nn2)c(C)c1CCC(=O)Nc1ccc(OC(F)(F)F)cc1;0.28111673444624696;0.8746670547108015;-0.16957679805484424;1.6258289027286723;-0.4458020348823024;-0.9731903819644286;-0.6209838283181613;-0.49920768260333204;-0.24710536429033883;-0.030729254193150108;-0.48521256726432327;-0.4361122207682917;-0.15220388682955227;-0.40599897147057507;-0.18749999999999997;1.0
Cc1nn(-c2ccc(N3CCCC3)nn2)c(C)c1CCC(=O)Nc1cccc(Br)c1;-0.4765973345702188;0.4710418332242499;-0.16957679805484424;1.6258289027286723;-0.4458020348823024;-0.9731903819644286;-0.6209838283181613;-0.49920768260333204;-0.24710536429033883;-0.030729254193150108;-0.48521256726432327;-0.4361122207682917;-0.15220388682955227;-0.40599897147057507;-0.18749999999999997;0.0
Cc1nn(-c2ccc(N3CCCC3)nn2)c(C)c1CCC(=O)Nc1cccc(F)c1;-0.4765973345702188;0.8790450916880489;-0.16957679805484424;1.6258289027286723;-0.4458020348823024;-0.9731903819644286;-0.6209838283181613;-0.49920768260333204;-0.24710536429033883;-0.030729254193150108;-0.48521256726432327;-0.4361122207682917;-0.15220388682955227;2.463060426921489;-0.18749999999999997;0.0
Cc1nn(-c2ccc(N3CCCCC3)nn2)c(C)c1CCC(=O)N1CCC(C)CC1;-0.4765973345702116;-0.6962419293263147;-0.16957679805484424;-0.3851146642402806;-0.4458020348823024;-0.9731903819644286;-0.6209838283181613;-0.49920768260333204;-0.24710536429033883;-0.030729254193150108;-0.48521256726432327;-0.4361122207682917;-0.15220388682955227;-0.40599897147057507;-0.18749999999999997;0.0
Cc1nn(-c2ccc(N3CCCCC3)nn2)c(C)c1CCC(=O)N1CCCCCC1;-0.8308325162359259;-0.4359100365274311;-0.16957679805484424;-0.3851146642402806;-0.4458020348823024;-0.9731903819644286;-0.6209838283181613;-0.49920768260333204;-0.24710536429033883;-0.030729254193150108;-0.48521256726432327;-0.4361122207682917;-0.15220388682955227;-0.40599897147057507;-0.18749999999999997;1.0
Cc1nn(-c2ccc(N3CCCCC3)nn2)c(C)c1CCC(=O)NC1CCCC1;-0.8524813040720981;0.5844601305771827;-0.16957679805484424;-0.3851146642402806;-0.4458020348823024;-0.9731903819644286;-0.6209838283181613;-0.49920768260333204;-0.24710536429033883;-0.030729254193150108;-0.48521256726432327;-0.4361122207682917;-0.15220388682955227;-0.40599897147057507;-0.18749999999999997;0.0
Cc1nn(-c2ccc(N3CCCCC3)nn2)c(C)c1CCC(=O)NC1CCCCC1;-0.8308325162359259;0.6106298230052571;-0.16957679805484424;-0.3851146642402806;-0.4458020348823024;-0.9731903819644286;-0.6209838283181613;-0.49920768260333204;-0.24710536429033883;-0.030729254193150108;-0.48521256726432327;-0.4361122207682917;-0.15220388682955227;-0.40599897147057507;-0.18749999999999997;0.0
Cc1nn(-c2ccc(N3CCCCC3)nn2)c(C)c1CCC(=O)NCCCc1ccccc1;-0.7737584392132946;0.15707142757678752;-0.16957679805484424;-0.3851146642402806;-0.4458020348823024;-0.4038847501309328;-0.6209838283181613;-0.49920768260333204;-0.24710536429033883;-0.030729254193150108;-0.48521256726432327;-0.4361122207682917;-0.15220388682955227;-0.40599897147057507;-0.18749999999999997;0.0
Cc1nn(-c2ccc(N3CCCCC3)nn2)c(C)c1CCC(=O)NCCSCc1ccco1;-0.7737584392132946;0.770270959224648;-0.16957679805484424;-0.3851146642402806;-0.4458020348823024;-0.9731903819644286;-0.6209838283181613;-0.49920768260333204;-0.24710536429033883;-0.030729254193150108;-0.48521256726432327;-0.4361122207682917;-0.15220388682955227;-0.40599897147057507;-0.18749999999999997;0.0
Cc1nn(-c2ccc(N3CCCCC3)nn2)c(C)c1CCC(=O)NCCc1ccco1;-0.8105804243891837;-0.04335983400419991;-0.16957679805484424;-0.3851146642402806;-0.4458020348823024;-0.9731903819644286;-0.6209838283181613;-0.49920768260333204;-0.24710536429033883;-0.030729254193150108;2.060952389667274;1.050315284101127;-0.15220388682955227;-0.40599897147057507;-0.18749999999999997;1.0
Cc1nn(-c2ccc(N3CCCCC3)nn2)c(C)c1CCC(=O)NCc1ccc2c(c1)OCO2;-1.2541838260437284;0.5742791638414071;-0.16957679805484424;1.6258289027286723;-0.4458020348823024;-0.4038847501309328;-0.6209838283181613;-0.49920768260333204;-0.24710536429033883;-0.030729254193150108;-0.48521256726432327;-0.4361122207682917;-0.15220388682955227;-0.40599897147057507;-0.18749999999999997;0.0
Cc1nn(-c2ccc(N3CCCCC3)nn2)c(C)c1CCC(=O)NCc1ccccc1;-0.8105804243891837;0.5642757858933873;-0.16957679805484424;-0.3851146642402806;-0.4458020348823024;-0.4038847501309328;-0.6209838283181613;-0.49920768260333204;-0.24710536429033883;-0.030729254193150108;-0.48521256726432327;-0.4361122207682917;-0.15220388682955227;-0.40599897147057507;-0.18749999999999997;0.0
Cc1nn(-c2ccc(N3CCCCC3)nn2)c(C)c1CCC(=O)NCc1ccco1;-0.8308325162359259;0.3203979696838061;-0.16957679805484424;-0.3851146642402806;-0.4458020348823024;-0.9731903819644286;-0.6209838283181613;-0.49920768260333204;-0.24710536429033883;-0.030729254193150108;-0.48521256726432327;-0.4361122207682917;-0.15220388682955227;-0.40599897147057507;-0.18749999999999997;0.0
Cc1nn(-c2ccc(N3CCCCC3)nn2)c(C)c1CCC(=O)Nc1ccc(F)c(F)c1;-0.12740312265965842;0.874396958285797;-0.16957679805484424;-0.3851146642402806;-0.4458020348823024;-0.9731903819644286;-0.6209838283181613;-0.49920768260333204;-0.24710536429033883;-0.030729254193150108;-0.48521256726432327;-0.4361122207682917;-0.15220388682955227;2.463060426921489;-0.18749999999999997;1.0
Cc1nn(-c2ccc(N3CCCCC3)nn2)c(C)c1CCC(=O)Nc1ccc2c(c1)OCO2;-1.2860373459545424;0.693419597442734;-0.16957679805484424;1.6258289027286723;-0.4458020348823024;-0.9731903819644286;-0.6209838283181613;-0.49920768260333204;-0.24710536429033883;-0.030729254193150108;2.060952389667274;1.050315284101127;-0.15220388682955227;-0.40599897147057507;-0.18749999999999997;1.0
Cc1nn(-c2ccc(N3CCCCC3)nn2)c(C)c1CCC(=O)Nc1cccc(Br)c1;-0.4677721840675319;0.47059700756465506;-0.16957679805484424;-0.3851146642402806;-0.4458020348823024;-0.9731903819644286;-0.6209838283181613;-0.49920768260333204;-0.24710536429033883;-0.030729254193150108;-0.48521256726432327;-0.4361122207682917;-0.15220388682955227;-0.40599897147057507;-0.18749999999999997;0.0
Cc1nn(-c2ccc(N3CCCCC3)nn2)c(C)c1CCC(=O)Nc1ccccc1;-0.8308325162359259;0.8439297598162209;-0.16957679805484424;-0.3851146642402806;-0.4458020348823024;-0.9731903819644286;-0.6209838283181613;-0.49920768260333204;-0.24710536429033883;-0.030729254193150108;-0.48521256726432327;-0.4361122207682917;-0.15220388682955227;-0.40599897147057507;-0.18749999999999997;0.0
Cc1nn(-c2ccc(N3CCCCC3)nn2)c(C)c1CCC(=O)Nc1ccccc1F;-0.4677721840675319;0.8102559707557603;-0.16957679805484424;-0.3851146642402806;-0.4458020348823024;-0.9731903819644286;-0.6209838283181613;-0.49920768260333204;-0.24710536429033883;-0.030729254193150108;-0.48521256726432327;-0.4361122207682917;-0.15220388682955227;-0.40599897147057507;-0.18749999999999997;0.0
Cc1nn(-c2ccc(N3CCOCC3)nn2)c(C)c1CCC(=O)N1CCC(Cc2ccccc2)CC1;-1.1957857062072443;-0.49251831709535226;-0.16957679805484424;-0.3851146642402806;-0.4458020348823024;-0.4038847501309328;-0.6209838283181613;-0.49920768260333204;-0.24710536429033883;-0.030729254193150108;-0.48521256726432327;-0.4361122207682917;-0.15220388682955227;-0.40599897147057507;-0.18749999999999997;1.0
Cc1nn(-c2ccc(N3CCOCC3)nn2)c(C)c1CCC(=O)N1CCCC1;-0.8756764338965632;-0.979502164164208;-0.16957679805484424;1.6258289027286723;-0.4458020348823024;-0.9731903819644286;-0.6209838283181613;-0.49920768260333204;-0.24710536429033883;-0.030729254193150108;-0.48521256726432327;-0.4361122207682917;-0.15220388682955227;-0.40599897147057507;-0.18749999999999997;0.0
Cc1nn(-c2ccc(N3CCOCC3)nn2)c(C)c1CCC(=O)N1CCCCCC1;-0.8308325162359259;-0.38910005828145106;-0.16957679805484424;-0.3851146642402806;-0.4458020348823024;-0.9731903819644286;-0.6209838283181613;-0.49920768260333204;-0.24710536429033883;-0.030729254193150108;-0.48521256726432327;-0.4361122207682917;-0.15220388682955227;-0.40599897147057507;-0.18749999999999997;1.0
Cc1nn(-c2ccc(N3CCOCC3)nn2)c(C)c1CCC(=O)N1CCN(C)CC1;-0.4765973345702116;-0.8700719962980661;-0.16957679805484424;-0.3851146642402806;-0.4458020348823024;-0.9731903819644286;-0.6209838283181613;-0.49920768260333204;-0.24710536429033883;-0.030729254193150108;-0.48521256726432327;-0.4361122207682917;-0.15220388682955227;-0.40599897147057507;-0.18749999999999997;0.0
Cc1nn(-c2ccc(N3CCOCC3)nn2)c(C)c1CCC(=O)NC1CCCCC1;-0.8308325162359259;0.6552350374518083;-0.16957679805484424;-0.3851146642402806;-0.4458020348823024;-0.9731903819644286;-0.6209838283181613;-0.49920768260333204;-0.24710536429033883;-0.030729254193150108;-0.48521256726432327;-0.4361122207682917;-0.15220388682955227;-0.40599897147057507;-0.18749999999999997;0.0
Cc1nn(-c2ccc(N3CCOCC3)nn2)c(C)c1CCC(=O)NCCC1=CCCCC1;-0.7915940882828656;-0.024320505254609697;-0.16957679805484424;-0.3851146642402806;-0.4458020348823024;-0.9731903819644286;-0.6209838283181613;-0.49920768260333204;-0.24710536429033883;-0.030729254193150108;-0.48521256726432327;-0.4361122207682917;-0.15220388682955227;-0.40599897147057507;-0.18749999999999997;1.0
Cc1nn(-c2ccc(N3CCOCC3)nn2)c(C)c1CCC(=O)NCCCc1ccco1;-0.7915940882828656;0.19087927767759685;-0.16957679805484424;-0.3851146642402806;-0.4458020348823024;-0.9731903819644286;-0.6209838283181613;-0.49920768260333204;-0.24710536429033883;-0.030729254193150108;-0.48521256726432327;-0.4361122207682917;-0.15220388682955227;-0.40599897147057507;-0.18749999999999997;0.0
Cc1nn(-c2ccc(N3CCOCC3)nn2)c(C)c1CCC(=O)NCCN1CCOCC1;-0.7915940882828656;-0.19699379968375513;-0.16957679805484424;-0.3851146642402806;0.708380942051631;-0.9731903819644286;-0.6209838283181613;-0.49920768260333204;-0.24710536429033883;-0.030729254193150108;-0.48521256726432327;-0.4361122207682917;-0.15220388682955227;-0.40599897147057507;-0.18749999999999997;1.0
Cc1nn(-c2ccc(N3CCOCC3)nn2)c(C)c1CCC(=O)NCc1ccccc1;-0.8105804243891837;0.599396901018913;-0.16957679805484424;-0.3851146642402806;-0.4458020348823024;-0.4038847501309328;-0.6209838283181613;-0.49920768260333204;-0.24710536429033883;-0.030729254193150108;-0.48521256726432327;-0.4361122207682917;-0.15220388682955227;-0.40599897147057507;-0.18749999999999997;0.0
Cc1nn(-c2ccc(N3CCOCC3)nn2)c(C)c1CCC(=O)NCc1ccccc1F;-0.459498605471262;0.6124075109363777;-0.16957679805484424;-0.3851146642402806;-0.4458020348823024;-0.4038847501309328;-0.6209838283181613;-0.49920768260333204;-0.24710536429033883;-0.030729254193150108;-0.48521256726432327;-0.4361122207682917;-0.15220388682955227;2.463060426921489;-0.18749999999999997;0.0
Cc1nn(-c2ccc(N3CCOCC3)nn2)c(C)c1CCC(=O)Nc1ccccc1;-0.8308325162359259;0.8772389910763204;-0.16957679805484424;-0.3851146642402806;-0.4458020348823024;-0.9731903819644286;-0.6209838283181613;-0.49920768260333204;-0.24710536429033883;-0.030729254193150108;-0.48521256726432327;-0.4361122207682917;-0.15220388682955227;-0.40599897147057507;-0.18749999999999997;0.0
Cc1nn(-c2ccc(N3CCOCC3)nn2)c(C)c1CCC(=O)Nc1ccccc1F;-0.4677721840675319;0.8441086020456241;-0.16957679805484424;-0.3851146642402806;-0.4458020348823024;-0.9731903819644286;-0.6209838283181613;-0.49920768260333204;-0.24710536429033883;-0.030729254193150108;-0.48521256726432327;-0.4361122207682917;-0.15220388682955227;-0.40599897147057507;-0.18749999999999997;0.0
Cc1nn(-c2ccc(N3CCOCC3)nn2)c(C)c1CCC(=O)Nc1cccnc1;-0.8308325162359259;0.641227187456302;-0.16957679805484424;-0.3851146642402806;0.728183504088674;-0.9731903819644286;-0.6209838283181613;-0.49920768260333204;-0.24710536429033883;-0.030729254193150108;-0.48521256726432327;-0.4361122207682917;-0.15220388682955227;-0.40599897147057507;-0.18749999999999997;0.0
Cc1nn(-c2ccc(NC(=O)c3cc(C4CC4)nc4c3cnn4C)cc2)c(C)c1Cl;-0.6858689503198814;1.7815969698405338;-0.16957679805484424;-0.3851146642402806;0.657005475036045;-0.4038847501309328;-0.6209838283181613;-0.49920768260333204;-0.24710536429033883;-0.030729254193150108;-0.48521256726432327;-0.4361122207682917;-0.15220388682955227;-0.40599897147057507;-0.18749999999999997;1.0
Cc1nn(-c2ccc(NC(=O)c3nc4ncccn4n3)cc2)c(C)c1Cl;-0.5186865138907191;0.41617304551569256;-0.16957679805484424;-0.3851146642402806;-0.4458020348823024;-1.5424960137979244;-0.6209838283181613;-0.49920768260333204;-0.24710536429033883;-0.030729254193150108;-0.48521256726432327;-0.4361122207682917;-0.15220388682955227;-0.40599897147057507;-0.18749999999999997;0.0
Cc1nn(-c2ccc([N+](=O)[O-])cc2)c(N)c1-c1ccccc1;0.19233751078410677;0.08875803376020161;-0.16957679805484424;-0.3851146642402806;0.807282431207023;-0.4038847501309328;-0.6209838283181613;-0.49920768260333204;-0.24710536429033883;-0.030729254193150108;-0.48521256726432327;-0.4361122207682917;-0.15220388682955227;-0.40599897147057507;-0.18749999999999997;1.0
Cc1nn(-c2ccc([N+](=O)[O-])cc2)c(O)c1[N+](=O)[O-];2.2631470035060235;0.15228332874419107;-0.16957679805484424;-0.3851146642402806;3.1897291721340024;-1.5424960137979244;-0.6209838283181613;-0.49920768260333204;-0.24710536429033883;-0.030729254193150108;-0.48521256726432327;-0.4361122207682917;-0.15220388682955227;-0.40599897147057507;-0.18749999999999997;0.0
Cc1nn(-c2ccc3nnc(C)n3n2)c(C)c1CCC(=O)N1CCC(Cc2ccccc2)CC1;-0.9416233716328248;-2.025237245081108;-0.16957679805484424;-0.3851146642402806;-0.4458020348823024;-0.4038847501309328;-0.6209838283181613;-0.49920768260333204;-0.24710536429033883;-0.030729254193150108;-0.48521256726432327;-0.4361122207682917;-0.15220388682955227;-0.40599897147057507;-0.18749999999999997;1.0
Cc1nn(-c2ccc3nnc(C)n3n2)c(C)c1CCC(=O)N1CCCCCC1;-0.4961387392547461;-1.9912981247838;-0.16957679805484424;-0.3851146642402806;-0.4458020348823024;-0.9731903819644286;-0.6209838283181613;-0.49920768260333204;-0.24710536429033883;-0.030729254193150108;-0.48521256726432327;-0.4361122207682917;-0.15220388682955227;-0.40599897147057507;-0.18749999999999997;0.0
Cc1nn(-c2ccc3nnc(C)n3n2)c(C)c1CCC(=O)NCCC(C)C;0.9063128811947336;-1.1856651702745993;-0.16957679805484424;-0.3851146642402806;-0.4458020348823024;-0.9731903819644286;-0.6209838283181613;-0.49920768260333204;-0.24710536429033883;-0.030729254193150108;-0.48521256726432327;-0.4361122207682917;-0.15220388682955227;-0.40599897147057507;-0.18749999999999997;0.0
Cc1nn(-c2ccc3nnc(C)n3n2)c(C)c1CCC(=O)NCCCc1ccccc1;-0.46777218406754634;-1.3228207345023675;-0.16957679805484424;-0.3851146642402806;-0.4458020348823024;-0.4038847501309328;-0.6209838283181613;-0.49920768260333204;-0.24710536429033883;-0.030729254193150108;-0.48521256726432327;-0.4361122207682917;-0.15220388682955227;-0.40599897147057507;-0.18749999999999997;0.0
Cc1nn(-c2ccc3nnc(C)n3n2)c(C)c1CCC(=O)NCc1ccccc1;-0.4860311161420673;-0.8877780107808637;-0.16957679805484424;-0.3851146642402806;-0.4458020348823024;-0.4038847501309328;-0.6209838283181613;-0.49920768260333204;-0.24710536429033883;-0.030729254193150108;-0.48521256726432327;-0.4361122207682917;-0.15220388682955227;-0.40599897147057507;-0.18749999999999997;0.0
Cc1nn(-c2ccc3nnc(C)n3n2)c2c1C(c1ccc(C(C)C)cc1)CC(=O)N2;-0.6858689503198958;-0.6320634355370204;-0.16957679805484424;-0.3851146642402806;-0.4458020348823024;0.16542088170256303;-0.6209838283181613;-0.49920768260333204;-0.24710536429033883;-0.030729254193150108;-0.48521256726432327;-0.4361122207682917;-0.15220388682955227;-0.40599897147057507;-0.18749999999999997;1.0
Cc1nn(-c2ccc3nnc(C)n3n2)c2c1C(c1ccc(Cl)cc1)CC(=O)N2;-1.0998960221997933;-0.23666016680579224;-0.16957679805484424;-0.3851146642402806;-0.4458020348823024;-0.4038847501309328;-0.6209838283181613;-0.49920768260333204;-0.24710536429033883;-0.030729254193150108;-0.48521256726432327;-0.4361122207682917;-0.15220388682955227;-0.40599897147057507;-0.18749999999999997;1.0
Cc1nn(-c2ccc3nnc(C)n3n2)c2c1C(c1ccc(OC3CCCC3)cc1)CC(=O)N2;-1.7983162526957974;0.0680337308752669;-0.16957679805484424;-0.3851146642402806;-0.4458020348823024;-0.4038847501309328;-0.6209838283181613;-0.49920768260333204;-0.24710536429033883;-0.030729254193150108;-0.48521256726432327;-0.4361122207682917;-0.15220388682955227;-0.40599897147057507;-0.18749999999999997;1.0
Cc1nn(-c2ccc3nnc(C)n3n2)c2c1C(c1ccc(OCC(N)=O)cc1)CC(=O)N2;-0.6556907452365855;-0.1602812247247211;-0.16957679805484424;-0.3851146642402806;0.6835602399553516;-0.4038847501309328;-0.6209838283181613;-0.49920768260333204;-0.24710536429033883;-0.030729254193150108;-0.48521256726432327;-0.4361122207682917;-0.15220388682955227;-0.40599897147057507;-0.18749999999999997;1.0
Cc1nn(-c2ccc3nnc(C)n3n2)c2c1C(c1cccc(F)c1F)CC(=O)N2;-0.7025189945037824;-0.18846432632832863;-0.16957679805484424;-0.3851146642402806;-0.4458020348823024;-0.4038847501309328;1.6103478937742153;2.090483068911506;-0.24710536429033883;-0.030729254193150108;-0.48521256726432327;-0.4361122207682917;-0.15220388682955227;2.463060426921489;-0.18749999999999997;1.0
Cc1nn(-c2ccc3nnc(C)n3n2)c2c1C(c1ccsc1)CC(=O)N2;-1.577619566676588;-0.053830035172629465;-0.16957679805484424;-0.3851146642402806;-0.4458020348823024;-0.4038847501309328;-0.6209838283181613;-0.49920768260333204;-0.24710536429033883;-0.030729254193150108;-0.48521256726432327;-0.4361122207682917;6.5701344481423405;-0.40599897147057507;-0.18749999999999997;1.0
Cc1nn(-c2ccc3nncn3n2)c(C)c1CCC(=O)NC1CCCC1;-0.9274194158126922;-0.21127869025715118;-0.16957679805484424;-0.3851146642402806;-0.4458020348823024;-0.9731903819644286;-0.6209838283181613;-0.49920768260333204;-0.24710536429033883;-0.030729254193150108;-0.48521256726432327;-0.4361122207682917;-0.15220388682955227;-0.40599897147057507;-0.18749999999999997;1.0
Cc1nn(-c2ccc3nncn3n2)c(C)c1CCC(=O)NC1CCCCC1;-0.9005897214858158;-0.18750235441200938;-0.16957679805484424;-0.3851146642402806;-0.4458020348823024;-0.9731903819644286;-0.6209838283181613;-0.49920768260333204;-0.24710536429033883;-0.030729254193150108;-0.48521256726432327;-0.4361122207682917;-0.15220388682955227;-0.40599897147057507;-0.18749999999999997;1.0
Cc1nn(-c2ccc3nncn3n2)c(C)c1CCC(=O)NCCC1=CCCCC1;-0.8524813040721054;-0.8424887171094436;-0.16957679805484424;-0.3851146642402806;-0.4458020348823024;-0.9731903819644286;-0.6209838283181613;-0.49920768260333204;-0.24710536429033883;-0.030729254193150108;-0.48521256726432327;-0.4361122207682917;-0.15220388682955227;-0.40599897147057507;-0.18749999999999997;0.0
Cc1nn(-c2ccc3nncn3n2)c(C)c1CCC(=O)NCc1ccc(F)cc1;-0.48603111614206007;-0.08239785695863325;-0.16957679805484424;-0.3851146642402806;-0.4458020348823024;-0.4038847501309328;1.6103478937742153;0.364022567901614;-0.24710536429033883;-0.030729254193150108;-0.48521256726432327;-0.4361122207682917;-0.15220388682955227;-0.40599897147057507;-0.18749999999999997;1.0
Cc1nn(-c2ccc3nncn3n2)c(C)c1CCC(=O)Nc1ccccc1;-0.9005897214858158;0.18583112416073078;-0.16957679805484424;-0.3851146642402806;-0.4458020348823024;-0.9731903819644286;-0.6209838283181613;-0.49920768260333204;-0.24710536429033883;-0.030729254193150108;-0.48521256726432327;-0.4361122207682917;-0.15220388682955227;-0.40599897147057507;-0.18749999999999997;0.0
Cc1nn(-c2ccc3nncn3n2)c2c1C(c1cc(F)cc(F)c1)CC(=O)N2;-1.0998960221997933;0.037199309592474875;-0.16957679805484424;-0.3851146642402806;-0.4458020348823024;-0.4038847501309328;-0.6209838283181613;-0.49920768260333204;-0.24710536429033883;-0.030729254193150108;-0.48521256726432327;-0.4361122207682917;-0.15220388682955227;-0.40599897147057507;-0.18749999999999997;1.0
Cc1nn(-c2ccc3nncn3n2)c2c1C(c1ccc(OCC(N)=O)cc1)CC(=O)N2;-1.013101342856606;-0.04087275797231475;-0.16957679805484424;-0.3851146642402806;0.6835602399553516;-0.4038847501309328;-0.6209838283181613;-0.49920768260333204;-0.24710536429033883;-0.030729254193150108;-0.48521256726432327;-0.4361122207682917;-0.15220388682955227;-0.40599897147057507;-0.18749999999999997;1.0
Cc1nn(-c2ccc3nncn3n2)c2c1C(c1cccc(O)c1)CC(=O)N2;-1.5267083852806727;-0.12723319809334863;-0.16957679805484424;-0.3851146642402806;-0.4458020348823024;-0.4038847501309328;-0.6209838283181613;-0.49920768260333204;-0.24710536429033883;-0.030729254193150108;-0.48521256726432327;-0.4361122207682917;-0.15220388682955227;-0.40599897147057507;-0.18749999999999997;1.0
Cc1nn(-c2ccc3nncn3n2)c2c1C(c1cccc(OC3CCCC3)c1)CC(=O)N2;-2.1802648162482945;-0.44796785572147296;-0.16957679805484424;-0.3851146642402806;-0.4458020348823024;-0.4038847501309328;-0.6209838283181613;-0.49920768260333204;-0.24710536429033883;-0.030729254193150108;-0.48521256726432327;-0.4361122207682917;-0.15220388682955227;-0.40599897147057507;-0.18749999999999997;1.0
Cc1nn(-c2ccc3nncn3n2)c2c1C(c1cccc(OCCc3ccccc3)c1)CC(=O)N2;-2.010786489340182;-0.3228310523329562;-0.16957679805484424;-0.3851146642402806;-0.4458020348823024;0.16542088170256303;-0.6209838283181613;-0.49920768260333204;-0.24710536429033883;-0.030729254193150108;-0.48521256726432327;-0.4361122207682917;-0.15220388682955227;-0.40599897147057507;-0.18749999999999997;1.0
Cc1nn(-c2ccc3nncn3n2)c2c1C(c1ccsc1)CC(=O)N2;-2.057685860583014;0.13058253840501746;-0.16957679805484424;-0.3851146642402806;-0.4458020348823024;-0.4038847501309328;-0.6209838283181613;-0.49920768260333204;-0.24710536429033883;-0.030729254193150108;-0.48521256726432327;-0.4361122207682917;6.5701344481423405;-0.40599897147057507;-0.18749999999999997;1.0
Cc1nn(-c2cccc(Cl)c2)c(N(C)C)c1CN(CC1CC1)C(=O)NC(C)C;1.2462316276157959;-3.59819008888629;-0.16957679805484424;-0.3851146642402806;-1.5751643097199564;-0.9731903819644286;-0.6209838283181613;-0.49920768260333204;4.046856703705712;-0.030729254193150108;-0.48521256726432327;-0.4361122207682917;-0.15220388682955227;-0.40599897147057507;-0.18749999999999997;1.0
Cc1nn(-c2cccc(Cl)c2)c2c1C(C(=O)c1cc3ccccc3o1)CC(=O)N2;-1.0689691824338277;-0.8431205026597822;-0.16957679805484424;-0.3851146642402806;0.6835602399553516;-0.4038847501309328;-0.6209838283181613;-0.49920768260333204;4.046856703705712;-0.030729254193150108;2.060952389667274;1.050315284101127;-0.15220388682955227;-0.40599897147057507;-0.18749999999999997;0.0
Cc1nn(-c2cccc(Cl)c2)c2c1C(C(=O)c1ccc3c(c1)OCCO3)CC(=O)N2;-1.040104131985603;-0.2218130703812836;-0.16957679805484424;-0.3851146642402806;0.6835602399553516;-0.4038847501309328;-0.6209838283181613;-0.49920768260333204;4.046856703705712;-0.030729254193150108;2.060952389667274;1.050315284101127;-0.15220388682955227;-0.40599897147057507;-0.18749999999999997;1.0
Cc1nn(-c2cccc(Cl)c2)c2nc(-c3ccccn3)cc(C(F)(F)F)c12;0.013038414967044686;0.023698053100600594;-0.16957679805484424;-0.3851146642402806;-0.40117877074897995;-0.4038847501309328;1.6103478937742153;2.090483068911506;4.046856703705712;-0.030729254193150108;-0.48521256726432327;-0.4361122207682917;-0.15220388682955227;-0.40599897147057507;-0.18749999999999997;1.0
Cc1nn(-c2cccc(Cl)c2)c2nc(-c3ccco3)cc(C(F)(F)F)c12;0.02134826434988323;0.4817100453442917;-0.16957679805484424;-0.3851146642402806;-1.5751643097199564;-0.4038847501309328;-0.6209838283181613;-0.49920768260333204;4.046856703705712;-0.030729254193150108;-0.48521256726432327;-0.4361122207682917;-0.15220388682955227;2.463060426921489;-0.18749999999999997;1.0
Cc1nn(-c2cccc(F)c2)c2c1C(C(=O)c1cc3ccccc3o1)CC(=O)N2;-1.0689691824338277;-0.12203753951592416;-0.16957679805484424;-0.3851146642402806;0.6835602399553516;-0.4038847501309328;1.6103478937742153;0.364022567901614;-0.24710536429033883;-0.030729254193150108;2.060952389667274;1.050315284101127;-0.15220388682955227;-0.40599897147057507;-0.18749999999999997;1.0
Cc1nn(-c2cccc(F)c2)c2c1C(C(=O)c1ccc3c(c1)OCO3)CC(=O)N2;-1.0689691824338277;0.382050780659973;-0.16957679805484424;1.6258289027286723;0.6835602399553516;-0.4038847501309328;1.6103478937742153;0.364022567901614;-0.24710536429033883;-0.030729254193150108;2.060952389667274;1.050315284101127;-0.15220388682955227;-0.40599897147057507;-0.18749999999999997;0.0
Cc1nn(-c2ccccc2)c(-n2cccc2)c1C(=O)NCCCN1CCN(C)CC1;-0.8308325162359259;0.04355698068878516;-0.16957679805484424;-0.3851146642402806;-0.4458020348823024;-0.9731903819644286;-0.6209838283181613;-0.49920768260333204;-0.24710536429033883;-0.030729254193150108;-0.48521256726432327;-0.4361122207682917;-0.15220388682955227;-0.40599897147057507;-0.18749999999999997;0.0
Cc1nn(-c2ccccc2)c(-n2cccc2)c1CNC(=O)NC12CC3CC(CC(C3)C1)C2;-2.0735820417394097;-0.06396579862877831;-0.16957679805484424;-0.3851146642402806;-1.5751643097199564;-0.9731903819644286;-0.6209838283181613;-0.49920768260333204;-0.24710536429033883;-0.030729254193150108;-0.48521256726432327;-0.4361122207682917;-0.15220388682955227;-0.40599897147057507;-0.18749999999999997;1.0
Cc1nn(-c2ccccc2)c(-n2cccc2)c1CNC(=O)NCCC(C)C;0.11912358860429595;-0.2602576664951879;-0.16957679805484424;-0.3851146642402806;-1.5751643097199564;-0.9731903819644286;-0.6209838283181613;-0.49920768260333204;-0.24710536429033883;-0.030729254193150108;-0.48521256726432327;-0.4361122207682917;-0.15220388682955227;-0.40599897147057507;-0.18749999999999997;1.0
Cc1nn(-c2ccccc2)c(-n2cccc2)c1CNC(=O)NCCc1ccccc1;-1.1850676979016257;0.04112918092321081;-0.16957679805484424;-0.3851146642402806;-1.5751643097199564;-0.4038847501309328;-0.6209838283181613;-0.49920768260333204;-0.24710536429033883;-0.030729254193150108;-0.48521256726432327;-0.4361122207682917;-0.15220388682955227;-0.40599897147057507;-0.18749999999999997;1.0
Cc1nn(-c2ccccc2)c(-n2cccc2)c1CNC(=O)NCc1ccccc1;-1.2189314920021435;0.7123910502816639;-0.16957679805484424;-0.3851146642402806;-1.5751643097199564;-0.4038847501309328;-0.6209838283181613;-0.49920768260333204;-0.24710536429033883;-0.030729254193150108;-0.48521256726432327;-0.4361122207682917;-0.15220388682955227;-0.40599897147057507;-0.18749999999999997;1.0
Cc1nn(-c2ccccc2)c(-n2cccc2)c1CNC(=O)Nc1ccccc1;-1.2552141285383949;0.6297447220385503;-0.16957679805484424;-0.3851146642402806;-1.5751643097199564;-0.9731903819644286;-0.6209838283181613;-0.49920768260333204;-0.24710536429033883;-0.030729254193150108;-0.48521256726432327;-0.4361122207682917;-0.15220388682955227;-0.40599897147057507;-0.18749999999999997;1.0
Cc1nn(-c2ccccc2)c(C)c1/C=C/C(=O)c1cnn(C)c1;0.17514815514189058;-0.5384740799568214;-0.16957679805484424;-0.3851146642402806;0.657005475036045;-0.4038847501309328;-0.6209838283181613;-0.49920768260333204;-0.24710536429033883;-0.030729254193150108;-0.48521256726432327;-0.4361122207682917;-0.15220388682955227;-0.40599897147057507;-0.18749999999999997;0.0
Cc1nn(-c2ccccc2)c(C)c1/C=N/NC(=O)c1csc2c1CCCC2;-0.9005897214858158;1.2752011820617575;-0.16957679805484424;-0.3851146642402806;-0.4458020348823024;0.16542088170256303;-0.6209838283181613;-0.49920768260333204;-0.24710536429033883;-0.030729254193150108;-0.48521256726432327;-0.4361122207682917;-0.15220388682955227;-0.40599897147057507;-0.18749999999999997;0.0
Cc1nn(-c2ccccc2)c(C)c1C(N)=O;1.3971709483520578;0.2818033413286408;-0.16957679805484424;-0.3851146642402806;-0.4458020348823024;-0.9731903819644286;-0.6209838283181613;-0.49920768260333204;-0.24710536429033883;-0.030729254193150108;-0.48521256726432327;-0.4361122207682917;-0.15220388682955227;-0.40599897147057507;-0.18749999999999997;0.0
Cc1nn(-c2ccccc2)c(C)c1CC(=O)NC1CCN(Cc2ccccc2)CC1;-0.8308325162359331;-0.8399905256318342;-0.16957679805484424;-0.3851146642402806;0.708380942051631;-0.4038847501309328;-0.6209838283181613;-0.49920768260333204;-0.24710536429033883;-0.030729254193150108;-0.48521256726432327;-0.4361122207682917;-0.15220388682955227;-0.40599897147057507;-0.18749999999999997;0.0
Cc1nn(-c2ccccc2)c(C)c1CNC(=O)C1C2C=CC(C2)C1C(=O)O;-0.11340042889534921;-0.11613054364479378;-0.16957679805484424;-0.3851146642402806;0.6835602399553516;-0.9731903819644286;-0.6209838283181613;-0.49920768260333204;-0.24710536429033883;-0.030729254193150108;-0.48521256726432327;-0.4361122207682917;-0.15220388682955227;-0.40599897147057507;-0.18749999999999997;0.0
Cc1nn(-c2ccccc2)c(C)c1CNC(=O)C1CCCN(S(C)(=O)=O)C1;1.0327517250571276;0.11300067043482816;-0.16957679805484424;-0.3851146642402806;-0.4458020348823024;-0.9731903819644286;-0.6209838283181613;-0.49920768260333204;-0.24710536429033883;-0.030729254193150108;2.060952389667274;2.536742788970546;-0.15220388682955227;-0.40599897147057507;-0.18749999999999997;0.0
Cc1nn(-c2ccccc2)c(C)c1NC(=S)NC(=O)c1cccs1;0.15939124580318756;1.079360790018969;-0.16957679805484424;-0.3851146642402806;0.8065775467381363;-1.5424960137979244;-0.6209838283181613;-0.49920768260333204;-0.24710536429033883;-0.030729254193150108;-0.48521256726432327;-0.4361122207682917;-0.15220388682955227;-0.40599897147057507;-0.18749999999999997;1.0
Cc1nn(-c2ccccc2)c(C)c1S(=O)(=O)N(C)Cc1ccccc1;0.7065310585817979;-0.9758892470693734;-0.16957679805484424;-0.3851146642402806;-1.5751643097199564;-0.9731903819644286;-0.6209838283181613;-0.49920768260333204;-0.24710536429033883;-0.030729254193150108;-0.48521256726432327;-0.4361122207682917;-0.15220388682955227;-0.40599897147057507;-0.18749999999999997;1.0
Cc1nn(-c2ccccc2)c(C)c1S(=O)(=O)N1CCC(C(=O)N2CCC(C)CC2)CC1;0.32796845090750776;0.6428835112000318;-0.16957679805484424;-0.3851146642402806;-0.4458020348823024;-1.5424960137979244;-0.6209838283181613;-0.49920768260333204;-0.24710536429033883;-0.030729254193150108;-0.48521256726432327;-0.4361122207682917;6.5701344481423405;-0.40599897147057507;-0.18749999999999997;0.0
Cc1nn(-c2ccccc2)c(C)c1S(=O)(=O)N1CCC(C(=O)N2CCCCC2)CC1;-0.008567193428380367;1.144544101997771;-0.16957679805484424;-0.3851146642402806;-0.4458020348823024;-1.5424960137979244;-0.6209838283181613;-0.49920768260333204;-0.24710536429033883;-0.030729254193150108;-0.48521256726432327;-0.4361122207682917;6.5701344481423405;-0.40599897147057507;-0.18749999999999997;1.0
Cc1nn(-c2ccccc2)c(C)c1S(=O)(=O)N1CCC(C(=O)N2CCCCCC2)CC1;-0.014839789414144032;0.9706570836093945;-0.16957679805484424;-0.3851146642402806;-0.4458020348823024;-1.5424960137979244;-0.6209838283181613;-0.49920768260333204;-0.24710536429033883;-0.030729254193150108;-0.48521256726432327;-0.4361122207682917;6.5701344481423405;-0.40599897147057507;-0.18749999999999997;1.0
Cc1nn(-c2ccccc2)c(C)c1S(=O)(=O)N1CCC(N2CCCCC2)CC1;-0.374215568387447;0.796754883824475;-0.16957679805484424;-0.3851146642402806;-1.5751643097199564;-1.5424960137979244;-0.6209838283181613;-0.49920768260333204;-0.24710536429033883;-0.030729254193150108;-0.48521256726432327;-0.4361122207682917;-0.15220388682955227;-0.40599897147057507;-0.18749999999999997;1.0
Cc1nn(-c2ccccc2)c(C)c1S(=O)(=O)N1CCCCC1;0.34751245552430693;0.5823134754237311;-0.16957679805484424;-0.3851146642402806;-1.5751643097199564;-1.5424960137979244;-0.6209838283181613;-0.49920768260333204;-0.24710536429033883;-0.030729254193150108;-0.48521256726432327;-0.4361122207682917;-0.15220388682955227;-0.40599897147057507;-0.18749999999999997;0.0
Cc1nn(-c2ccccc2)c(C)c1S(=O)(=O)N1CCN(C2CCCCC2)CC1;-0.374215568387447;1.354876869547885;-0.16957679805484424;-0.3851146642402806;-0.4209813327860232;-1.5424960137979244;-0.6209838283181613;-0.49920768260333204;-0.24710536429033883;-0.030729254193150108;-0.48521256726432327;-0.4361122207682917;-0.15220388682955227;-0.40599897147057507;-0.18749999999999997;0.0
Cc1nn(-c2ccccc2)c(C)c1S(=O)(=O)Nc1cc(C(F)(F)F)ccc1F;1.8696156639922112;0.10310174940088403;-0.16957679805484424;-0.3851146642402806;-0.46286595987428214;-0.9731903819644286;-0.6209838283181613;-0.49920768260333204;-0.24710536429033883;-0.030729254193150108;-0.48521256726432327;-0.4361122207682917;-0.15220388682955227;-0.40599897147057507;-0.18749999999999997;1.0
Cc1nn(-c2ccccc2)c(C)c1S(=O)(=O)Nc1ccc(Cl)cc1F;1.131613276580648;1.2097961377109112;-0.16957679805484424;-0.3851146642402806;-0.46286595987428214;-1.5424960137979244;-0.6209838283181613;-0.49920768260333204;-0.24710536429033883;-0.030729254193150108;-0.48521256726432327;-0.4361122207682917;-0.15220388682955227;-0.40599897147057507;-0.18749999999999997;0.0
Cc1nn(-c2ccccc2)c(C)c1S(=O)(=O)Nc1ccc(F)cc1Cl;1.131613276580648;-0.6858816500276941;-0.16957679805484424;-0.3851146642402806;-0.46286595987428214;-1.5424960137979244;-0.6209838283181613;-0.49920768260333204;-0.24710536429033883;-0.030729254193150108;-0.48521256726432327;-0.4361122207682917;-0.15220388682955227;-0.40599897147057507;-0.18749999999999997;1.0
Cc1nn(-c2ccccc2)c(C)c1S(=O)(=O)Nc1ccc(S(N)(=O)=O)cc1;1.552785215214733;0.8491988372061118;-0.16957679805484424;-0.3851146642402806;-0.46286595987428214;-1.5424960137979244;-0.6209838283181613;-0.49920768260333204;-0.24710536429033883;-0.030729254193150108;-0.48521256726432327;-0.4361122207682917;-0.15220388682955227;-0.40599897147057507;-0.18749999999999997;1.0
Cc1nn(-c2ccccc2)c(C)c1S(=O)(=O)Nc1nc2c(s1)CCCC2;-0.3873846375721043;0.19096892016511577;-0.16957679805484424;-0.3851146642402806;-0.46286595987428214;-1.5424960137979244;-0.6209838283181613;-0.49920768260333204;-0.24710536429033883;-0.030729254193150108;-0.48521256726432327;-0.4361122207682917;-0.15220388682955227;-0.40599897147057507;-0.18749999999999997;1.0
Cc1nn(-c2ccccc2)c(C)c1Sc1ccc(Cl)cc1;-0.2948863116063802;1.0997371417601163;-0.16957679805484424;-0.3851146642402806;-1.5751643097199564;-1.5424960137979244;-0.6209838283181613;-0.49920768260333204;-0.24710536429033883;-0.030729254193150108;-0.48521256726432327;-0.4361122207682917;-0.15220388682955227;-0.40599897147057507;-0.18749999999999997;1.0
Cc1nn(-c2ccccc2)c(Cl)c1/C=N/NC(=O)CN1CCOCC1;-0.2801873287872654;-0.36528510112250356;-0.16957679805484424;-0.3851146642402806;0.708380942051631;-0.9731903819644286;-0.6209838283181613;-0.49920768260333204;-0.24710536429033883;-0.030729254193150108;2.060952389667274;1.050315284101127;-0.15220388682955227;-0.40599897147057507;-0.18749999999999997;0.0
Cc1nn(-c2ccccc2)c(Cl)c1/C=N/NC(=O)CNc1n[nH]c(=O)[nH]c1=O;0.48715623833214716;-0.2122030150481894;-0.16957679805484424;-0.3851146642402806;1.8575457789263279;-0.9731903819644286;-0.6209838283181613;-0.49920768260333204;-0.24710536429033883;-0.030729254193150108;2.060952389667274;1.050315284101127;-0.15220388682955227;-0.40599897147057507;-0.18749999999999997;0.0
Cc1nn(-c2ccccc2)c(Cl)c1/C=N/NC(=O)Cc1ccccc1;-0.2801873287872654;0.3492781609077799;-0.16957679805484424;-0.3851146642402806;-0.4458020348823024;-0.4038847501309328;-0.6209838283181613;-0.49920768260333204;-0.24710536429033883;-0.030729254193150108;-0.48521256726432327;-0.4361122207682917;-0.15220388682955227;-0.40599897147057507;-0.18749999999999997;0.0
Cc1nn(-c2ccccc2)c(Cl)c1/C=N/NC(=O)c1cccnc1;-0.2834027312789409;0.3838790043514261;-0.16957679805484424;-0.3851146642402806;0.728183504088674;-0.4038847501309328;-0.6209838283181613;-0.49920768260333204;-0.24710536429033883;-0.030729254193150108;-0.48521256726432327;-0.4361122207682917;-0.15220388682955227;-0.40599897147057507;-0.18749999999999997;0.0
Cc1nn(-c2ccccc2)c(Cl)c1/C=N/c1ccccc1Sc1c(C)n[nH]c1C;-0.48603111614205285;0.06415213608954096;-0.16957679805484424;-0.3851146642402806;0.8018101539085218;-0.9731903819644286;-0.6209838283181613;-0.49920768260333204;-0.24710536429033883;-0.030729254193150108;-0.48521256726432327;-0.4361122207682917;-0.15220388682955227;-0.40599897147057507;-0.18749999999999997;0.0
Cc1nn(-c2ccccc2)c(Cl)c1C(=O)Nc1ccc(Cl)cc1;0.17514815514189058;0.8850601684880139;-0.16957679805484424;-0.3851146642402806;-0.4458020348823024;-0.9731903819644286;-0.6209838283181613;-0.49920768260333204;-0.24710536429033883;-0.030729254193150108;-0.48521256726432327;-0.4361122207682917;-0.15220388682955227;-0.40599897147057507;-0.18749999999999997;1.0
Cc1nn(-c2ccccc2)c(Cl)c1C1C(C#N)=C(N)Oc2c1c(=O)oc1ccccc21;-0.6702931025349688;-0.06831387515417484;13.311778647305275;-0.3851146642402806;-1.5751643097199564;0.16542088170256303;-0.6209838283181613;-0.49920768260333204;4.046856703705712;-0.030729254193150108;-0.48521256726432327;-0.4361122207682917;-0.15220388682955227;-0.40599897147057507;5.333333333333333;1.0
Cc1nn(-c2ccccc2)c(Cl)c1C=O;0.7953798261765794;0.4872497705179837;-0.16957679805484424;-0.3851146642402806;-0.4458020348823024;-0.9731903819644286;-0.6209838283181613;-0.49920768260333204;-0.24710536429033883;-0.030729254193150108;-0.48521256726432327;-0.4361122207682917;-0.15220388682955227;-0.40599897147057507;-0.18749999999999997;0.0
Cc1nn(-c2ccccc2)c(N2CCCCC2)c1/C=N/O;-0.8009365711288127;0.04835812063909518;-0.16957679805484424;-0.3851146642402806;-1.5751643097199564;-0.9731903819644286;-0.6209838283181613;-0.49920768260333204;-0.24710536429033883;-0.030729254193150108;-0.48521256726432327;-0.4361122207682917;-0.15220388682955227;-0.40599897147057507;-0.18749999999999997;1.0
Cc1nn(-c2ccccc2)c(O)c1C(c1ccccn1)c1c(C)nn(-c2ccccc2)c1O;-0.9640053626220872;1.7465518036545686;-0.16957679805484424;-0.3851146642402806;-0.40117877074897995;-0.4038847501309328;-0.6209838283181613;-0.49920768260333204;-0.24710536429033883;-0.030729254193150108;2.060952389667274;1.050315284101127;-0.15220388682955227;-0.40599897147057507;-0.18749999999999997;1.0
Cc1nn(-c2ccccc2)c(O)c1C(c1cccnc1)c1c(C)nn(-c2ccccc2)c1O;-0.9640053626220872;0.592933940089236;-0.16957679805484424;-0.3851146642402806;-0.40117877074897995;0.16542088170256303;-0.6209838283181613;-0.49920768260333204;-0.24710536429033883;-0.030729254193150108;2.060952389667274;1.050315284101127;-0.15220388682955227;-0.40599897147057507;-0.18749999999999997;1.0
Cc1nn(-c2ccccc2)c(OC(=O)C(C)C)c1Sc1ccccc1;0.1448948892115773;-2.07813189623341;-0.16957679805484424;-0.3851146642402806;-0.4458020348823024;-1.5424960137979244;-0.6209838283181613;-0.49920768260333204;-0.24710536429033883;-0.030729254193150108;-0.48521256726432327;-0.4361122207682917;-0.15220388682955227;-0.40599897147057507;-0.18749999999999997;1.0
Cc1nn(-c2ccccc2)c(OC(=O)C2CCCC2)c1S(=O)(=O)c1ccc([N+](=O)[O-])cc1;0.31137513466082284;-2.3746306755437683;-0.16957679805484424;-0.3851146642402806;1.9366447060446763;-1.5424960137979244;-0.6209838283181613;-0.49920768260333204;-0.24710536429033883;-0.030729254193150108;2.060952389667274;2.536742788970546;6.5701344481423405;-0.40599897147057507;-0.18749999999999997;1.0
Cc1nn(-c2ccccc2)c(OC(=O)CC(C)C)c1S(=O)(=O)c1ccccc1;0.9886171038412489;-2.229539821831316;-0.16957679805484424;-0.3851146642402806;-0.4458020348823024;-1.5424960137979244;-0.6209838283181613;-0.49920768260333204;-0.24710536429033883;-0.030729254193150108;2.060952389667274;2.536742788970546;-0.15220388682955227;-0.40599897147057507;-0.18749999999999997;1.0
Cc1nn(-c2ccccc2)c(OC(=O)CCC2CCCC2)c1S(=O)(=O)c1ccc([N+](=O)[O-])cc1;0.2811167344462542;-0.37457546397616215;-0.16957679805484424;-0.3851146642402806;1.9366447060446763;-1.5424960137979244;-0.6209838283181613;-0.49920768260333204;-0.24710536429033883;-0.030729254193150108;2.060952389667274;2.536742788970546;6.5701344481423405;-0.40599897147057507;-0.18749999999999997;0.0
Cc1nn(-c2ccccc2)c(OC(=O)Cc2ccccc2)c1S(=O)(=O)c1ccccc1;-0.35764802973577414;0.25895298004071104;-0.16957679805484424;-0.3851146642402806;-0.4458020348823024;-0.9731903819644286;-0.6209838283181613;-0.49920768260333204;-0.24710536429033883;-0.030729254193150108;2.060952389667274;2.536742788970546;-0.15220388682955227;-0.40599897147057507;-0.18749999999999997;0.0
Cc1nn(-c2ccccc2)c(OC(=O)c2cccc(Cl)c2)c1S(=O)(=O)c1ccc([N+](=O)[O-])cc1;0.5936771888571649;0.07188203401702778;-0.16957679805484424;-0.3851146642402806;0.807282431207023;-0.9731903819644286;-0.6209838283181613;-0.49920768260333204;-0.24710536429033883;-0.030729254193150108;2.060952389667274;2.536742788970546;6.5701344481423405;-0.40599897147057507;-0.18749999999999997;0.0
Cc1nn(-c2ccccc2)c(OC(=O)c2ccccc2)c1S(=O)(=O)c1ccccc1;-0.36280237509408025;-0.7766692844913536;-0.16957679805484424;-0.3851146642402806;-1.5751643097199564;-0.9731903819644286;-0.6209838283181613;-0.49920768260333204;-0.24710536429033883;-0.030729254193150108;2.060952389667274;2.536742788970546;-0.15220388682955227;-0.40599897147057507;-0.18749999999999997;1.0
Cc1nn(-c2ccccc2)c(Oc2ccccc2)c1CCC(=O)NCC1CCCO1;-1.1850676979016257;-0.7360514436500717;-0.16957679805484424;1.6258289027286723;-0.4458020348823024;-0.9731903819644286;-0.6209838283181613;-0.49920768260333204;-0.24710536429033883;-0.030729254193150108;2.060952389667274;1.050315284101127;-0.15220388682955227;-0.40599897147057507;-0.18749999999999997;1.0
Cc1nn(-c2ccccc2)c(Oc2ccccc2F)c1CCC(=O)NCCN1CCCC1;-0.7915940882828656;-1.2980646726896432;-0.16957679805484424;1.6258289027286723;-0.4458020348823024;-0.9731903819644286;1.6103478937742153;0.364022567901614;-0.24710536429033883;-0.030729254193150108;2.060952389667274;1.050315284101127;-0.15220388682955227;-0.40599897147057507;-0.18749999999999997;0.0
Cc1nn(-c2ccccc2)c(Oc2ccccc2F)c1CN(CC(O)COC(C)C)CC1CC1;-0.13185103714950266;-0.8492004275185552;-0.16957679805484424;-0.3851146642402806;-0.4209813327860232;-0.9731903819644286;1.6103478937742153;0.364022567901614;-0.24710536429033883;-0.030729254193150108;-0.48521256726432327;-0.4361122207682917;-0.15220388682955227;-0.40599897147057507;-0.18749999999999997;0.0
Cc1nn(-c2ccccc2)c(Oc2ccccc2F)c1CN(CC(O)COCC(C)C)CC1CC1;-0.13388436948771346;1.4496522116167532;-0.16957679805484424;-0.3851146642402806;-0.4209813327860232;-0.9731903819644286;1.6103478937742153;0.364022567901614;-0.24710536429033883;-0.030729254193150108;-0.48521256726432327;-0.4361122207682917;-0.15220388682955227;-0.40599897147057507;-0.18749999999999997;0.0
Cc1nn(-c2ccccc2)c([O-])c1C1=C([n+]2ccccc2)C(=O)N(C(C)C)C1=O;0.24686925971803056;-0.13182017232192786;-0.16957679805484424;1.6258289027286723;1.8377432168892844;-0.9731903819644286;-0.6209838283181613;-0.49920768260333204;-0.24710536429033883;-0.030729254193150108;2.060952389667274;1.050315284101127;-0.15220388682955227;-0.40599897147057507;-0.18749999999999997;0.0
Cc1nn(-c2ccccc2)c([O-])c1C1=C([n+]2ccccc2)C(=O)N(C2CCCCC2)C1=O;-0.9877862280481818;-1.171121830672005;-0.16957679805484424;1.6258289027286723;1.8377432168892844;-0.9731903819644286;-0.6209838283181613;-0.49920768260333204;-0.24710536429033883;-0.030729254193150108;2.060952389667274;1.050315284101127;-0.15220388682955227;-0.40599897147057507;-0.18749999999999997;0.0
Cc1nn(-c2ccccc2)c2[nH]c(=O)c(Cl)c(C)c12;0.2547620128532062;0.19529418872545978;-0.16957679805484424;-0.3851146642402806;-0.4458020348823024;-0.4038847501309328;-0.6209838283181613;-0.49920768260333204;-0.24710536429033883;-0.030729254193150108;-0.48521256726432327;-0.4361122207682917;-0.15220388682955227;-0.40599897147057507;-0.18749999999999997;1.0
Cc1nn(-c2ccccc2)c2c1-c1sc(C(=O)N3CCC(N4CCCCC4)CC3)cc1CC2;-2.1203482360282595;0.3118754170822517;-0.16957679805484424;-0.3851146642402806;-0.4458020348823024;-0.4038847501309328;-0.6209838283181613;-0.49920768260333204;-0.24710536429033883;-0.030729254193150108;-0.48521256726432327;-0.4361122207682917;-0.15220388682955227;-0.40599897147057507;-0.18749999999999997;1.0
Cc1nn(-c2ccccc2)c2c1-c1sc(C(=O)NCCN3CCOCC3)cc1CC2;-1.74857449531701;-0.8458934060743594;-0.16957679805484424;-0.3851146642402806;0.708380942051631;-0.4038847501309328;-0.6209838283181613;-0.49920768260333204;-0.24710536429033883;-0.030729254193150108;-0.48521256726432327;-0.4361122207682917;-0.15220388682955227;-0.40599897147057507;-0.18749999999999997;0.0
Cc1nn(-c2ccccc2)c2c1C(C(=O)Nc1ccc(F)cc1)CC(=O)O2;-0.5069950751905825;-0.42754861353889073;-0.16957679805484424;-0.3851146642402806;0.6835602399553516;-0.9731903819644286;-0.6209838283181613;-0.49920768260333204;-0.24710536429033883;-0.030729254193150108;-0.48521256726432327;-0.4361122207682917;-0.15220388682955227;-0.40599897147057507;-0.18749999999999997;0.0
Cc1nn(-c2ccccc2)c2c1C(C(=O)c1ccc(Br)cc1)CC(=O)N2;-0.5186865138907191;1.0157678400921841;-0.16957679805484424;-0.3851146642402806;0.6835602399553516;-0.4038847501309328;-0.6209838283181613;-0.49920768260333204;-0.24710536429033883;-0.030729254193150108;-0.48521256726432327;-0.4361122207682917;-0.15220388682955227;-0.40599897147057507;-0.18749999999999997;0.0
Cc1nn(-c2ccccc2)c2c1C(C(=O)c1ccc3c(c1)OCCO3)CC(=O)N2;-1.4354193703638658;0.32709458560271326;-0.16957679805484424;-0.3851146642402806;0.6835602399553516;-0.4038847501309328;-0.6209838283181613;-0.49920768260333204;-0.24710536429033883;-0.030729254193150108;2.060952389667274;1.050315284101127;-0.15220388682955227;-0.40599897147057507;-0.18749999999999997;0.0
Cc1nn(-c2ccccc2)c2c1C(C(=O)c1cccc(Cl)c1)CC(=O)N2;-0.5186865138907191;0.5715323428099397;-0.16957679805484424;-0.3851146642402806;0.6835602399553516;-0.4038847501309328;-0.6209838283181613;-0.49920768260333204;-0.24710536429033883;-0.030729254193150108;-0.48521256726432327;-0.4361122207682917;-0.15220388682955227;-0.40599897147057507;-0.18749999999999997;0.0
Cc1nn(-c2ccccc2)c2c1C(c1ccc(Cl)c([N+](=O)[O-])c1)C(C#N)=C(N)O2;0.24686925971802332;0.7862479606160562;-0.16957679805484424;-0.3851146642402806;0.807282431207023;-0.4038847501309328;-0.6209838283181613;-0.49920768260333204;-0.24710536429033883;-0.030729254193150108;-0.48521256726432327;-0.4361122207682917;-0.15220388682955227;-0.40599897147057507;-0.18749999999999997;1.0
Cc1nn(-c2ccccc2)c2c1C(c1ccc(F)cc1)C(C#N)=C(N)O2;-0.5186865138907191;0.9827049525560382;-0.16957679805484424;-0.3851146642402806;-1.5751643097199564;-0.4038847501309328;-0.6209838283181613;-0.49920768260333204;-0.24710536429033883;-0.030729254193150108;-0.48521256726432327;-0.4361122207682917;-0.15220388682955227;-0.40599897147057507;-0.18749999999999997;1.0
Cc1nn(-c2ccccc2)c2c1C(c1ccc(O)cc1)C(C#N)=C(N)O2;-0.5186865138907191;0.6025439809733221;-0.16957679805484424;-0.3851146642402806;-1.5751643097199564;-0.4038847501309328;-0.6209838283181613;-0.49920768260333204;-0.24710536429033883;-0.030729254193150108;-0.48521256726432327;-0.4361122207682917;-0.15220388682955227;-0.40599897147057507;-0.18749999999999997;1.0
Cc1nn(-c2ccccc2)c2c1C(c1ccc(OC(C)C)cc1)C(C#N)=C(N)O2;-0.11958092821201476;0.6654498810909832;-0.16957679805484424;-0.3851146642402806;-1.5751643097199564;-0.4038847501309328;-0.6209838283181613;-0.49920768260333204;-0.24710536429033883;-0.030729254193150108;-0.48521256726432327;-0.4361122207682917;-0.15220388682955227;-0.40599897147057507;-0.18749999999999997;1.0
Cc1nn(-c2ccccc2)c2c1C(c1ccc(OC(C)C)cc1)SCC(=O)N2;-0.49613873925473884;0.20781887574227292;-0.16957679805484424;-0.3851146642402806;-0.4458020348823024;-0.4038847501309328;-0.6209838283181613;-0.49920768260333204;-0.24710536429033883;-0.030729254193150108;-0.48521256726432327;-0.4361122207682917;6.5701344481423405;-0.40599897147057507;-0.18749999999999997;0.0
Cc1nn(-c2ccccc2)c2c1C1(C(=O)Nc3cc(Cl)ccc31)C(C#N)=C(N)O2;-0.584800070907778;0.9297098435851313;4.3242083503985285;1.6258289027286723;-0.4458020348823024;-0.4038847501309328;-0.6209838283181613;-0.49920768260333204;-0.24710536429033883;-0.030729254193150108;-0.48521256726432327;-0.4361122207682917;-0.15220388682955227;-0.40599897147057507;5.333333333333333;0.0
Cc1nn(-c2ccccc2)c2c1N(C(=O)CCC(=O)NC(C)c1ccccc1)CCS2;-0.46777218406754634;0.2597008575258748;-0.16957679805484424;-0.3851146642402806;0.6835602399553516;-0.9731903819644286;-0.6209838283181613;-0.49920768260333204;-0.24710536429033883;-0.030729254193150108;-0.48521256726432327;-0.4361122207682917;-0.15220388682955227;-0.40599897147057507;-0.18749999999999997;0.0
Cc1nn(-c2ccccc2)c2c1N(C(=O)CCC(=O)NC1CCCCC1)CCS2;-0.8524813040721054;0.4227790155622265;-0.16957679805484424;-0.3851146642402806;0.6835602399553516;-1.5424960137979244;-0.6209838283181613;-0.49920768260333204;-0.24710536429033883;-0.030729254193150108;-0.48521256726432327;-0.4361122207682917;-0.15220388682955227;-0.40599897147057507;-0.18749999999999997;0.0
Cc1nn(-c2ccccc2)c2c1N(C(=O)CCC(=O)NCCC1=CCCCC1)CCS2;-0.8105804243891909;-0.4087072781232094;-0.16957679805484424;-0.3851146642402806;0.6835602399553516;-1.5424960137979244;-0.6209838283181613;-0.49920768260333204;-0.24710536429033883;-0.030729254193150108;-0.48521256726432327;-0.4361122207682917;-0.15220388682955227;-0.40599897147057507;-0.18749999999999997;0.0
Cc1nn(-c2ccccc2)c2c1N(CC(=O)N1CCN(c3ccc(Cl)cc3)CC1)C(=O)CS2;-0.9640053626220872;-2.1907750601943294;-0.16957679805484424;-0.3851146642402806;1.8377432168892844;-1.5424960137979244;-0.6209838283181613;-0.49920768260333204;-0.24710536429033883;-0.030729254193150108;-0.48521256726432327;-0.4361122207682917;6.5701344481423405;-0.40599897147057507;-0.18749999999999997;0.0
Cc1nn(-c2ccccc2)c2c1N(CC(=O)NC(C)c1ccc3c(c1)OCCO3)C(=O)CS2;-0.9640053626220946;0.39436594372547656;-0.16957679805484424;-0.3851146642402806;1.8377432168892844;-0.9731903819644286;-0.6209838283181613;-0.49920768260333204;-0.24710536429033883;-0.030729254193150108;-0.48521256726432327;-0.4361122207682917;6.5701344481423405;-0.40599897147057507;-0.18749999999999997;0.0
Cc1nn(-c2ccccc2)c2c1N(CC(=O)NCCCN1CCOCC1)C(=O)CS2;-0.8308325162359259;-1.1756591470402795;-0.16957679805484424;-0.3851146642402806;2.9919261938232187;-1.5424960137979244;-0.6209838283181613;-0.49920768260333204;-0.24710536429033883;-0.030729254193150108;-0.48521256726432327;-0.4361122207682917;6.5701344481423405;-0.40599897147057507;-0.18749999999999997;0.0
Cc1nn(-c2ccccc2)c2c1N(CCCC(=O)N1CCN(c3ccccc3)CC1)C(=O)CS2;-1.2541838260437357;0.6848478177889282;-0.16957679805484424;-0.3851146642402806;0.6835602399553516;-1.5424960137979244;-0.6209838283181613;-0.49920768260333204;-0.24710536429033883;-0.030729254193150108;-0.48521256726432327;-0.4361122207682917;-0.15220388682955227;-0.40599897147057507;-0.18749999999999997;1.0
Cc1nn(-c2ccccc2)c2c1N(CCCC(=O)NC1CC1)C(=O)CS2;-0.9274194158126922;0.7376127290221556;-0.16957679805484424;-0.3851146642402806;0.6835602399553516;-1.5424960137979244;-0.6209838283181613;-0.49920768260333204;-0.24710536429033883;-0.030729254193150108;-0.48521256726432327;-0.4361122207682917;-0.15220388682955227;-0.40599897147057507;-0.18749999999999997;0.0
Cc1nn(-c2ccccc2)c2c1N(CCCC(=O)NC1CCCc3ccccc31)C(=O)CS2;-1.2860373459545424;0.1775316966728963;-0.16957679805484424;-0.3851146642402806;0.6835602399553516;-0.4038847501309328;-0.6209838283181613;-0.49920768260333204;-0.24710536429033883;-0.030729254193150108;-0.48521256726432327;-0.4361122207682917;-0.15220388682955227;-0.40599897147057507;-0.18749999999999997;1.0
Cc1nn(-c2ccccc2)c2c1N(CCCC(=O)NCCC(C)C)C(=O)CS2;0.48715623833214716;0.069964970868656;-0.16957679805484424;-0.3851146642402806;0.6835602399553516;-1.5424960137979244;-0.6209838283181613;-0.49920768260333204;-0.24710536429033883;-0.030729254193150108;-0.48521256726432327;-0.4361122207682917;-0.15220388682955227;-0.40599897147057507;-0.18749999999999997;0.0
Cc1nn(-c2ccccc2)c2c1N(CCCC(=O)NCc1ccccn1)C(=O)CS2;-0.8308325162359259;-0.295708242934206;-0.16957679805484424;-0.3851146642402806;1.8575457789263279;-1.5424960137979244;-0.6209838283181613;-0.49920768260333204;-0.24710536429033883;-0.030729254193150108;-0.48521256726432327;-0.4361122207682917;-0.15220388682955227;-0.40599897147057507;-0.18749999999999997;0.0
Cc1nn(-c2ccccc2)c2nc(-c3cccnc3)cc(C(F)(F)F)c12;-0.3873846375720826;-0.9819678967127496;-0.16957679805484424;-0.3851146642402806;-0.40117877074897995;0.16542088170256303;-0.6209838283181613;-0.49920768260333204;-0.24710536429033883;-0.030729254193150108;-0.48521256726432327;-0.4361122207682917;-0.15220388682955227;-0.40599897147057507;-0.18749999999999997;1.0
Cc1nn(-c2ccccc2)c2nc(-c3ccco3)cc(C(F)(F)F)c12;-0.39475931631549416;0.37058470566536655;-0.16957679805484424;-0.3851146642402806;-1.5751643097199564;-0.4038847501309328;-0.6209838283181613;-0.49920768260333204;-0.24710536429033883;-0.030729254193150108;-0.48521256726432327;-0.4361122207682917;-0.15220388682955227;2.463060426921489;-0.18749999999999997;1.0
Cc1nn(-c2ccccc2)c2nc(C(C)C)cc(C(=O)O)c12;0.675385485782793;-1.5818741739782636;-0.16957679805484424;-0.3851146642402806;-1.5751643097199564;-0.4038847501309328;-0.6209838283181613;-0.49920768260333204;-0.24710536429033883;-0.030729254193150108;-0.48521256726432327;-0.4361122207682917;-0.15220388682955227;-0.40599897147057507;-0.18749999999999997;1.0
Cc1nn(-c2ccccc2)c2nc(C3CC3)cc(C(=O)NC(C)c3cnn(C)c3C)c12;-0.6702931025349542;-1.9330609281505973;-0.16957679805484424;-0.3851146642402806;0.657005475036045;0.16542088170256303;-0.6209838283181613;-0.49920768260333204;-0.24710536429033883;-0.030729254193150108;-0.48521256726432327;-0.4361122207682917;-0.15220388682955227;-0.40599897147057507;-0.18749999999999997;1.0
Cc1nn(-c2ccccc2)c2nc(C3CC3)cc(C(=O)NC3CC4CCC(C3)N4C)c12;-1.901238741967332;-2.1535429278563494;-0.16957679805484424;1.6258289027286723;-0.4458020348823024;-0.4038847501309328;-0.6209838283181613;-0.49920768260333204;-0.24710536429033883;-0.030729254193150108;-0.48521256726432327;-0.4361122207682917;-0.15220388682955227;-0.40599897147057507;-0.18749999999999997;1.0
Cc1nn(-c2ccccc2)c2nc(C3CC3)cc(C(=O)NCC3CCCO3)c12;-1.858971411483442;-2.0215074565014017;-0.16957679805484424;1.6258289027286723;-0.4458020348823024;-0.4038847501309328;-0.6209838283181613;-0.49920768260333204;-0.24710536429033883;-0.030729254193150108;-0.48521256726432327;-0.4361122207682917;-0.15220388682955227;-0.40599897147057507;-0.18749999999999997;1.0
Cc1nn(-c2ccccc2)c2nc(C3CC3)cc(C(=O)NCCCn3nccc3C)c12;-1.355909583178258;-1.6101349136498797;-0.16957679805484424;-0.3851146642402806;0.657005475036045;-0.4038847501309328;-0.6209838283181613;-0.49920768260333204;-0.24710536429033883;-0.030729254193150108;-0.48521256726432327;-0.4361122207682917;-0.15220388682955227;-0.40599897147057507;-0.18749999999999997;1.0
Cc1nn(-c2ccccc2)c2nc(C3CC3)cc(C(=O)NCCc3ccccc3)c12;-1.74857449531701;-1.0909479791800465;-0.16957679805484424;-0.3851146642402806;-0.4458020348823024;0.16542088170256303;-0.6209838283181613;-0.49920768260333204;-0.24710536429033883;-0.030729254193150108;-0.48521256726432327;-0.4361122207682917;-0.15220388682955227;-0.40599897147057507;-0.18749999999999997;1.0
Cc1nn(-c2ccccc2)c2nc(C3CC3)cc(C(=O)NCc3ccccc3-n3cccn3)c12;-2.0639561605270433;-0.7258651330830946;-0.16957679805484424;-0.3851146642402806;-0.4458020348823024;0.16542088170256303;-0.6209838283181613;-0.49920768260333204;-0.24710536429033883;-0.030729254193150108;-0.48521256726432327;-0.4361122207682917;-0.15220388682955227;-0.40599897147057507;-0.18749999999999997;1.0
Cc1nn(-c2ccccc2)c2nc(C3CC3)cc(C(=O)NN)c12;-1.0219066001812638;-1.1051390668961119;-0.16957679805484424;-0.3851146642402806;0.8322533602019725;-0.4038847501309328;-0.6209838283181613;-0.49920768260333204;-0.24710536429033883;-0.030729254193150108;-0.48521256726432327;-0.4361122207682917;-0.15220388682955227;-0.40599897147057507;-0.18749999999999997;0.0
Cc1nn(-c2ccccc2)c2nc(C3CC3)cc(C(=O)Nc3ccc(S(N)(=O)=O)cc3)c12;-0.5490079707276861;-1.1257009322137947;-0.16957679805484424;-0.3851146642402806;-0.4458020348823024;-0.4038847501309328;-0.6209838283181613;-0.49920768260333204;-0.24710536429033883;-0.030729254193150108;-0.48521256726432327;-0.4361122207682917;-0.15220388682955227;-0.40599897147057507;-0.18749999999999997;0.0
Cc1nn(-c2ccccc2)c2nc(C3CC3)cc(C(=O)Nc3ccc4c(c3)OCO4)c12;-2.244046982288984;-1.5980603960053972;-0.16957679805484424;1.6258289027286723;-0.4458020348823024;-0.4038847501309328;-0.6209838283181613;-0.49920768260333204;-0.24710536429033883;-0.030729254193150108;2.060952389667274;1.050315284101127;-0.15220388682955227;-0.40599897147057507;-0.18749999999999997;1.0
Cc1nn(-c2ccccc2)c2nc(C3CC3)cc(C(=O)Nc3nn(C)cc3Cl)c12;-1.0689691824338206;-1.513009919792621;-0.16957679805484424;-0.3851146642402806;0.657005475036045;-0.4038847501309328;-0.6209838283181613;-0.49920768260333204;-0.24710536429033883;-0.030729254193150108;-0.48521256726432327;-0.4361122207682917;-0.15220388682955227;-0.40599897147057507;-0.18749999999999997;1.0
Cc1nn(-c2ccccc2)c2nc(C3CC3)nc(N3CCN(C(=O)CC(C)C)CC3)c12;-1.013101342856599;0.8431208634512711;-0.16957679805484424;-0.3851146642402806;-0.4458020348823024;-0.9731903819644286;-0.6209838283181613;-0.49920768260333204;-0.24710536429033883;-0.030729254193150108;-0.48521256726432327;-0.4361122207682917;-0.15220388682955227;-0.40599897147057507;-0.18749999999999997;1.0
Cc1nn(-c2ccccc2)c2nc(CC(C)C)nc(N3CCCN(C(=O)C(C)Cl)CC3)c12;0.20469236015193792;-0.9597179090131036;-0.16957679805484424;-0.3851146642402806;-0.4458020348823024;-0.9731903819644286;-0.6209838283181613;-0.49920768260333204;4.046856703705712;-0.030729254193150108;-0.48521256726432327;-0.4361122207682917;-0.15220388682955227;-0.40599897147057507;-0.18749999999999997;0.0
Cc1nn(-c2ccccc2)c2nc(CC(C)C)nc(N3CCN(S(=O)(=O)c4ccccc4)CC3)c12;-0.5193516591499177;-0.004681595772785293;-0.16957679805484424;-0.3851146642402806;-1.5751643097199564;-0.9731903819644286;-0.6209838283181613;-0.49920768260333204;-0.24710536429033883;-0.030729254193150108;-0.48521256726432327;-0.4361122207682917;-0.15220388682955227;-0.40599897147057507;-0.18749999999999997;1.0
Cc1nn(-c2ccccc2)c2nc(Cc3ccccc3)nc(N3CCN(C(=O)C(C)C)CC3)c12;-0.9416233716328031;0.671102507743868;-0.16957679805484424;-0.3851146642402806;-0.4458020348823024;-0.4038847501309328;-0.6209838283181613;-0.49920768260333204;-0.24710536429033883;-0.030729254193150108;-0.48521256726432327;-0.4361122207682917;-0.15220388682955227;-0.40599897147057507;-0.18749999999999997;1.0
Cc1nn(-c2ccccc2)c2nc(N3CCN(C(=O)CC(C)C)CC3)sc12;-0.5069950751905825;1.0744423814965882;-0.16957679805484424;-0.3851146642402806;-0.4458020348823024;-1.5424960137979244;-0.6209838283181613;-0.49920768260333204;-0.24710536429033883;-0.030729254193150108;-0.48521256726432327;-0.4361122207682917;-0.15220388682955227;-0.40599897147057507;-0.18749999999999997;0.0
Cc1nn(-c2ccccc2)c2sc(-c3noc(-c4ccc5c(c4)OCO5)n3)cc12;-2.7512578125157168;-0.02249680137902267;-0.16957679805484424;1.6258289027286723;-1.5751643097199564;-0.4038847501309328;-0.6209838283181613;-0.49920768260333204;-0.24710536429033883;-0.030729254193150108;2.060952389667274;1.050315284101127;-0.15220388682955227;-0.40599897147057507;-0.18749999999999997;1.0
Cc1nn(-c2ccccc2)c2sc(-c3noc(-c4cccc(F)c4)n3)cc12;-1.9203030315758987;-0.1339667450679989;-0.16957679805484424;-0.3851146642402806;-1.5751643097199564;-0.4038847501309328;1.6103478937742153;0.364022567901614;-0.24710536429033883;-0.030729254193150108;-0.48521256726432327;-0.4361122207682917;-0.15220388682955227;-0.40599897147057507;-0.18749999999999997;1.0
Cc1nn(-c2ccccc2)c2sc(-c3noc(-c4ccccc4)n3)cc12;-2.3950853705205124;-0.058793063700521356;-0.16957679805484424;-0.3851146642402806;-1.5751643097199564;-0.4038847501309328;-0.6209838283181613;-0.49920768260333204;-0.24710536429033883;-0.030729254193150108;-0.48521256726432327;-0.4361122207682917;-0.15220388682955227;-0.40599897147057507;-0.18749999999999997;1.0
Cc1nn(-c2ccccc2)c2sc(-c3noc(-c4ccccc4F)n3)cc12;-1.9203030315758987;-0.07193163180009701;-0.16957679805484424;-0.3851146642402806;-1.5751643097199564;-0.4038847501309328;-0.6209838283181613;-0.49920768260333204;-0.24710536429033883;-0.030729254193150108;-0.48521256726432327;-0.4361122207682917;-0.15220388682955227;-0.40599897147057507;-0.18749999999999997;1.0
Cc1nn(-c2ccccc2)c2sc(-c3noc(-c4ccccn4)n3)cc12;-2.3950853705205124;-0.060816932892011184;-0.16957679805484424;-0.3851146642402806;-0.40117877074897995;-0.9731903819644286;-0.6209838283181613;-0.49920768260333204;-0.24710536429033883;-0.030729254193150108;-0.48521256726432327;-0.4361122207682917;-0.15220388682955227;-0.40599897147057507;-0.18749999999999997;1.0
Cc1nn(-c2ccccc2)c2sc(-c3noc(-c4ccsc4)n3)cc12;-2.4827680785818567;0.3958555401453115;-0.16957679805484424;-0.3851146642402806;-1.5751643097199564;-0.4038847501309328;-0.6209838283181613;-0.49920768260333204;-0.24710536429033883;-0.030729254193150108;-0.48521256726432327;-0.4361122207682917;-0.15220388682955227;-0.40599897147057507;-0.18749999999999997;1.0
Cc1nn(-c2ccccc2)c2sc(-c3noc(/C=C/c4cccs4)n3)cc12;-2.313897677871125;1.7753803253941192;-0.16957679805484424;-0.3851146642402806;-1.5751643097199564;-0.9731903819644286;-0.6209838283181613;-0.49920768260333204;-0.24710536429033883;-0.030729254193150108;-0.48521256726432327;-0.4361122207682917;-0.15220388682955227;-0.40599897147057507;-0.18749999999999997;1.0
Cc1nn(-c2ccccc2)c2sc(-c3noc(C4CCC4)n3)cc12;-2.577757678981651;-0.5680658558712901;-0.16957679805484424;-0.3851146642402806;-1.5751643097199564;-0.9731903819644286;-0.6209838283181613;-0.49920768260333204;-0.24710536429033883;-0.030729254193150108;-0.48521256726432327;-0.4361122207682917;-0.15220388682955227;-0.40599897147057507;-0.18749999999999997;1.0
Cc1nn(-c2ccccc2)c2sc(-c3noc(C4CCCC4)n3)cc12;-2.4827680785818567;-1.2695413283328214;-0.16957679805484424;-0.3851146642402806;-1.5751643097199564;-0.9731903819644286;-0.6209838283181613;-0.49920768260333204;-0.24710536429033883;-0.030729254193150108;-0.48521256726432327;-0.4361122207682917;-0.15220388682955227;-0.40599897147057507;-0.18749999999999997;1.0
Cc1nn(-c2ccccc2)c2sc(-c3noc(C4CCCCC4)n3)cc12;-2.3950853705205124;-1.1126732178535084;-0.16957679805484424;-0.3851146642402806;-1.5751643097199564;-0.9731903819644286;-0.6209838283181613;-0.49920768260333204;-0.24710536429033883;-0.030729254193150108;-0.48521256726432327;-0.4361122207682917;-0.15220388682955227;-0.40599897147057507;-0.18749999999999997;1.0
Cc1nn(-c2ccccc2)c2sc(C(=O)N3CCC(C(N)=O)CC3)cc12;-0.5186865138907263;-0.9189247081001205;-0.16957679805484424;-0.3851146642402806;0.6835602399553516;-0.9731903819644286;-0.6209838283181613;-0.49920768260333204;-0.24710536429033883;-0.030729254193150108;-0.48521256726432327;-0.4361122207682917;-0.15220388682955227;-0.40599897147057507;-0.18749999999999997;0.0
Cc1nn(-c2ccccc2)c2sc(C(=O)NCCO)cc12;-0.2948863116063802;-0.2556252742323904;-0.16957679805484424;-0.3851146642402806;-0.4458020348823024;-0.9731903819644286;-0.6209838283181613;-0.49920768260333204;-0.24710536429033883;-0.030729254193150108;-0.48521256726432327;-0.4361122207682917;6.5701344481423405;-0.40599897147057507;-0.18749999999999997;1.0
Cc1nn(-c2ccccc2)c2sc(C(=O)Nc3ccc(Br)cc3)cc12;-0.956395485685722;1.831774050563336;-0.16957679805484424;-0.3851146642402806;-0.4458020348823024;-0.9731903819644286;-0.6209838283181613;-0.49920768260333204;-0.24710536429033883;-0.030729254193150108;-0.48521256726432327;-0.4361122207682917;-0.15220388682955227;-0.40599897147057507;-0.18749999999999997;1.0
Cc1nn(-c2ccccc2)c2sc(C(=O)Nc3ccc(Cl)cc3Cl)cc12;-0.5186865138907191;1.4505617155630448;-0.16957679805484424;-0.3851146642402806;-0.4458020348823024;-0.9731903819644286;-0.6209838283181613;-0.49920768260333204;-0.24710536429033883;-0.030729254193150108;-0.48521256726432327;-0.4361122207682917;-0.15220388682955227;-0.40599897147057507;-0.18749999999999997;0.0
Cc1nn(-c2ccccc2)c2sc(C(=O)Nc3ccc(I)cc3)cc12;-0.956395485685722;3.4603831629765667;-0.16957679805484424;-0.3851146642402806;-0.4458020348823024;-0.9731903819644286;-0.6209838283181613;-0.49920768260333204;-0.24710536429033883;-0.030729254193150108;-0.48521256726432327;-0.4361122207682917;-0.15220388682955227;-0.40599897147057507;-0.18749999999999997;1.0
Cc1nn(-c2ccccc2)c2sc(C(=O)Nc3ccc4c(c3)OCO4)cc12;-1.9203030315758987;0.44685983926291234;-0.16957679805484424;1.6258289027286723;-0.4458020348823024;-0.9731903819644286;-0.6209838283181613;-0.49920768260333204;-0.24710536429033883;-0.030729254193150108;2.060952389667274;1.050315284101127;-0.15220388682955227;-0.40599897147057507;-0.18749999999999997;1.0
Cc1nn(-c2ccccc2)c2sc(C(=O)OCCN(C)c3nsnc3Cl)cc12;-0.49613873925473884;-0.9083483318066579;4.3242083503985285;-0.3851146642402806;-1.5751643097199564;-0.9731903819644286;-0.6209838283181613;-0.49920768260333204;-0.24710536429033883;-0.030729254193150108;-0.48521256726432327;-0.4361122207682917;6.5701344481423405;-0.40599897147057507;5.333333333333333;1.0
Cc1nn(-c2ccccc2)c2sc(C(=O)OCCOc3ccccc3)cc12;-1.2941843677810347;0.618955908678352;-0.16957679805484424;-0.3851146642402806;-1.5751643097199564;-0.9731903819644286;-0.6209838283181613;-0.49920768260333204;-0.24710536429033883;-0.030729254193150108;-0.48521256726432327;-0.4361122207682917;6.5701344481423405;-0.40599897147057507;-0.18749999999999997;1.0
Cc1nn(-c2ccccc2)c2sc(C(=O)Oc3cccc4cccnc34)cc12;-1.858971411483442;-0.3402340047825479;-0.16957679805484424;-0.3851146642402806;-0.40117877074897995;-0.4038847501309328;-0.6209838283181613;-0.49920768260333204;-0.24710536429033883;-0.030729254193150108;-0.48521256726432327;-0.4361122207682917;-0.15220388682955227;-0.40599897147057507;-0.18749999999999997;1.0
Cc1nn(-c2ccccc2)cc1-c1ccnc(N2CCOCC2)n1;-1.8733741822124244;-0.8166957074394398;-0.16957679805484424;-0.3851146642402806;-1.5751643097199564;-0.9731903819644286;-0.6209838283181613;-0.49920768260333204;-0.24710536429033883;-0.030729254193150108;-0.48521256726432327;-0.4361122207682917;-0.15220388682955227;-0.40599897147057507;-0.18749999999999997;1.0
Cc1nn(-c2ccccc2)cc1-c1noc(C(=O)NC2CCCCCC2)n1;-1.2941843677810418;0.524653764647114;-0.16957679805484424;-0.3851146642402806;-0.4458020348823024;-0.9731903819644286;-0.6209838283181613;-0.49920768260333204;-0.24710536429033883;-0.030729254193150108;-0.48521256726432327;-0.4361122207682917;-0.15220388682955227;-0.40599897147057507;-0.18749999999999997;1.0
Cc1nn(-c2ccccc2)cc1C(=O)N1CCC(C(C)C(=O)NCCCOC(C)C)CC1;0.7329799827288433;0.7318875992923655;-0.16957679805484424;-0.3851146642402806;0.6835602399553516;-0.9731903819644286;-0.6209838283181613;-0.49920768260333204;-0.24710536429033883;-0.030729254193150108;2.060952389667274;1.050315284101127;-0.15220388682955227;-0.40599897147057507;-0.18749999999999997;0.0
Cc1nn(-c2ccccc2)cc1C(=O)N1CCC(CC(=O)N2CCCC2)CC1;-0.8756764338965705;0.8975873413094544;-0.16957679805484424;1.6258289027286723;0.6835602399553516;-0.9731903819644286;-0.6209838283181613;-0.49920768260333204;-0.24710536429033883;-0.030729254193150108;-0.48521256726432327;-0.4361122207682917;-0.15220388682955227;-0.40599897147057507;-0.18749999999999997;0.0
Cc1nn(-c2ccccc2)cc1C(=O)N1CCC(CC(=O)NC2CCCC2)CC1;-0.8524813040721054;-0.5579451408316085;-0.16957679805484424;-0.3851146642402806;0.6835602399553516;-0.9731903819644286;-0.6209838283181613;-0.49920768260333204;-0.24710536429033883;-0.030729254193150108;-0.48521256726432327;-0.4361122207682917;-0.15220388682955227;-0.40599897147057507;-0.18749999999999997;0.0
Cc1nn(-c2ccccc2)nc1C(=O)Nc1cccc(C2OCCCO2)c1;-1.2941843677810418;0.5276691898919297;-0.16957679805484424;-0.3851146642402806;-0.4458020348823024;-0.9731903819644286;-0.6209838283181613;-0.49920768260333204;-0.24710536429033883;-0.030729254193150108;-0.48521256726432327;-0.4361122207682917;-0.15220388682955227;-0.40599897147057507;-0.18749999999999997;1.0
Cc1nn(-c2ccccc2Cl)c2c1C(c1cccs1)SCC(=O)N2;-0.9877862280481674;1.4954036508467712;-0.16957679805484424;-0.3851146642402806;-0.4458020348823024;-0.9731903819644286;-0.6209838283181613;-0.49920768260333204;-0.24710536429033883;-0.030729254193150108;-0.48521256726432327;-0.4361122207682917;6.5701344481423405;-0.40599897147057507;-0.18749999999999997;1.0
Cc1nn(-c2ccccc2Cl)c2nc(-c3ccncc3)cc(C(F)(F)F)c12;0.013038414967044686;-0.8148824283642508;-0.16957679805484424;-0.3851146642402806;-0.40117877074897995;0.16542088170256303;-0.6209838283181613;-0.49920768260333204;-0.24710536429033883;-0.030729254193150108;-0.48521256726432327;-0.4361122207682917;-0.15220388682955227;-0.40599897147057507;-0.18749999999999997;1.0
Cc1nn(-c2ccccc2Cl)cc1-c1noc(C(=O)NCCC(C)C)n1;0.5402465388951426;0.7029024863408355;-0.16957679805484424;-0.3851146642402806;-0.4458020348823024;-0.9731903819644286;-0.6209838283181613;-0.49920768260333204;-0.24710536429033883;-0.030729254193150108;-0.48521256726432327;-0.4361122207682917;-0.15220388682955227;-0.40599897147057507;-0.18749999999999997;0.0
Cc1nn(-c2ccccc2F)c2c1C(=O)CC(c1ccccc1)C2;-0.9877862280481674;-0.40469803154136463;-0.16957679805484424;-0.3851146642402806;-0.4458020348823024;-0.4038847501309328;-0.6209838283181613;-0.49920768260333204;-0.24710536429033883;-0.030729254193150108;-0.48521256726432327;-0.4361122207682917;-0.15220388682955227;-0.40599897147057507;-0.18749999999999997;1.0
Cc1nn(-c2ccccn2)c(O)c1C(=O)Nc1ccccc1;-0.29071046421457947;0.2686782928012695;-0.16957679805484424;-0.3851146642402806;-0.4458020348823024;-0.9731903819644286;-0.6209838283181613;-0.49920768260333204;-0.24710536429033883;-0.030729254193150108;-0.48521256726432327;-0.4361122207682917;-0.15220388682955227;-0.40599897147057507;-0.18749999999999997;0.0
Cc1nn(-c2ccccn2)c2c1-c1[nH]c(=O)c(C#N)cc1CC2;-1.0219066001812638;0.27375183093420047;-0.16957679805484424;-0.3851146642402806;-0.4458020348823024;0.16542088170256303;-0.6209838283181613;-0.49920768260333204;-0.24710536429033883;-0.030729254193150108;-0.48521256726432327;-0.4361122207682917;-0.15220388682955227;-0.40599897147057507;-0.18749999999999997;0.0
Cc1nn(-c2ccccn2)c2c1C(=O)/C(=C\Nc1ccc([N+](=O)[O-])cc1)CC2;-0.4961387392547461;0.5127847845339638;-0.16957679805484424;-0.3851146642402806;1.9366447060446763;-0.9731903819644286;-0.6209838283181613;-0.49920768260333204;-0.24710536429033883;-0.030729254193150108;-0.48521256726432327;-0.4361122207682917;-0.15220388682955227;-0.40599897147057507;-0.18749999999999997;0.0
Cc1nn(-c2ccccn2)c2c1C(=O)OC(=O)C(C)(C)C2;0.8797784352615575;0.6378683563772637;-0.16957679805484424;-0.3851146642402806;-0.4458020348823024;-0.9731903819644286;-0.6209838283181613;-0.49920768260333204;-0.24710536429033883;-0.030729254193150108;-0.48521256726432327;-0.4361122207682917;-0.15220388682955227;-0.40599897147057507;-0.18749999999999997;0.0
Cc1nn(-c2ccccn2)c2c1C(Cl)=C(/C=N/NC(=O)c1ccccc1O)CC2;-0.48603111614206007;0.4422924311558292;-0.16957679805484424;-0.3851146642402806;-0.4458020348823024;-0.4038847501309328;-0.6209838283181613;-0.49920768260333204;4.046856703705712;-0.030729254193150108;-0.48521256726432327;-0.4361122207682917;-0.15220388682955227;-0.40599897147057507;-0.18749999999999997;0.0
Cc1nn(-c2ccnc(Nc3ccc(-c4csc5c(=O)cc(N6CCOCC6)oc45)cc3)n2)cc1CN1CCC1;-2.2074454848575664;-1.0732246239849448;-0.16957679805484424;-0.3851146642402806;0.708380942051631;0.16542088170256303;-0.6209838283181613;-0.49920768260333204;-0.24710536429033883;-0.030729254193150108;-0.48521256726432327;-0.4361122207682917;-0.15220388682955227;-0.40599897147057507;-0.18749999999999997;0.0
Cc1nn(-c2ccnc(Nc3ccc4c(c3)c(C(=O)C3CC3)cn4C)n2)cc1CN1C[C@H](O)CO1;-1.4035261779132586;2.1855260209936733;-0.16957679805484424;1.6258289027286723;0.6937010783290578;0.16542088170256303;-0.6209838283181613;-0.49920768260333204;-0.24710536429033883;-0.030729254193150108;-0.48521256726432327;-0.4361122207682917;-0.15220388682955227;-0.40599897147057507;-0.18749999999999997;0.0
Cc1nn(-c2nc(-c3ccc(Cl)cc3)cs2)c(C)c1CC(=O)N1CCCC1;-0.5069950751905897;0.6134991240843984;-0.16957679805484424;1.6258289027286723;-0.4458020348823024;-0.4038847501309328;-0.6209838283181613;-0.49920768260333204;4.046856703705712;-0.030729254193150108;-0.48521256726432327;-0.4361122207682917;-0.15220388682955227;-0.40599897147057507;-0.18749999999999997;0.0
Cc1nn(-c2nc(-c3ccc(Cl)cc3)cs2)c(C)c1CC(=O)N1CCOCC1;-0.4961387392547461;0.47275292016739107;-0.16957679805484424;-0.3851146642402806;-0.4458020348823024;-0.4038847501309328;-0.6209838283181613;-0.49920768260333204;4.046856703705712;-0.030729254193150108;-0.48521256726432327;-0.4361122207682917;-0.15220388682955227;-0.40599897147057507;-0.18749999999999997;0.0
Cc1nn(-c2nc(-c3ccc(Cl)cc3)cs2)c(O)c1CC(=O)NC(C)C;0.9489794408171084;-0.16299857467155754;-0.16957679805484424;-0.3851146642402806;-0.4458020348823024;-0.4038847501309328;-0.6209838283181613;-0.49920768260333204;4.046856703705712;-0.030729254193150108;-0.48521256726432327;-0.4361122207682917;-0.15220388682955227;-0.40599897147057507;-0.18749999999999997;0.0
Cc1nn(-c2nc(-c3ccc(Cl)cc3)cs2)c(O)c1CC(=O)Nc1cccc(C(F)(F)F)c1;0.6178194572766832;0.05143687281313516;-0.16957679805484424;-0.3851146642402806;-0.4458020348823024;0.16542088170256303;-0.6209838283181613;-0.49920768260333204;4.046856703705712;-0.030729254193150108;-0.48521256726432327;-0.4361122207682917;-0.15220388682955227;-0.40599897147057507;-0.18749999999999997;0.0
Cc1nn(-c2nc(-c3ccc(Cl)cc3)cs2)c(O)c1CCC(=O)N1CCOCC1;-0.48603111614206007;-1.470121179644934;-0.16957679805484424;-0.3851146642402806;-0.4458020348823024;-0.4038847501309328;-0.6209838283181613;-0.49920768260333204;4.046856703705712;-0.030729254193150108;2.060952389667274;1.050315284101127;-0.15220388682955227;-0.40599897147057507;-0.18749999999999997;0.0
Cc1nn(-c2nc(-c3ccc(F)cc3)cs2)c(O)c1CCC(=O)N1CCCCC1;-0.48603111614206007;-0.9630763073670994;-0.16957679805484424;-0.3851146642402806;-0.4458020348823024;-0.4038847501309328;1.6103478937742153;0.364022567901614;-0.24710536429033883;-0.030729254193150108;2.060952389667274;1.050315284101127;-0.15220388682955227;-0.40599897147057507;-0.18749999999999997;0.0
Cc1nn(-c2nc(-c3ccccc3)cs2)c(O)c1CC(=O)N1CCCCC1;-0.9005897214858158;0.6835727905525215;-0.16957679805484424;-0.3851146642402806;-0.4458020348823024;-0.4038847501309328;-0.6209838283181613;-0.49920768260333204;-0.24710536429033883;-0.030729254193150108;-0.48521256726432327;-0.4361122207682917;-0.15220388682955227;-0.40599897147057507;-0.18749999999999997;1.0
Cc1nn(-c2nc(-c3ccccc3)cs2)c(O)c1CC(=O)Nc1nccs1;-0.9005897214858158;-1.3329792689314277;-0.16957679805484424;-0.3851146642402806;-0.4458020348823024;-0.4038847501309328;-0.6209838283181613;-0.49920768260333204;-0.24710536429033883;-0.030729254193150108;-0.48521256726432327;-0.4361122207682917;-0.15220388682955227;-0.40599897147057507;-0.18749999999999997;1.0
Cc1nn(-c2nc(-c3ccccc3)cs2)c(O)c1CCC(=O)N1CCCC1;-0.9005897214858158;-1.2892465799358597;-0.16957679805484424;1.6258289027286723;-0.4458020348823024;-0.4038847501309328;-0.6209838283181613;-0.49920768260333204;-0.24710536429033883;-0.030729254193150108;2.060952389667274;1.050315284101127;-0.15220388682955227;-0.40599897147057507;-0.18749999999999997;1.0
Cc1nn(-c2nc(CC(=O)N(CCO)CCO)cs2)c(C)c1Cl;1.8342487995942152;-1.5059381821955349;-0.16957679805484424;-0.3851146642402806;-0.4458020348823024;-1.5424960137979244;-0.6209838283181613;-0.49920768260333204;-0.24710536429033883;-0.030729254193150108;2.060952389667274;1.050315284101127;-0.15220388682955227;-0.40599897147057507;-0.18749999999999997;0.0
Cc1nn(-c2nc(CC(=O)N3CCCC3)cs2)c(C)c1Cc1ccccc1Cl;-0.49613873925473884;0.3970003336987347;-0.16957679805484424;1.6258289027286723;-0.4458020348823024;-0.4038847501309328;-0.6209838283181613;-0.49920768260333204;4.046856703705712;-0.030729254193150108;-0.48521256726432327;-0.4361122207682917;-0.15220388682955227;-0.40599897147057507;-0.18749999999999997;0.0
Cc1nn(-c2nc(CC(=O)N3CCCCC3)cs2)c(C)c1Cl;0.19233751078410677;-0.9188715441770852;-0.16957679805484424;-0.3851146642402806;-0.4458020348823024;-1.5424960137979244;-0.6209838283181613;-0.49920768260333204;-0.24710536429033883;-0.030729254193150108;-0.48521256726432327;-0.4361122207682917;-0.15220388682955227;-0.40599897147057507;-0.18749999999999997;0.0
Cc1nn(-c2nc(CC(=O)N3CCOCC3)cs2)c(C)c1Cl;0.19233751078410677;-1.2460937189362873;-0.16957679805484424;-0.3851146642402806;-0.4458020348823024;-1.5424960137979244;-0.6209838283181613;-0.49920768260333204;-0.24710536429033883;-0.030729254193150108;-0.48521256726432327;-0.4361122207682917;-0.15220388682955227;-0.40599897147057507;-0.18749999999999997;0.0
Cc1nn(-c2nc(CC(=O)NC(C)C)cs2)c(C)c1Cc1ccc(Cl)cc1;0.9063128811947336;-0.7047472275895242;-0.16957679805484424;-0.3851146642402806;-0.4458020348823024;-0.4038847501309328;-0.6209838283181613;-0.49920768260333204;-0.24710536429033883;-0.030729254193150108;-0.48521256726432327;-0.4361122207682917;-0.15220388682955227;-0.40599897147057507;-0.18749999999999997;0.0
Cc1nn(-c2nc(CC(=O)NCc3ccccc3)cs2)c(C)c1CCC(C)C;0.48715623833213995;2.703931257636617;-0.16957679805484424;-0.3851146642402806;-0.4458020348823024;-0.4038847501309328;-0.6209838283181613;-0.49920768260333204;-0.24710536429033883;-0.030729254193150108;-0.48521256726432327;-0.4361122207682917;-0.15220388682955227;-0.40599897147057507;-0.18749999999999997;0.0
Cc1nn(-c2nc(CC(=O)NCc3ccccc3)cs2)c(C)c1Cl;0.15939124580318756;0.504321098679089;-0.16957679805484424;-0.3851146642402806;-0.4458020348823024;-0.9731903819644286;-0.6209838283181613;-0.49920768260333204;-0.24710536429033883;-0.030729254193150108;-0.48521256726432327;-0.4361122207682917;-0.15220388682955227;-0.40599897147057507;-0.18749999999999997;1.0
Cc1nn(-c2nc(CC(=O)Nc3ccc(F)cc3)cs2)c(C)c1Cl;0.602185222885316;-0.11487784625862105;-0.16957679805484424;-0.3851146642402806;-0.4458020348823024;-1.5424960137979244;-0.6209838283181613;-0.49920768260333204;-0.24710536429033883;-0.030729254193150108;-0.48521256726432327;-0.4361122207682917;-0.15220388682955227;-0.40599897147057507;-0.18749999999999997;0.0
Cc1nn(-c2nc(CC(=O)Nc3ccc(N(C)C)cc3)cs2)c(C)c1CCC(C)C;1.1496150078422722;1.9820961067312683;-0.16957679805484424;-0.3851146642402806;-0.4458020348823024;-0.9731903819644286;-0.6209838283181613;-0.49920768260333204;-0.24710536429033883;-0.030729254193150108;-0.48521256726432327;-0.4361122207682917;-0.15220388682955227;-0.40599897147057507;-0.18749999999999997;0.0
Cc1nn(-c2nc(CC(=O)Nc3ccccc3)cs2)c(C)c1Cl;0.17514815514189058;-0.1348995185965921;-0.16957679805484424;-0.3851146642402806;-0.4458020348823024;-1.5424960137979244;-0.6209838283181613;-0.49920768260333204;-0.24710536429033883;-0.030729254193150108;-0.48521256726432327;-0.4361122207682917;-0.15220388682955227;-0.40599897147057507;-0.18749999999999997;1.0
Cc1nn(-c2nc(CC(=O)Nc3cccnc3)cs2)c(C)c1Cl;0.17514815514189058;-0.35115534177906677;-0.16957679805484424;-0.3851146642402806;0.728183504088674;-1.5424960137979244;-0.6209838283181613;-0.49920768260333204;-0.24710536429033883;-0.030729254193150108;-0.48521256726432327;-0.4361122207682917;-0.15220388682955227;-0.40599897147057507;-0.18749999999999997;0.0
Cc1nn(-c2nc3ccc(Cl)c(Cl)c3[nH]2)c(O)c1C1OC(=O)c2ccccc21;-0.7203583275579761;0.23569984549323475;-0.16957679805484424;1.6258289027286723;-1.5751643097199564;0.16542088170256303;-0.6209838283181613;-0.49920768260333204;4.046856703705712;-0.030729254193150108;2.060952389667274;1.050315284101127;-0.15220388682955227;-0.40599897147057507;-0.18749999999999997;1.0
Cc1nn(-c2nc3ccccc3[nH]2)c(O)c1CCC#N;-0.2994797437373544;-0.8210383235013462;-0.16957679805484424;-0.3851146642402806;-1.5751643097199564;-0.9731903819644286;-0.6209838283181613;-0.49920768260333204;-0.24710536429033883;-0.030729254193150108;-0.48521256726432327;-0.4361122207682917;-0.15220388682955227;-0.40599897147057507;-0.18749999999999997;1.0
Cc1nn(-c2nc3ccccc3[nH]2)c(O)c1CCC(C)C;0.21116394791605234;0.2218765534699163;-0.16957679805484424;-0.3851146642402806;-1.5751643097199564;-0.9731903819644286;-0.6209838283181613;-0.49920768260333204;-0.24710536429033883;-0.030729254193150108;-0.48521256726432327;-0.4361122207682917;-0.15220388682955227;-0.40599897147057507;-0.18749999999999997;1.0
Cc1nn(-c2nc3ccccc3[nH]2)c2c1C(=O)CC(/C=C/c1ccccc1)C2;-1.8589714114834492;-0.6064856904052474;-0.16957679805484424;-0.3851146642402806;-0.4458020348823024;-0.4038847501309328;-0.6209838283181613;-0.49920768260333204;-0.24710536429033883;-0.030729254193150108;-0.48521256726432327;-0.4361122207682917;-0.15220388682955227;-0.40599897147057507;-0.18749999999999997;1.0
Cc1nn(-c2nc3ccccc3[nH]2)c2c1C(=O)CC(C)(C)C2;-0.42090590458757915;0.12851839242051202;-0.16957679805484424;-0.3851146642402806;-0.4458020348823024;-0.9731903819644286;-0.6209838283181613;-0.49920768260333204;-0.24710536429033883;-0.030729254193150108;-0.48521256726432327;-0.4361122207682917;-0.15220388682955227;-0.40599897147057507;-0.18749999999999997;0.0
Cc1nn(-c2nc3ccccc3[nH]2)c2c1C(=O)CC(c1ccc(C(C)C)cc1)C2;-1.0689691824338277;-2.013381631744454;-0.16957679805484424;-0.3851146642402806;-0.4458020348823024;0.16542088170256303;-0.6209838283181613;-0.49920768260333204;-0.24710536429033883;-0.030729254193150108;-0.48521256726432327;-0.4361122207682917;-0.15220388682955227;-0.40599897147057507;-0.18749999999999997;1.0
Cc1nn(-c2nc3ccccc3[nH]2)c2c1C(=O)CC(c1ccccc1)C2;-1.986352468598561;-1.4915244503490128;-0.16957679805484424;-0.3851146642402806;-0.4458020348823024;-0.4038847501309328;-0.6209838283181613;-0.49920768260333204;-0.24710536429033883;-0.030729254193150108;-0.48521256726432327;-0.4361122207682917;-0.15220388682955227;-0.40599897147057507;-0.18749999999999997;1.0
Cc1nn(-c2nc3ccccc3[nH]2)c2c1C(=O)CC(c1ccco1)C2;-2.0576858605830215;-1.2659249146880336;-0.16957679805484424;-0.3851146642402806;-0.4458020348823024;-0.9731903819644286;-0.6209838283181613;-0.49920768260333204;-0.24710536429033883;-0.030729254193150108;-0.48521256726432327;-0.4361122207682917;-0.15220388682955227;-0.40599897147057507;-0.18749999999999997;1.0
Cc1nn(-c2nc3ccccc3n2C)c2c1C(c1ccccc1F)CC(=O)N2;-1.0998960221997789;0.25356254470613965;-0.16957679805484424;-0.3851146642402806;-0.4458020348823024;-0.4038847501309328;1.6103478937742153;2.090483068911506;-0.24710536429033883;-0.030729254193150108;-0.48521256726432327;-0.4361122207682917;-0.15220388682955227;2.463060426921489;-0.18749999999999997;1.0
Cc1nn(-c2nc3ccccc3s2)c2c1C(=O)CC(C)(C)C2;-0.42090590458757915;-0.24669503665374504;-0.16957679805484424;-0.3851146642402806;-0.4458020348823024;-0.9731903819644286;-0.6209838283181613;-0.49920768260333204;-0.24710536429033883;-0.030729254193150108;-0.48521256726432327;-0.4361122207682917;6.5701344481423405;-0.40599897147057507;-0.18749999999999997;0.0
Cc1nn(-c2nc3ccccc3s2)c2c1C(=O)CC(C)C2;-1.0998960221997789;-0.8220640895264002;-0.16957679805484424;-0.3851146642402806;-0.4458020348823024;-0.9731903819644286;-0.6209838283181613;-0.49920768260333204;-0.24710536429033883;-0.030729254193150108;-0.48521256726432327;-0.4361122207682917;6.5701344481423405;-0.40599897147057507;-0.18749999999999997;1.0
Cc1nn(-c2nc3ccccc3s2)c2c1C(c1ccc3ccccc3c1)CC(=O)N2;-2.3120812927323797;-1.2441187560612539;-0.16957679805484424;-0.3851146642402806;-0.4458020348823024;0.7347265135360589;-0.6209838283181613;-0.49920768260333204;-0.24710536429033883;-0.030729254193150108;-0.48521256726432327;-0.4361122207682917;6.5701344481423405;-0.40599897147057507;-0.18749999999999997;1.0
Cc1nn(-c2nc3ccccc3s2)c2c1C(c1cccc3ccccc13)CC(=O)N2;-2.3120812927323797;-0.3880926925575124;-0.16957679805484424;-0.3851146642402806;-0.4458020348823024;0.7347265135360589;-0.6209838283181613;-0.49920768260333204;-0.24710536429033883;-0.030729254193150108;-0.48521256726432327;-0.4361122207682917;6.5701344481423405;-0.40599897147057507;-0.18749999999999997;1.0
Cc1nn(-c2nc3ccccc3s2)c2c1C(c1cccs1)CC(=O)N2;-2.057685860583014;0.2988707832945843;-0.16957679805484424;-0.3851146642402806;-0.4458020348823024;-0.9731903819644286;-0.6209838283181613;-0.49920768260333204;-0.24710536429033883;-0.030729254193150108;-0.48521256726432327;-0.4361122207682917;6.5701344481423405;-0.40599897147057507;-0.18749999999999997;0.0
Cc1nn(-c2ncccc2CO)cc1CN1CCC2(CC1)OCC(F)(F)c1cc(Cl)sc12;-0.4423251962188013;2.6960741068257117;-0.16957679805484424;-0.3851146642402806;-0.4209813327860232;0.16542088170256303;-0.6209838283181613;-0.49920768260333204;-0.24710536429033883;-0.030729254193150108;-0.48521256726432327;-0.4361122207682917;-0.15220388682955227;-0.40599897147057507;-0.18749999999999997;0.0
Cc1nn(-c2nncc(-c3ccc(Cl)cc3)n2)c2c1C(c1ccc(F)cc1)CC(=O)N2;-1.013101342856606;-0.09363493526212888;-0.16957679805484424;-0.3851146642402806;-0.4458020348823024;0.16542088170256303;-0.6209838283181613;-0.49920768260333204;4.046856703705712;-0.030729254193150108;-0.48521256726432327;-0.4361122207682917;-0.15220388682955227;-0.40599897147057507;-0.18749999999999997;1.0
Cc1nn(-c2nncc(-c3ccc(Cl)cc3)n2)c2c1C(c1ccc(O)cc1)CC(=O)N2;-1.013101342856606;-0.165647609142336;-0.16957679805484424;-0.3851146642402806;-0.4458020348823024;0.16542088170256303;-0.6209838283181613;-0.49920768260333204;4.046856703705712;-0.030729254193150108;-0.48521256726432327;-0.4361122207682917;-0.15220388682955227;-0.40599897147057507;-0.18749999999999997;1.0
Cc1nn(-c2nncc(-c3ccc(F)cc3)n2)c2c1C(c1ccccc1F)CC(=O)N2;-1.013101342856606;-0.004587137355267699;-0.16957679805484424;-0.3851146642402806;-0.4458020348823024;0.16542088170256303;1.6103478937742153;2.953713319416452;-0.24710536429033883;-0.030729254193150108;-0.48521256726432327;-0.4361122207682917;-0.15220388682955227;2.463060426921489;-0.18749999999999997;1.0
Cc1nn(-c2nncc(-c3ccccc3)n2)c2c1C(c1cc(F)cc(F)c1)CC(=O)N2;-1.013101342856606;0.09245896069503719;-0.16957679805484424;-0.3851146642402806;-0.4458020348823024;0.16542088170256303;-0.6209838283181613;-0.49920768260333204;-0.24710536429033883;-0.030729254193150108;-0.48521256726432327;-0.4361122207682917;-0.15220388682955227;-0.40599897147057507;-0.18749999999999997;1.0
Cc1nn(-c2nncc(-c3ccccc3)n2)c2c1C(c1ccc(Br)cc1)CC(=O)N2;-1.3943393136512956;-0.27760094834275534;-0.16957679805484424;-0.3851146642402806;-0.4458020348823024;0.16542088170256303;-0.6209838283181613;-0.49920768260333204;-0.24710536429033883;-0.030729254193150108;-0.48521256726432327;-0.4361122207682917;-0.15220388682955227;-0.40599897147057507;-0.18749999999999997;1.0
Cc1nn(-c2nncc(-c3ccccc3)n2)c2c1C(c1ccc(F)cc1)CC(=O)N2;-1.3943393136512956;-0.010406485027619716;-0.16957679805484424;-0.3851146642402806;-0.4458020348823024;0.16542088170256303;-0.6209838283181613;-0.49920768260333204;-0.24710536429033883;-0.030729254193150108;-0.48521256726432327;-0.4361122207682917;-0.15220388682955227;-0.40599897147057507;-0.18749999999999997;1.0
Cc1nn(-c2nncc(-c3ccccc3)n2)c2c1C(c1ccc(O)cc1)CC(=O)N2;-1.3943393136512956;-0.08884261400835732;-0.16957679805484424;-0.3851146642402806;-0.4458020348823024;0.16542088170256303;-0.6209838283181613;-0.49920768260333204;-0.24710536429033883;-0.030729254193150108;-0.48521256726432327;-0.4361122207682917;-0.15220388682955227;-0.40599897147057507;-0.18749999999999997;1.0
Cc1nn(-c2nncc(-c3ccccc3)n2)c2c1C(c1cccc(Cl)c1)CC(=O)N2;-1.3943393136512956;-0.8240376716816169;-0.16957679805484424;-0.3851146642402806;-0.4458020348823024;0.16542088170256303;-0.6209838283181613;-0.49920768260333204;-0.24710536429033883;-0.030729254193150108;-0.48521256726432327;-0.4361122207682917;-0.15220388682955227;-0.40599897147057507;-0.18749999999999997;1.0
Cc1nn(-c2nncc(-c3ccccc3)n2)c2c1C(c1cccc(F)c1F)CC(=O)N2;-1.013101342856599;0.043935911669884704;-0.16957679805484424;-0.3851146642402806;-0.4458020348823024;0.16542088170256303;1.6103478937742153;2.090483068911506;-0.24710536429033883;-0.030729254193150108;-0.48521256726432327;-0.4361122207682917;-0.15220388682955227;2.463060426921489;-0.18749999999999997;1.0
Cc1nn(-c2nnn(CC(=O)O)n2)c(C)c1Br;1.9281631149774772;-0.7089986533425513;-0.16957679805484424;-0.3851146642402806;-0.4458020348823024;-1.5424960137979244;-0.6209838283181613;-0.49920768260333204;-0.24710536429033883;32.54228019054596;-0.48521256726432327;-0.4361122207682917;-0.15220388682955227;-0.40599897147057507;-0.18749999999999997;0.0
Cc1nn(C(=O)C(C)(C)C)c(C)c1S(=O)(=O)N1CCC(C)CC1;3.517242883006472;2.7672103484785064;-0.16957679805484424;-0.3851146642402806;-0.4458020348823024;-1.5424960137979244;-0.6209838283181613;-0.49920768260333204;-0.24710536429033883;-0.030729254193150108;2.060952389667274;2.536742788970546;-0.15220388682955227;-0.40599897147057507;-0.18749999999999997;0.0
Cc1nn(C(=O)C(C)(C)C)c(C)c1S(=O)(=O)N1CCCCC1;3.2032976603711307;2.878079469126256;-0.16957679805484424;-0.3851146642402806;-0.4458020348823024;-1.5424960137979244;-0.6209838283181613;-0.49920768260333204;-0.24710536429033883;-0.030729254193150108;2.060952389667274;2.536742788970546;-0.15220388682955227;-0.40599897147057507;-0.18749999999999997;0.0
Cc1nn(C(=O)C23CC4CC(CC(C4)C2)C3)c(C)c1S(=O)(=O)N1CCC(C)CC1;-0.10063095938172825;0.152680412487834;-0.16957679805484424;-0.3851146642402806;-0.4458020348823024;-1.5424960137979244;-0.6209838283181613;-0.49920768260333204;-0.24710536429033883;-0.030729254193150108;2.060952389667274;2.536742788970546;-0.15220388682955227;-0.40599897147057507;-0.18749999999999997;0.0
Cc1nn(C(=O)C23CC4CC(CC(C4)C2)C3)c(C)c1S(=O)(=O)N1CCCC1;-0.4866414049654616;0.9546548536019502;-0.16957679805484424;1.6258289027286723;-0.4458020348823024;-1.5424960137979244;-0.6209838283181613;-0.49920768260333204;-0.24710536429033883;-0.030729254193150108;2.060952389667274;2.536742788970546;-0.15220388682955227;-0.40599897147057507;-0.18749999999999997;0.0
Cc1nn(C(=O)C23CC4CC(CC(C4)C2)C3)c(C)c1S(=O)(=O)N1CCCCC1;-0.4765119858233707;0.2626858021723508;-0.16957679805484424;-0.3851146642402806;-0.4458020348823024;-1.5424960137979244;-0.6209838283181613;-0.49920768260333204;-0.24710536429033883;-0.030729254193150108;2.060952389667274;2.536742788970546;-0.15220388682955227;-0.40599897147057507;-0.18749999999999997;0.0
Cc1nn(C(=O)C2CC2)c(C)c1S(=O)(=O)N1CCC(C)CC1;1.3136084055216795;1.5071167213475702;-0.16957679805484424;-0.3851146642402806;-0.4458020348823024;-1.5424960137979244;-0.6209838283181613;-0.49920768260333204;-0.24710536429033883;-0.030729254193150108;2.060952389667274;2.536742788970546;-0.15220388682955227;-0.40599897147057507;-0.18749999999999997;0.0
Cc1nn(C(=O)C2CC2)c(C)c1S(=O)(=O)N1CCCC1;0.9339182404739783;2.3868182177050694;-0.16957679805484424;1.6258289027286723;-0.4458020348823024;-1.5424960137979244;-0.6209838283181613;-0.49920768260333204;-0.24710536429033883;-0.030729254193150108;2.060952389667274;2.536742788970546;-0.15220388682955227;-0.40599897147057507;-0.18749999999999997;0.0
Cc1nn(C(=O)C2CC2)c(C)c1S(=O)(=O)N1CCCCC1;0.8797784352615575;1.6536807537995155;-0.16957679805484424;-0.3851146642402806;-0.4458020348823024;-1.5424960137979244;-0.6209838283181613;-0.49920768260333204;-0.24710536429033883;-0.030729254193150108;2.060952389667274;2.536742788970546;-0.15220388682955227;-0.40599897147057507;-0.18749999999999997;0.0
Cc1nn(C(=O)C2CC2)c(C)c1S(=O)(=O)N1CCCCCC1;0.8305604305229932;0.9360118607034411;-0.16957679805484424;-0.3851146642402806;-0.4458020348823024;-1.5424960137979244;-0.6209838283181613;-0.49920768260333204;-0.24710536429033883;-0.030729254193150108;2.060952389667274;2.536742788970546;-0.15220388682955227;-0.40599897147057507;-0.18749999999999997;0.0
Cc1nn(C(=O)C2CCCC2)c(C)c1S(=O)(=O)N1CCC(C)CC1;1.1872228993126195;0.1865422408035381;-0.16957679805484424;-0.3851146642402806;-0.4458020348823024;-1.5424960137979244;-0.6209838283181613;-0.49920768260333204;-0.24710536429033883;-0.030729254193150108;2.060952389667274;2.536742788970546;-0.15220388682955227;-0.40599897147057507;-0.18749999999999997;0.0
Cc1nn(C(=O)C2CCCCC2)c(C)c1S(=O)(=O)N1CCOCC1;0.7444289222304911;0.828485589695177;-0.16957679805484424;-0.3851146642402806;-0.4458020348823024;-1.5424960137979244;-0.6209838283181613;-0.49920768260333204;-0.24710536429033883;-0.030729254193150108;2.060952389667274;2.536742788970546;-0.15220388682955227;-0.40599897147057507;-0.18749999999999997;0.0
Cc1nn(C(=O)CC2CCCCC2)c(C)c1S(=O)(=O)N1CCCC1;0.7444289222304911;-0.4303002628132468;-0.16957679805484424;1.6258289027286723;-0.4458020348823024;-1.5424960137979244;-0.6209838283181613;-0.49920768260333204;-0.24710536429033883;-0.030729254193150108;2.060952389667274;2.536742788970546;-0.15220388682955227;-0.40599897147057507;-0.18749999999999997;0.0
Cc1nn(C(=O)CC2CCCCC2)c(C)c1S(=O)(=O)N1CCCCC1;0.7065310585817979;-1.08938979848443;-0.16957679805484424;-0.3851146642402806;-0.4458020348823024;-1.5424960137979244;-0.6209838283181613;-0.49920768260333204;-0.24710536429033883;-0.030729254193150108;2.060952389667274;2.536742788970546;-0.15220388682955227;-0.40599897147057507;-0.18749999999999997;0.0
Cc1nn(C(=O)CC2CCCCC2)c(C)c1S(=O)(=O)N1CCOCC1;0.7065310585817979;-0.2845442626160818;-0.16957679805484424;-0.3851146642402806;-0.4458020348823024;-1.5424960137979244;-0.6209838283181613;-0.49920768260333204;-0.24710536429033883;-0.030729254193150108;2.060952389667274;2.536742788970546;-0.15220388682955227;-0.40599897147057507;-0.18749999999999997;0.0
Cc1nn(C(=O)CCC(=O)N2CCC(c3nc(C4CCOCC4)no3)C2)c2ccccc12;-1.3198817108597853;0.44155958399429857;-0.16957679805484424;1.6258289027286723;0.6835602399553516;-0.9731903819644286;-0.6209838283181613;-0.49920768260333204;-0.24710536429033883;-0.030729254193150108;2.060952389667274;2.536742788970546;-0.15220388682955227;-0.40599897147057507;-0.18749999999999997;0.0
Cc1nn(C(=O)CCC(=O)N2CCC3(CCCCO3)CC2)c2ccccc12;-0.7741508776234219;0.43498330896985876;-0.16957679805484424;-0.3851146642402806;0.6835602399553516;-0.9731903819644286;-0.6209838283181613;-0.49920768260333204;-0.24710536429033883;-0.030729254193150108;2.060952389667274;1.050315284101127;-0.15220388682955227;-0.40599897147057507;-0.18749999999999997;0.0
Cc1nn(C(=O)COc2ccc(C(C)(C)C)cc2)c(C)c1S(=O)(=O)N1CCCC1;1.7981455490618978;-0.0665607591541731;-0.16957679805484424;1.6258289027286723;-0.4458020348823024;-0.9731903819644286;-0.6209838283181613;-0.49920768260333204;-0.24710536429033883;-0.030729254193150108;2.060952389667274;2.536742788970546;6.5701344481423405;-0.40599897147057507;-0.18749999999999997;0.0
Cc1nn(C(=O)COc2ccc(Cl)cc2Cl)c(N)c1-c1ccccc1;0.56997710721042;0.4850946091705762;4.3242083503985285;-0.3851146642402806;-0.4458020348823024;-0.4038847501309328;-0.6209838283181613;-0.49920768260333204;4.046856703705712;-0.030729254193150108;-0.48521256726432327;-0.4361122207682917;-0.15220388682955227;-0.40599897147057507;5.333333333333333;0.0
Cc1nn(C(=O)COc2ccccc2)c(C)c1S(=O)(=O)N1CCCCC1;0.6715484152137646;0.22219483070921187;-0.16957679805484424;-0.3851146642402806;-0.4458020348823024;-1.5424960137979244;-0.6209838283181613;-0.49920768260333204;-0.24710536429033883;-0.030729254193150108;2.060952389667274;2.536742788970546;6.5701344481423405;-0.40599897147057507;-0.18749999999999997;0.0
Cc1nn(C(=O)COc2ccccc2)c(C)c1S(=O)(=O)N1CCCCCC1;0.639157078761887;-0.4496469996409269;-0.16957679805484424;-0.3851146642402806;-0.4458020348823024;-1.5424960137979244;-0.6209838283181613;-0.49920768260333204;-0.24710536429033883;-0.030729254193150108;2.060952389667274;2.536742788970546;6.5701344481423405;-0.40599897147057507;-0.18749999999999997;0.0
Cc1nn(C(=O)COc2ccccc2[N+](=O)[O-])c(C)c1S(=O)(=O)N1CCC(C)CC1;1.617645148984125;0.21525663742628215;-0.16957679805484424;-0.3851146642402806;1.9366447060446763;-1.5424960137979244;-0.6209838283181613;-0.49920768260333204;-0.24710536429033883;-0.030729254193150108;2.060952389667274;2.536742788970546;6.5701344481423405;-0.40599897147057507;-0.18749999999999997;0.0
Cc1nn(C(=O)COc2ccccc2[N+](=O)[O-])c(C)c1S(=O)(=O)N1CCCCCC1;1.2634099673184107;-0.3315656223754578;-0.16957679805484424;-0.3851146642402806;1.9366447060446763;-1.5424960137979244;-0.6209838283181613;-0.49920768260333204;-0.24710536429033883;-0.030729254193150108;2.060952389667274;2.536742788970546;6.5701344481423405;-0.40599897147057507;-0.18749999999999997;0.0
Cc1nn(C(=O)Cc2ccc(F)cc2)c(C)c1S(=O)(=O)N1CCCCC1;1.0802813171357304;-0.4484022573593184;-0.16957679805484424;-0.3851146642402806;-0.4458020348823024;-0.9731903819644286;-0.6209838283181613;-0.49920768260333204;-0.24710536429033883;-0.030729254193150108;2.060952389667274;2.536742788970546;-0.15220388682955227;-0.40599897147057507;-0.18749999999999997;0.0
Cc1nn(C(=O)Cn2nc(C)c(I)c2C)c(C)c1Cl;2.822465711399244;0.5914220382151552;-0.16957679805484424;-0.3851146642402806;0.657005475036045;-1.5424960137979244;-0.6209838283181613;-0.49920768260333204;4.046856703705712;-0.030729254193150108;-0.48521256726432327;-0.4361122207682917;-0.15220388682955227;-0.40599897147057507;-0.18749999999999997;0.0
Cc1nn(C(=O)c2c(F)cccc2F)c(C)c1S(=O)(=O)N1CCC(C)CC1;1.8199410176475725;0.4866428096587955;-0.16957679805484424;-0.3851146642402806;-0.4458020348823024;-0.9731903819644286;-0.6209838283181613;-0.49920768260333204;-0.24710536429033883;-0.030729254193150108;2.060952389667274;2.536742788970546;-0.15220388682955227;-0.40599897147057507;-0.18749999999999997;0.0
Cc1nn(C(=O)c2cc3c(s2)CCCC3)c(C)c1S(=O)(=O)N1CCOCC1;0.013038414967015756;1.616524155771387;-0.16957679805484424;-0.3851146642402806;-0.4458020348823024;-0.9731903819644286;-0.6209838283181613;-0.49920768260333204;-0.24710536429033883;-0.030729254193150108;2.060952389667274;2.536742788970546;-0.15220388682955227;-0.40599897147057507;-0.18749999999999997;1.0
Cc1nn(C(=O)c2cc3ccccc3oc2=O)c(C)c1S(=O)(=O)N1CCCCCC1;0.34566798823732675;1.380722376173743;-0.16957679805484424;-0.3851146642402806;-0.4458020348823024;-0.4038847501309328;-0.6209838283181613;-0.49920768260333204;-0.24710536429033883;-0.030729254193150108;2.060952389667274;2.536742788970546;-0.15220388682955227;-0.40599897147057507;-0.18749999999999997;0.0
Cc1nn(C(=O)c2cc3ccccc3oc2=O)c(C)c1S(=O)(=O)N1CCOCC1;0.36458818331402776;3.0346391607780987;-0.16957679805484424;-0.3851146642402806;-0.4458020348823024;-0.4038847501309328;-0.6209838283181613;-0.49920768260333204;-0.24710536429033883;-0.030729254193150108;2.060952389667274;2.536742788970546;-0.15220388682955227;-0.40599897147057507;-0.18749999999999997;0.0
Cc1nn(C(=O)c2ccc(Br)cc2)c(C)c1S(=O)(=O)N1CCC(C)CC1;1.4890142190577036;1.8375239649926896;-0.16957679805484424;-0.3851146642402806;-0.4458020348823024;-0.9731903819644286;-0.6209838283181613;-0.49920768260333204;-0.24710536429033883;32.54228019054596;2.060952389667274;2.536742788970546;-0.15220388682955227;-0.40599897147057507;-0.18749999999999997;0.0
Cc1nn(C(=O)c2ccc(C(C)(C)C)cc2)c(C)c1S(=O)(=O)N1CCC(C)CC1;2.1645957369919357;1.4409981918383097;-0.16957679805484424;-0.3851146642402806;-0.4458020348823024;-0.4038847501309328;-0.6209838283181613;-0.49920768260333204;-0.24710536429033883;-0.030729254193150108;2.060952389667274;2.536742788970546;-0.15220388682955227;-0.40599897147057507;-0.18749999999999997;0.0
Cc1nn(C(=O)c2ccc(C(C)(C)C)cc2)c(C)c1S(=O)(=O)N1CCOCC1;1.869615663992204;2.4377475579512895;-0.16957679805484424;-0.3851146642402806;-0.4458020348823024;-0.4038847501309328;-0.6209838283181613;-0.49920768260333204;-0.24710536429033883;-0.030729254193150108;2.060952389667274;2.536742788970546;-0.15220388682955227;-0.40599897147057507;-0.18749999999999997;0.0
Cc1nn(C(=O)c2ccc(C(C)(C)C)cc2)c(N)c1-c1ccccc1;1.1316132765806406;1.2150989301239308;-0.16957679805484424;-0.3851146642402806;-0.4458020348823024;0.7347265135360589;-0.6209838283181613;-0.49920768260333204;-0.24710536429033883;-0.030729254193150108;-0.48521256726432327;-0.4361122207682917;-0.15220388682955227;-0.40599897147057507;-0.18749999999999997;0.0
Cc1nn(C(=O)c2ccc(COc3ccc(Cl)cc3)o2)c(C)c1Br;0.602185222885316;-0.8907614896988503;-0.16957679805484424;-0.3851146642402806;-0.4458020348823024;-1.5424960137979244;-0.6209838283181613;-0.49920768260333204;-0.24710536429033883;-0.030729254193150108;2.060952389667274;1.050315284101127;-0.15220388682955227;-0.40599897147057507;-0.18749999999999997;0.0
Cc1nn(C(=O)c2ccc(F)cc2)c(C)c1S(=O)(=O)N1CCCCC1;1.1316132765806406;0.5043047407724147;-0.16957679805484424;-0.3851146642402806;-0.4458020348823024;-0.9731903819644286;1.6103478937742153;0.364022567901614;-0.24710536429033883;-0.030729254193150108;2.060952389667274;2.536742788970546;-0.15220388682955227;2.463060426921489;-0.18749999999999997;0.0
Cc1nn(C(=O)c2ccc([N+](=O)[O-])cc2)c(C)c1Sc1ccccc1;0.56997710721042;0.611291031464478;-0.16957679805484424;-0.3851146642402806;1.9366447060446763;-0.9731903819644286;-0.6209838283181613;-0.49920768260333204;-0.24710536429033883;-0.030729254193150108;-0.48521256726432327;-0.4361122207682917;-0.15220388682955227;-0.40599897147057507;-0.18749999999999997;0.0
Cc1nn(C(=O)c2ccc3c(c2)OCO3)c(C)c1S(=O)(=O)N1CCCCCC1;0.005322126254377383;0.07505565251655077;-0.16957679805484424;1.6258289027286723;-0.4458020348823024;-0.9731903819644286;-0.6209838283181613;-0.49920768260333204;-0.24710536429033883;-0.030729254193150108;2.060952389667274;4.023170293839964;-0.15220388682955227;-0.40599897147057507;-0.18749999999999997;0.0
Cc1nn(C(=O)c2cccc(C(F)(F)F)c2)c(C)c1S(=O)(=O)N1CCc2ccccc2C1;1.0822488747928931;-0.6376705406947375;-0.16957679805484424;-0.3851146642402806;-0.4458020348823024;0.7347265135360589;1.6103478937742153;2.090483068911506;-0.24710536429033883;-0.030729254193150108;2.060952389667274;2.536742788970546;-0.15220388682955227;2.463060426921489;-0.18749999999999997;0.0
Cc1nn(C(=O)c2cccc(F)c2)c(C)c1S(=O)(=O)N1CCCCC1;1.1316132765806406;0.5280616773321669;-0.16957679805484424;-0.3851146642402806;-0.4458020348823024;-0.9731903819644286;1.6103478937742153;0.364022567901614;-0.24710536429033883;-0.030729254193150108;2.060952389667274;2.536742788970546;-0.15220388682955227;-0.40599897147057507;-0.18749999999999997;0.0
Cc1nn(C(=O)c2cccc(F)c2)c(C)c1S(=O)(=O)N1CCCCCC1;1.0802813171357304;-0.19715307404903035;-0.16957679805484424;-0.3851146642402806;-0.4458020348823024;-0.9731903819644286;1.6103478937742153;0.364022567901614;-0.24710536429033883;-0.030729254193150108;2.060952389667274;2.536742788970546;-0.15220388682955227;-0.40599897147057507;-0.18749999999999997;0.0
Cc1nn(C(=O)c2cccc(F)c2)c(C)c1S(=O)(=O)N1CCc2ccccc2C1;0.36458818331402776;0.006658929097791643;-0.16957679805484424;-0.3851146642402806;-0.4458020348823024;0.16542088170256303;1.6103478937742153;0.364022567901614;-0.24710536429033883;-0.030729254193150108;2.060952389667274;2.536742788970546;-0.15220388682955227;-0.40599897147057507;-0.18749999999999997;0.0
Cc1nn(C(=O)c2cccc([N+](=O)[O-])c2)c(C)c1S(=O)(=O)N1CCC(C)CC1;1.747692493124905;0.15671405149968587;-0.16957679805484424;-0.3851146642402806;1.9366447060446763;-0.9731903819644286;-0.6209838283181613;-0.49920768260333204;-0.24710536429033883;-0.030729254193150108;2.060952389667274;5.509597798709383;-0.15220388682955227;-0.40599897147057507;-0.18749999999999997;0.0
Cc1nn(C(=O)c2cccc([N+](=O)[O-])c2)c(C)c1S(=O)(=O)N1CCCC1;1.4890142190576963;1.059214468653763;-0.16957679805484424;1.6258289027286723;1.9366447060446763;-0.9731903819644286;-0.6209838283181613;-0.49920768260333204;-0.24710536429033883;-0.030729254193150108;2.060952389667274;5.509597798709383;-0.15220388682955227;-0.40599897147057507;-0.18749999999999997;0.0
Cc1nn(C(=O)c2cccc([N+](=O)[O-])c2)c(C)c1S(=O)(=O)N1CCc2ccccc2C1;0.6707766912291595;-0.230664754847948;-0.16957679805484424;-0.3851146642402806;1.9366447060446763;0.16542088170256303;-0.6209838283181613;-0.49920768260333204;-0.24710536429033883;-0.030729254193150108;2.060952389667274;5.509597798709383;-0.15220388682955227;-0.40599897147057507;-0.18749999999999997;0.0
Cc1nn(C(=O)c2cccc([N+](=O)[O-])c2C)c(C)c1S(=O)(=O)N1CCCCCC1;1.6804266254658715;-1.4376504142592155;-0.16957679805484424;-0.3851146642402806;1.9366447060446763;-0.4038847501309328;-0.6209838283181613;-0.49920768260333204;-0.24710536429033883;-0.030729254193150108;2.060952389667274;5.509597798709383;-0.15220388682955227;-0.40599897147057507;-0.18749999999999997;0.0
Cc1nn(C(=O)c2ccccc2)c(C)c1S(=O)(=O)N1CCC(C)CC1;1.131613276580648;0.3757333596324303;-0.16957679805484424;-0.3851146642402806;-0.4458020348823024;-0.9731903819644286;-0.6209838283181613;-0.49920768260333204;-0.24710536429033883;-0.030729254193150108;2.060952389667274;2.536742788970546;-0.15220388682955227;-0.40599897147057507;-0.18749999999999997;0.0
Cc1nn(C(=O)c2ccccc2)c(C)c1S(=O)(=O)N1CCCC1;0.7856222522834303;1.3166089704191175;-0.16957679805484424;1.6258289027286723;-0.4458020348823024;-0.9731903819644286;-0.6209838283181613;-0.49920768260333204;-0.24710536429033883;-0.030729254193150108;2.060952389667274;2.536742788970546;-0.15220388682955227;-0.40599897147057507;-0.18749999999999997;0.0
Cc1nn(C(=O)c2ccccc2)c(C)c1S(=O)(=O)N1CCOCC1;0.7444289222304911;1.4871365199605557;-0.16957679805484424;-0.3851146642402806;-0.4458020348823024;-0.9731903819644286;-0.6209838283181613;-0.49920768260333204;-0.24710536429033883;-0.030729254193150108;2.060952389667274;2.536742788970546;-0.15220388682955227;-0.40599897147057507;-0.18749999999999997;0.0
Cc1nn(C(=O)c2ccccc2)c(C)c1Sc1ccc(Cl)cc1;0.17514815514189058;1.0831210099306172;-0.16957679805484424;-0.3851146642402806;-0.4458020348823024;-0.9731903819644286;-0.6209838283181613;-0.49920768260333204;-0.24710536429033883;-0.030729254193150108;-0.48521256726432327;-0.4361122207682917;-0.15220388682955227;-0.40599897147057507;-0.18749999999999997;1.0
Cc1nn(C(=O)c2ccccc2Br)c(C)c1S(=O)(=O)N1CCC(C)CC1;1.4890142190577036;-0.9783289436053926;-0.16957679805484424;-0.3851146642402806;-0.4458020348823024;-0.9731903819644286;-0.6209838283181613;-0.49920768260333204;-0.24710536429033883;-0.030729254193150108;2.060952389667274;2.536742788970546;-0.15220388682955227;-0.40599897147057507;-0.18749999999999997;0.0
Cc1nn(C(=O)c2ccccc2Br)c(C)c1S(=O)(=O)N1CCCCCC1;1.0802813171357304;-1.4266368259709836;-0.16957679805484424;-0.3851146642402806;-0.4458020348823024;-0.9731903819644286;-0.6209838283181613;-0.49920768260333204;-0.24710536429033883;-0.030729254193150108;2.060952389667274;2.536742788970546;-0.15220388682955227;-0.40599897147057507;-0.18749999999999997;0.0
Cc1nn(C(=O)c2ccccc2Br)c(C)c1S(=O)(=O)N1CCc2ccccc2C1;0.36458818331402776;-1.6245462764426528;-0.16957679805484424;-0.3851146642402806;-0.4458020348823024;0.16542088170256303;-0.6209838283181613;-0.49920768260333204;-0.24710536429033883;-0.030729254193150108;2.060952389667274;2.536742788970546;-0.15220388682955227;-0.40599897147057507;-0.18749999999999997;0.0
Cc1nn(C(=O)c2ccccc2Cl)c(C)c1S(=O)(=O)N1CCOCC1;1.1316132765806406;0.7633213282309387;-0.16957679805484424;-0.3851146642402806;-0.4458020348823024;-0.9731903819644286;-0.6209838283181613;-0.49920768260333204;-0.24710536429033883;-0.030729254193150108;2.060952389667274;2.536742788970546;-0.15220388682955227;-0.40599897147057507;-0.18749999999999997;0.0
Cc1nn(C(=O)c2ccccc2Cl)c(C)c1S(=O)(=O)N1CCc2ccccc2C1;0.36458818331402776;-0.9854179437820296;-0.16957679805484424;-0.3851146642402806;-0.4458020348823024;0.16542088170256303;-0.6209838283181613;-0.49920768260333204;-0.24710536429033883;-0.030729254193150108;2.060952389667274;2.536742788970546;-0.15220388682955227;-0.40599897147057507;-0.18749999999999997;0.0
Cc1nn(C(=O)c2ccccc2F)c(C)c1S(=O)(=O)N1CCc2ccccc2C1;0.36458818331402776;0.10966322331932349;-0.16957679805484424;-0.3851146642402806;-0.4458020348823024;0.16542088170256303;-0.6209838283181613;-0.49920768260333204;-0.24710536429033883;-0.030729254193150108;2.060952389667274;2.536742788970546;-0.15220388682955227;-0.40599897147057507;-0.18749999999999997;0.0
Cc1nn(C(=O)c2ccco2)c(C)c1S(=O)(=O)N1CCCCC1;0.7856222522834303;-0.014676134116599257;-0.16957679805484424;-0.3851146642402806;-0.4458020348823024;-1.5424960137979244;-0.6209838283181613;-0.49920768260333204;-0.24710536429033883;-0.030729254193150108;2.060952389667274;2.536742788970546;6.5701344481423405;-0.40599897147057507;-0.18749999999999997;0.0
Cc1nn(C(=O)c2ccco2)c(C)c1S(=O)(=O)N1CCOCC1;0.7856222522834303;0.8748626568816098;-0.16957679805484424;-0.3851146642402806;-0.4458020348823024;-1.5424960137979244;-0.6209838283181613;-0.49920768260333204;-0.24710536429033883;-0.030729254193150108;2.060952389667274;2.536742788970546;6.5701344481423405;-0.40599897147057507;-0.18749999999999997;0.0
Cc1nn(C(=O)c2cccs2)c(C)c1S(=O)(=O)N1CCCCC1;0.7856222522834303;1.0618804617345998;-0.16957679805484424;-0.3851146642402806;-0.4458020348823024;-1.5424960137979244;-0.6209838283181613;-0.49920768260333204;-0.24710536429033883;-0.030729254193150108;2.060952389667274;2.536742788970546;-0.15220388682955227;-0.40599897147057507;-0.18749999999999997;0.0
Cc1nn(C(=O)c2cccs2)c(C)c1S(=O)(=O)N1CCOCC1;0.7856222522834303;2.0412703075302017;-0.16957679805484424;-0.3851146642402806;-0.4458020348823024;-1.5424960137979244;-0.6209838283181613;-0.49920768260333204;-0.24710536429033883;-0.030729254193150108;2.060952389667274;2.536742788970546;-0.15220388682955227;-0.40599897147057507;-0.18749999999999997;0.0
Cc1nn(C(=O)c2nn(C)cc2Cl)c(C)c1I;2.5532840237993057;-1.3776648512900609;-0.16957679805484424;-0.3851146642402806;0.657005475036045;-1.5424960137979244;-0.6209838283181613;-0.49920768260333204;-0.24710536429033883;-0.030729254193150108;-0.48521256726432327;-0.4361122207682917;-0.15220388682955227;-0.40599897147057507;-0.18749999999999997;0.0
Cc1nn(C(C)(C)C)c(OC(=O)COc2ccccc2)c1Sc1ccccc1;0.6090794091994246;2.0652480222071596;-0.16957679805484424;-0.3851146642402806;-1.5751643097199564;-1.5424960137979244;-0.6209838283181613;-0.49920768260333204;-0.24710536429033883;-0.030729254193150108;-0.48521256726432327;-0.4361122207682917;6.5701344481423405;-0.40599897147057507;-0.18749999999999997;0.0
Cc1nn(C(C)(C)C)c(OC(=O)Cc2ccccc2)c1S(=O)(=O)c1ccccc1;1.4316953611318597;-0.059490133767942786;-0.16957679805484424;-0.3851146642402806;-0.4458020348823024;-0.9731903819644286;-0.6209838283181613;-0.49920768260333204;-0.24710536429033883;-0.030729254193150108;2.060952389667274;2.536742788970546;-0.15220388682955227;-0.40599897147057507;-0.18749999999999997;0.0
Cc1nn(C(C)(C)C)c(OC(=O)c2c(F)cccc2Cl)c1S(=O)(=O)c1ccccc1;2.0856752901259705;-2.66997335297781;-0.16957679805484424;-0.3851146642402806;-1.5751643097199564;-0.9731903819644286;1.6103478937742153;0.364022567901614;4.046856703705712;-0.030729254193150108;2.060952389667274;2.536742788970546;-0.15220388682955227;-0.40599897147057507;-0.18749999999999997;0.0
Cc1nn(C(C)(C)C)c(OC(=O)c2cc([N+](=O)[O-])ccc2Cl)c1S(=O)(=O)c1ccccc1;2.2747274629930128;-2.3301118450068783;8.817993498851902;-0.3851146642402806;0.807282431207023;-0.9731903819644286;-0.6209838283181613;-0.49920768260333204;4.046856703705712;-0.030729254193150108;2.060952389667274;8.48245280844822;-0.15220388682955227;-0.40599897147057507;5.333333333333333;0.0
Cc1nn(C(C)(C)C)c(OC(=O)c2ccc(F)cc2)c1S(=O)(=O)c1ccccc1;1.7981455490618978;-3.2450182984867726;-0.16957679805484424;-0.3851146642402806;-1.5751643097199564;-0.9731903819644286;-0.6209838283181613;-0.49920768260333204;-0.24710536429033883;-0.030729254193150108;2.060952389667274;2.536742788970546;-0.15220388682955227;2.463060426921489;-0.18749999999999997;1.0
Cc1nn(C(C)(C)C)c(OC(=O)c2ccc([N+](=O)[O-])cc2)c1S(=O)(=O)c1ccccc1;2.011846484993295;-3.2603856582221575;-0.16957679805484424;-0.3851146642402806;0.807282431207023;-0.9731903819644286;-0.6209838283181613;-0.49920768260333204;-0.24710536429033883;-0.030729254193150108;2.060952389667274;2.536742788970546;-0.15220388682955227;-0.40599897147057507;-0.18749999999999997;0.0
Cc1nn(C(C)(C)C)c(OC(=O)c2cccc(F)c2)c1S(=O)(=O)c1ccccc1;1.7981455490618978;-3.3213175760646543;-0.16957679805484424;-0.3851146642402806;-1.5751643097199564;-0.9731903819644286;-0.6209838283181613;-0.49920768260333204;-0.24710536429033883;-0.030729254193150108;2.060952389667274;2.536742788970546;-0.15220388682955227;-0.40599897147057507;-0.18749999999999997;1.0
Cc1nn(C(C)(C)C)c(OC(=O)c2ccco2)c1Sc1ccc(Cl)cc1;1.0802813171357377;-1.9630232204747557;-0.16957679805484424;-0.3851146642402806;-1.5751643097199564;-1.5424960137979244;-0.6209838283181613;-0.49920768260333204;-0.24710536429033883;-0.030729254193150108;-0.48521256726432327;-0.4361122207682917;6.5701344481423405;-0.40599897147057507;-0.18749999999999997;1.0
Cc1nn(C(C)C(=O)N2CCCC2)cc1[N+](=O)[O-];1.809764182535012;-1.0344363278316753;-0.16957679805484424;1.6258289027286723;3.0394522159630246;-1.5424960137979244;-0.6209838283181613;-0.49920768260333204;-0.24710536429033883;-0.030729254193150108;-0.48521256726432327;-0.4361122207682917;-0.15220388682955227;-0.40599897147057507;-0.18749999999999997;0.0
Cc1nn(C(C)C(=O)N2CCN(c3ncccn3)CC2)cc1Br;0.17514815514189058;-1.27264704103381;-0.16957679805484424;-0.3851146642402806;0.657005475036045;-1.5424960137979244;-0.6209838283181613;-0.49920768260333204;-0.24710536429033883;32.54228019054596;-0.48521256726432327;-0.4361122207682917;-0.15220388682955227;-0.40599897147057507;-0.18749999999999997;0.0
Cc1nn(C(C)C(=O)N2N=CCC2(O)C(F)(F)F)c(C)c1Cl;3.68634563536981;-1.7505619635072205;4.3242083503985285;1.6258289027286723;0.657005475036045;-1.5424960137979244;1.6103478937742153;2.090483068911506;4.046856703705712;-0.030729254193150108;-0.48521256726432327;-0.4361122207682917;-0.15220388682955227;-0.40599897147057507;5.333333333333333;0.0
Cc1nn(C(C)C(=O)NC(C)CN2CCOCC2)cc1Br;1.5222239180318908;-0.3354313704401253;-0.16957679805484424;-0.3851146642402806;1.8111884519699784;-1.5424960137979244;-0.6209838283181613;-0.49920768260333204;-0.24710536429033883;32.54228019054596;-0.48521256726432327;-0.4361122207682917;-0.15220388682955227;-0.40599897147057507;-0.18749999999999997;0.0
Cc1nn(C(C)C(=O)NC(C)c2ccc(-n3cccc3)cc2)cc1Br;0.5699771072104345;-0.2569812644220821;-0.16957679805484424;-0.3851146642402806;0.657005475036045;-0.9731903819644286;-0.6209838283181613;-0.49920768260333204;-0.24710536429033883;32.54228019054596;-0.48521256726432327;-0.4361122207682917;-0.15220388682955227;-0.40599897147057507;-0.18749999999999997;0.0
Cc1nn(C(C)C(=O)NC2CCC(C)CC2)c(=O)c2cc3sccc3n12;-0.10995361196875324;-0.9741844290868157;-0.16957679805484424;-0.3851146642402806;1.720152152915091;-1.5424960137979244;-0.6209838283181613;-0.49920768260333204;-0.24710536429033883;-0.030729254193150108;-0.48521256726432327;-0.4361122207682917;-0.15220388682955227;-0.40599897147057507;-0.18749999999999997;0.0
Cc1nn(C(C)C(=O)NC2CCCC2)c(=O)c2c(C)n(-c3ccccc3)nc12;-0.11660104461292171;1.2286632579180863;-0.16957679805484424;-0.3851146642402806;0.6835602399553516;-0.9731903819644286;-0.6209838283181613;-0.49920768260333204;-0.24710536429033883;-0.030729254193150108;-0.48521256726432327;-0.4361122207682917;-0.15220388682955227;-0.40599897147057507;-0.18749999999999997;1.0
Cc1nn(C(C)C(=O)NC2CCCC2)c(=O)c2nn(-c3ccccc3)c(C)c12;-0.11660104461291448;-0.12888391450863082;-0.16957679805484424;-0.3851146642402806;0.6835602399553516;-0.9731903819644286;-0.6209838283181613;-0.49920768260333204;-0.24710536429033883;-0.030729254193150108;-0.48521256726432327;-0.4361122207682917;-0.15220388682955227;-0.40599897147057507;-0.18749999999999997;0.0
Cc1nn(C(C)C(=O)NC2CCCCCC2)c(=O)c2cc3occc3n12;-0.5186865138907191;0.009740144593445826;-0.16957679805484424;-0.3851146642402806;1.720152152915091;-1.5424960137979244;-0.6209838283181613;-0.49920768260333204;-0.24710536429033883;-0.030729254193150108;-0.48521256726432327;-0.4361122207682917;-0.15220388682955227;-0.40599897147057507;-0.18749999999999997;0.0
Cc1nn(C(C)C(=O)NC2CCCCCC2)c(=O)c2cc3sccc3n12;-0.5186865138907191;-1.0562212320071391;-0.16957679805484424;-0.3851146642402806;1.720152152915091;-1.5424960137979244;-0.6209838283181613;-0.49920768260333204;-0.24710536429033883;-0.030729254193150108;-0.48521256726432327;-0.4361122207682917;-0.15220388682955227;-0.40599897147057507;-0.18749999999999997;0.0
Cc1nn(C(C)C(=O)NCCCN(C)C2CCCCC2)c(=O)c2cc3occc3n12;-0.12236215290451173;0.18030715036407838;-0.16957679805484424;-0.3851146642402806;1.720152152915091;-1.5424960137979244;-0.6209838283181613;-0.49920768260333204;-0.24710536429033883;-0.030729254193150108;-0.48521256726432327;-0.4361122207682917;-0.15220388682955227;-0.40599897147057507;-0.18749999999999997;0.0
Cc1nn(C(C)C(=O)NCCCN2CCCC2)c(=O)c2c1sc1ccccc12;-0.4961387392547461;-0.07438228043496843;-0.16957679805484424;1.6258289027286723;0.6835602399553516;-0.4038847501309328;-0.6209838283181613;-0.49920768260333204;-0.24710536429033883;-0.030729254193150108;-0.48521256726432327;-0.4361122207682917;-0.15220388682955227;-0.40599897147057507;-0.18749999999999997;0.0
Cc1nn(C(C)C(=O)NCCCN2CCCCC2)c(=O)c2c1sc1ccccc12;-0.48603111614206007;0.1948936520928463;-0.16957679805484424;-0.3851146642402806;0.6835602399553516;-0.4038847501309328;-0.6209838283181613;-0.49920768260333204;-0.24710536429033883;-0.030729254193150108;-0.48521256726432327;-0.4361122207682917;-0.15220388682955227;-0.40599897147057507;-0.18749999999999997;0.0
Cc1nn(C(C)C(=O)NCCCN2CCOCC2)c(=O)c2c1sc1ccccc12;-0.48603111614206007;-0.09538287266316793;-0.16957679805484424;-0.3851146642402806;1.8377432168892844;-0.4038847501309328;-0.6209838283181613;-0.49920768260333204;-0.24710536429033883;-0.030729254193150108;-0.48521256726432327;-0.4361122207682917;-0.15220388682955227;-0.40599897147057507;-0.18749999999999997;0.0
Cc1nn(C(C)C(=O)NCc2cc[nH]n2)cc1Br;1.2193722130921765;-0.19330471958388415;-0.16957679805484424;-0.3851146642402806;1.858009589640898;-1.5424960137979244;-0.6209838283181613;-0.49920768260333204;-0.24710536429033883;32.54228019054596;-0.48521256726432327;-0.4361122207682917;-0.15220388682955227;-0.40599897147057507;-0.18749999999999997;0.0
Cc1nn(C(C)C(=O)NN)c(C)c1[N+](=O)[O-];4.446319090375476;0.29847918744825597;-0.16957679805484424;-0.3851146642402806;4.317507611047299;-1.5424960137979244;-0.6209838283181613;-0.49920768260333204;-0.24710536429033883;-0.030729254193150108;-0.48521256726432327;-0.4361122207682917;-0.15220388682955227;-0.40599897147057507;-0.18749999999999997;0.0
Cc1nn(C(C)C(=O)NNC(=S)Nc2ccc(Cl)cc2)c(C)c1[N+](=O)[O-];2.4166453955249505;1.0341256702652502;-0.16957679805484424;-0.3851146642402806;5.595563006131573;-1.5424960137979244;-0.6209838283181613;-0.49920768260333204;-0.24710536429033883;-0.030729254193150108;-0.48521256726432327;-0.4361122207682917;-0.15220388682955227;-0.40599897147057507;-0.18749999999999997;0.0
Cc1nn(C(C)C(=O)Nc2c(C(N)=O)sc3nc(C(F)F)cc(C)c23)c(C)c1Cl;2.2956080777299577;2.2048799448733294;4.3242083503985285;-0.3851146642402806;1.7863677498736987;-0.4038847501309328;-0.6209838283181613;-0.49920768260333204;4.046856703705712;-0.030729254193150108;2.060952389667274;1.050315284101127;-0.15220388682955227;-0.40599897147057507;5.333333333333333;0.0
Cc1nn(C(C)C(=O)Nc2ccc(Br)c3cccnc23)cc1[N+](=O)[O-];0.9950593252092772;-0.14982791022124356;-0.16957679805484424;-0.3851146642402806;4.213437754934;-0.9731903819644286;-0.6209838283181613;-0.49920768260333204;-0.24710536429033883;-0.030729254193150108;-0.48521256726432327;-0.4361122207682917;-0.15220388682955227;-0.40599897147057507;-0.18749999999999997;0.0
Cc1nn(C(C)C(=O)Nc2cnn(C)c2C(=O)NCc2ccco2)cc1Br;0.9063128811947336;0.6824491366209029;-0.16957679805484424;-0.3851146642402806;2.8891752597920464;-1.5424960137979244;-0.6209838283181613;-0.49920768260333204;-0.24710536429033883;32.54228019054596;2.060952389667274;1.050315284101127;-0.15220388682955227;-0.40599897147057507;-0.18749999999999997;0.0
Cc1nn(C(C)C(=O)Nc2cnn(C)c2C(=O)NCc2cnn(C)c2)cc1Br;1.2462316276157888;-0.1535761582699606;-0.16957679805484424;-0.3851146642402806;3.991982769710394;-0.9731903819644286;-0.6209838283181613;-0.49920768260333204;-0.24710536429033883;32.54228019054596;2.060952389667274;1.050315284101127;-0.15220388682955227;-0.40599897147057507;-0.18749999999999997;1.0
Cc1nn(C(C)C(=O)Nc2cnn(C)c2C)cc1[N+](=O)[O-];2.534324437076756;0.2857169288929457;-0.16957679805484424;-0.3851146642402806;4.142259725881372;-1.5424960137979244;-0.6209838283181613;-0.49920768260333204;-0.24710536429033883;-0.030729254193150108;-0.48521256726432327;-0.4361122207682917;-0.15220388682955227;-0.40599897147057507;-0.18749999999999997;0.0
Cc1nn(C(C)C(=O)Nc2cnn(Cc3cccc(Cl)c3)c2)cc1Br;0.5699771072104345;0.24851233017131902;-0.16957679805484424;-0.3851146642402806;1.7598129849543926;-0.9731903819644286;-0.6209838283181613;-0.49920768260333204;4.046856703705712;32.54228019054596;-0.48521256726432327;-0.4361122207682917;-0.15220388682955227;-0.40599897147057507;-0.18749999999999997;0.0
Cc1nn(C(C)C(=O)Nc2sc3c(c2C#N)CCC(C)C3)cc1Cl;1.0449791999674445;1.0402384800362479;4.3242083503985285;-0.3851146642402806;0.657005475036045;-0.4038847501309328;-0.6209838283181613;-0.49920768260333204;4.046856703705712;-0.030729254193150108;-0.48521256726432327;-0.4361122207682917;-0.15220388682955227;-0.40599897147057507;5.333333333333333;0.0
Cc1nn(C(C)C(=O)O)c(C)c1Br;4.701777154076702;0.2816325420805179;-0.16957679805484424;-0.3851146642402806;-0.472356799801609;-1.5424960137979244;-0.6209838283181613;-0.49920768260333204;-0.24710536429033883;-0.030729254193150108;-0.48521256726432327;-0.4361122207682917;-0.15220388682955227;-0.40599897147057507;-0.18749999999999997;1.0
Cc1nn(C(C)C)c(C)c1NC(=O)C1CCN(c2ncnc3[nH]cnc23)CC1;-0.11660104461292171;0.1341338285115715;-0.16957679805484424;-0.3851146642402806;0.657005475036045;-1.5424960137979244;-0.6209838283181613;-0.49920768260333204;-0.24710536429033883;-0.030729254193150108;-0.48521256726432327;-0.4361122207682917;-0.15220388682955227;-0.40599897147057507;-0.18749999999999997;0.0
Cc1nn(C(C)C)c(C)c1NC(=O)CN1C(=O)[C@@H]2CCCN2C(=O)c2ccccc21;0.586108210426888;0.47852939925127064;-0.16957679805484424;1.6258289027286723;2.9157300247113525;-0.9731903819644286;-0.6209838283181613;-0.49920768260333204;-0.24710536429033883;-0.030729254193150108;-0.48521256726432327;-0.4361122207682917;-0.15220388682955227;-0.40599897147057507;-0.18749999999999997;0.0
Cc1nn(C(C)C)c(C)c1NC(=O)Cn1c(C)nc2ccc(F)cc2c1=O;1.6935021737851859;-0.4974208335881645;-0.16957679805484424;-0.3851146642402806;2.86215668415817;-0.9731903819644286;-0.6209838283181613;-0.49920768260333204;-0.24710536429033883;-0.030729254193150108;-0.48521256726432327;-0.4361122207682917;-0.15220388682955227;-0.40599897147057507;-0.18749999999999997;0.0
Cc1nn(C(C)C)c(C)c1S(=O)(=O)N1CCN(C(=O)/C=C/c2ccccc2Cl)CC1;1.6176451489841177;-0.5151910600416629;4.3242083503985285;-0.3851146642402806;0.657005475036045;-0.9731903819644286;-0.6209838283181613;-0.49920768260333204;4.046856703705712;-0.030729254193150108;-0.48521256726432327;-0.4361122207682917;6.5701344481423405;-0.40599897147057507;5.333333333333333;0.0
Cc1nn(C(C)C)c(C)c1S(=O)(=O)N1CCN(C(=O)Cc2ccc(Br)cc2)CC1;1.6804266254658788;1.8866628713799327;-0.16957679805484424;-0.3851146642402806;0.657005475036045;-0.9731903819644286;-0.6209838283181613;-0.49920768260333204;-0.24710536429033883;-0.030729254193150108;-0.48521256726432327;-0.4361122207682917;6.5701344481423405;-0.40599897147057507;-0.18749999999999997;0.0
Cc1nn(C(C)C)c(C)c1S(=O)(=O)N1CCN(C(=O)Cc2ccccc2F)CC1;1.6804266254658788;0.8611904852007574;-0.16957679805484424;-0.3851146642402806;0.657005475036045;-0.9731903819644286;-0.6209838283181613;-0.49920768260333204;-0.24710536429033883;-0.030729254193150108;-0.48521256726432327;-0.4361122207682917;6.5701344481423405;-0.40599897147057507;-0.18749999999999997;0.0
Cc1nn(C(C)C)c(C)c1S(=O)(=O)N1CCN(C(=O)Cc2cccs2)CC1;1.4263463713523392;1.6878515973748462;-0.16957679805484424;-0.3851146642402806;0.657005475036045;-1.5424960137979244;-0.6209838283181613;-0.49920768260333204;-0.24710536429033883;-0.030729254193150108;-0.48521256726432327;-0.4361122207682917;6.5701344481423405;-0.40599897147057507;-0.18749999999999997;0.0
Cc1nn(C(C)C)c(C)c1S(=O)(=O)N1CCN(C(=O)c2ccc(F)cc2)CC1;1.747692493124905;0.8315806965825536;-0.16957679805484424;-0.3851146642402806;0.657005475036045;-0.9731903819644286;1.6103478937742153;0.364022567901614;-0.24710536429033883;-0.030729254193150108;-0.48521256726432327;-0.4361122207682917;6.5701344481423405;2.463060426921489;-0.18749999999999997;0.0
Cc1nn(C(C)C)c(C)c1S(=O)(=O)N1CCN(C(=O)c2cccc(C#N)c2)CC1;1.6804266254658788;0.32959285972135455;-0.16957679805484424;-0.3851146642402806;0.657005475036045;-0.4038847501309328;-0.6209838283181613;-0.49920768260333204;-0.24710536429033883;-0.030729254193150108;-0.48521256726432327;-0.4361122207682917;6.5701344481423405;-0.40599897147057507;-0.18749999999999997;0.0
Cc1nn(C(C)C)c(C)c1S(=O)(=O)N1CCN(C(=O)c2cccc(F)c2)CC1;1.747692493124905;0.8699643082172295;-0.16957679805484424;-0.3851146642402806;0.657005475036045;-0.9731903819644286;-0.6209838283181613;-0.49920768260333204;-0.24710536429033883;-0.030729254193150108;-0.48521256726432327;-0.4361122207682917;6.5701344481423405;-0.40599897147057507;-0.18749999999999997;0.0
Cc1nn(C(C)C)c(C)c1S(=O)(=O)N1CCN(C(=O)c2cccc3[nH]ccc23)CC1;0.6999031699030338;1.3211957711040718;-0.16957679805484424;-0.3851146642402806;0.657005475036045;-0.4038847501309328;-0.6209838283181613;-0.49920768260333204;-0.24710536429033883;-0.030729254193150108;-0.48521256726432327;-0.4361122207682917;6.5701344481423405;-0.40599897147057507;-0.18749999999999997;0.0
Cc1nn(C(C)C)c(C)c1S(=O)(=O)N1CCN(C(=O)c2ccccc2F)CC1;1.747692493124905;0.7493684073020904;-0.16957679805484424;-0.3851146642402806;0.657005475036045;-0.9731903819644286;-0.6209838283181613;-0.49920768260333204;-0.24710536429033883;-0.030729254193150108;-0.48521256726432327;-0.4361122207682917;6.5701344481423405;-0.40599897147057507;-0.18749999999999997;0.0
Cc1nn(C(C)C)c(C)c1S(=O)(=O)N1CCN(C(=O)c2cccs2)CC1;1.4890142190576963;1.3679620935299452;-0.16957679805484424;-0.3851146642402806;0.657005475036045;-1.5424960137979244;-0.6209838283181613;-0.49920768260333204;-0.24710536429033883;-0.030729254193150108;-0.48521256726432327;-0.4361122207682917;6.5701344481423405;-0.40599897147057507;-0.18749999999999997;0.0
Cc1nn(C(C)C)c2ncc([N+](=O)[O-])cc12;2.0613619139752504;-0.06558503095209561;-0.16957679805484424;-0.3851146642402806;0.807282431207023;-0.9731903819644286;-0.6209838283181613;-0.49920768260333204;-0.24710536429033883;-0.030729254193150108;-0.48521256726432327;-0.4361122207682917;-0.15220388682955227;-0.40599897147057507;-0.18749999999999997;0.0
Cc1nn(C(C)C)cc1C1C(C#N)=C(N)OC2=C1C(=O)CC(C)(C)C2;1.9817777125783334;-1.5916561309153388;-0.16957679805484424;-0.3851146642402806;0.657005475036045;-0.9731903819644286;-0.6209838283181613;-0.49920768260333204;-0.24710536429033883;-0.030729254193150108;-0.48521256726432327;-0.4361122207682917;-0.15220388682955227;-0.40599897147057507;-0.18749999999999997;0.0
Cc1nn(C(C)CC(=O)O)cc1[N+](=O)[O-];4.047804511001561;0.23332077362219752;-0.16957679805484424;-0.3851146642402806;3.0394522159630246;-1.5424960137979244;-0.6209838283181613;-0.49920768260333204;-0.24710536429033883;-0.030729254193150108;-0.48521256726432327;-0.4361122207682917;-0.15220388682955227;-0.40599897147057507;-0.18749999999999997;0.0
Cc1nn(C(C)CCNC(=O)c2nn(C)cc2C(=O)O)c(C)c1Cl;2.6349506509009353;0.6957525084185535;-0.16957679805484424;-0.3851146642402806;1.7598129849543926;-0.9731903819644286;-0.6209838283181613;-0.49920768260333204;-0.24710536429033883;-0.030729254193150108;-0.48521256726432327;-0.4361122207682917;-0.15220388682955227;-0.40599897147057507;-0.18749999999999997;0.0
Cc1nn(C(F)F)c(C)c1C(=O)O;4.701777154076702;0.06743189128518064;-0.16957679805484424;-0.3851146642402806;-1.5751643097199564;-0.9731903819644286;-0.6209838283181613;-0.49920768260333204;-0.24710536429033883;-0.030729254193150108;-0.48521256726432327;-0.4361122207682917;-0.15220388682955227;2.463060426921489;-0.18749999999999997;0.0
Cc1nn(C(F)F)c(C)c1S(=O)(=O)N(C)Cc1ccnn1C;3.0481227156309307;0.0819987758298625;-0.16957679805484424;-0.3851146642402806;-0.472356799801609;-1.5424960137979244;1.6103478937742153;1.22725281840656;-0.24710536429033883;-0.030729254193150108;-0.48521256726432327;-0.4361122207682917;-0.15220388682955227;2.463060426921489;-0.18749999999999997;1.0
Cc1nn(C(F)F)c(C)c1S(=O)(=O)N1CCC(Cc2ccccc2)CC1;1.0802813171357304;1.4586309301992546;-0.16957679805484424;-0.3851146642402806;-1.5751643097199564;-0.9731903819644286;1.6103478937742153;1.22725281840656;-0.24710536429033883;-0.030729254193150108;-0.48521256726432327;-0.4361122207682917;-0.15220388682955227;2.463060426921489;-0.18749999999999997;0.0
Cc1nn(C(F)F)c(C)c1S(=O)(=O)N1CCN(c2cc(C)c3ccccc3n2)CC1;0.6999031699030194;3.3324673164387684;-0.16957679805484424;-0.3851146642402806;-1.5751643097199564;-0.4038847501309328;1.6103478937742153;1.22725281840656;-0.24710536429033883;-0.030729254193150108;-0.48521256726432327;-0.4361122207682917;-0.15220388682955227;2.463060426921489;-0.18749999999999997;0.0
Cc1nn(C(F)F)c(C)c1S(=O)(=O)N1CCN(c2cccc(Cl)c2)CC1;1.4890142190577036;3.3017494544247676;-0.16957679805484424;-0.3851146642402806;-1.5751643097199564;-1.5424960137979244;1.6103478937742153;1.22725281840656;-0.24710536429033883;-0.030729254193150108;-0.48521256726432327;-0.4361122207682917;-0.15220388682955227;2.463060426921489;-0.18749999999999997;1.0
Cc1nn(C(F)F)c(C)c1S(=O)(=O)NC(C)c1cccc(-n2cccc2)c1;1.4263463713523392;0.15515010476717125;-0.16957679805484424;-0.3851146642402806;-1.5751643097199564;-0.9731903819644286;1.6103478937742153;1.22725281840656;-0.24710536429033883;-0.030729254193150108;-0.48521256726432327;-0.4361122207682917;-0.15220388682955227;2.463060426921489;-0.18749999999999997;1.0
Cc1nn(C(F)F)c(C)c1S(=O)(=O)NCCCn1cc([N+](=O)[O-])cn1;2.6579858694767826;0.2203366313604995;-0.16957679805484424;-0.3851146642402806;1.9100899411253707;-1.5424960137979244;1.6103478937742153;1.22725281840656;-0.24710536429033883;-0.030729254193150108;-0.48521256726432327;-0.4361122207682917;-0.15220388682955227;2.463060426921489;-0.18749999999999997;0.0
Cc1nn(C(F)F)c(C)c1S(=O)(=O)Nc1ccn(Cc2ccc(Cl)cc2)n1;1.4263463713523463;-0.0960437932663339;-0.16957679805484424;-0.3851146642402806;0.6399415500440653;-0.9731903819644286;1.6103478937742153;1.22725281840656;4.046856703705712;-0.030729254193150108;-0.48521256726432327;-0.4361122207682917;-0.15220388682955227;2.463060426921489;-0.18749999999999997;0.0
Cc1nn(C(F)F)c(C)c1S(=O)(=O)Nc1cnn(Cc2ccc(F)cc2Cl)c1;1.7476924931249123;0.9093423611905919;-0.16957679805484424;-0.3851146642402806;0.6399415500440653;-0.9731903819644286;1.6103478937742153;2.090483068911506;-0.24710536429033883;-0.030729254193150108;-0.48521256726432327;-0.4361122207682917;-0.15220388682955227;2.463060426921489;-0.18749999999999997;0.0
Cc1nn(C(F)F)c(C)c1S(=O)(=O)Nc1ncn(Cc2ccc(Cl)cc2)n1;1.4263463713523463;-0.4523447663401778;-0.16957679805484424;-0.3851146642402806;-1.5751643097199564;-0.9731903819644286;1.6103478937742153;1.22725281840656;4.046856703705712;-0.030729254193150108;-0.48521256726432327;-0.4361122207682917;-0.15220388682955227;2.463060426921489;-0.18749999999999997;0.0
Cc1nn(C(F)F)c(C)c1S(=O)(=O)Nc1ncn(Cc2ccc(F)cc2)n1;1.4263463713523463;-0.35845388363098485;-0.16957679805484424;-0.3851146642402806;-1.5751643097199564;-0.9731903819644286;1.6103478937742153;2.090483068911506;-0.24710536429033883;-0.030729254193150108;-0.48521256726432327;-0.4361122207682917;-0.15220388682955227;2.463060426921489;-0.18749999999999997;0.0
Cc1nn(C(F)F)c(C)c1S(=O)(=O)Nc1ncn(Cc2ccccc2)n1;1.0802813171357304;-0.3627132992781244;-0.16957679805484424;-0.3851146642402806;-1.5751643097199564;-0.9731903819644286;1.6103478937742153;1.22725281840656;-0.24710536429033883;-0.030729254193150108;-0.48521256726432327;-0.4361122207682917;-0.15220388682955227;2.463060426921489;-0.18749999999999997;0.0
Cc1nn(C(F)F)cc1S(=O)(=O)N1CCN(Cc2ccc(Cl)c(Cl)c2)CC1;1.4263463713523463;0.07172876980625371;-0.16957679805484424;-0.3851146642402806;-0.4209813327860232;-0.9731903819644286;1.6103478937742153;1.22725281840656;4.046856703705712;-0.030729254193150108;-0.48521256726432327;-0.4361122207682917;-0.15220388682955227;2.463060426921489;-0.18749999999999997;0.0
Cc1nn(C(F)F)cc1S(=O)(=O)N1CCN(Cc2ccc(Cl)cc2Cl)CC1;1.4263463713523463;1.8704458671050572;-0.16957679805484424;-0.3851146642402806;-0.4209813327860232;-0.9731903819644286;1.6103478937742153;1.22725281840656;4.046856703705712;-0.030729254193150108;-0.48521256726432327;-0.4361122207682917;-0.15220388682955227;2.463060426921489;-0.18749999999999997;0.0
Cc1nn(C(F)F)cc1S(=O)(=O)N1CCN(Cc2ccccc2Cl)CC1;1.0802813171357377;2.1251138802660297;-0.16957679805484424;-0.3851146642402806;-0.4209813327860232;-0.9731903819644286;1.6103478937742153;1.22725281840656;-0.24710536429033883;-0.030729254193150108;-0.48521256726432327;-0.4361122207682917;-0.15220388682955227;2.463060426921489;-0.18749999999999997;0.0
Cc1nn(C(F)F)cc1S(=O)(=O)NCC(C)Cn1cc(Cl)cn1;2.444722896735755;0.4664836962180816;-0.16957679805484424;-0.3851146642402806;-0.472356799801609;-1.5424960137979244;1.6103478937742153;1.22725281840656;-0.24710536429033883;-0.030729254193150108;-0.48521256726432327;-0.4361122207682917;-0.15220388682955227;2.463060426921489;-0.18749999999999997;1.0
Cc1nn(C(F)F)cc1S(=O)(=O)NCCCn1ccc([N+](=O)[O-])n1;2.3344003731639744;0.3909804586659203;-0.16957679805484424;-0.3851146642402806;-1.5751643097199564;-1.5424960137979244;1.6103478937742153;1.22725281840656;-0.24710536429033883;-0.030729254193150108;-0.48521256726432327;-0.4361122207682917;-0.15220388682955227;2.463060426921489;-0.18749999999999997;0.0
Cc1nn(C(F)F)cc1S(=O)(=O)NCCCn1nc2c(c1C(F)(F)F)CCC2;1.8696156639922112;0.5700367749217932;-0.16957679805484424;-0.3851146642402806;-0.472356799801609;-0.9731903819644286;1.6103478937742153;1.22725281840656;-0.24710536429033883;-0.030729254193150108;-0.48521256726432327;-0.4361122207682917;-0.15220388682955227;2.463060426921489;-0.18749999999999997;0.0
Cc1nn(C)c(=O)c2cc(S(=O)(=O)N3CCC(Cc4ccccc4)CC3)cn12;0.005322126254384615;-0.14833315233586075;-0.16957679805484424;-0.3851146642402806;0.5907898780774372;-0.9731903819644286;-0.6209838283181613;-0.49920768260333204;-0.24710536429033883;-0.030729254193150108;2.060952389667274;2.536742788970546;-0.15220388682955227;-0.40599897147057507;-0.18749999999999997;0.0
Cc1nn(C)c(=O)c2cc(S(=O)(=O)NCc3ccco3)cn12;0.8305604305229932;0.049310758736756825;-0.16957679805484424;-0.3851146642402806;0.5907898780774372;-1.5424960137979244;-0.6209838283181613;-0.49920768260333204;-0.24710536429033883;-0.030729254193150108;2.060952389667274;2.536742788970546;-0.15220388682955227;-0.40599897147057507;-0.18749999999999997;0.0
Cc1nn(C)c(=O)n1C1CCN(C(=O)CC2CCCC2)CC1;0.19233751078410677;0.5831085586160564;-0.16957679805484424;-0.3851146642402806;0.6299868994021683;-1.5424960137979244;-0.6209838283181613;-0.49920768260333204;-0.24710536429033883;-0.030729254193150108;-0.48521256726432327;-0.4361122207682917;-0.15220388682955227;-0.40599897147057507;-0.18749999999999997;1.0
Cc1nn(C)c(=O)n1C1CCN(C(=O)COCc2ccccc2)CC1;0.1448948892115773;0.2167189776685402;-0.16957679805484424;-0.3851146642402806;0.6299868994021683;-0.9731903819644286;-0.6209838283181613;-0.49920768260333204;-0.24710536429033883;-0.030729254193150108;-0.48521256726432327;-0.4361122207682917;-0.15220388682955227;-0.40599897147057507;-0.18749999999999997;0.0
Cc1nn(C)c(=O)n1C1CCN(C(=O)NC2CCCCC2)CC1;0.17514815514189058;0.2710493288645404;-0.16957679805484424;-0.3851146642402806;-0.49937537543548566;-1.5424960137979244;-0.6209838283181613;-0.49920768260333204;-0.24710536429033883;-0.030729254193150108;-0.48521256726432327;-0.4361122207682917;-0.15220388682955227;-0.40599897147057507;-0.18749999999999997;1.0
Cc1nn(C)c(=O)n1C1CCN(C(=O)Nc2ccccc2F)CC1;0.602185222885316;0.2865348280205113;-0.16957679805484424;-0.3851146642402806;-0.49937537543548566;-1.5424960137979244;-0.6209838283181613;-0.49920768260333204;-0.24710536429033883;-0.030729254193150108;-0.48521256726432327;-0.4361122207682917;-0.15220388682955227;-0.40599897147057507;-0.18749999999999997;1.0
Cc1nn(C)c(=O)n1C1CCN(S(=O)(=O)c2cccc(F)c2)CC1;1.1872228993126195;0.997383717238856;-0.16957679805484424;-0.3851146642402806;-0.49937537543548566;-1.5424960137979244;-0.6209838283181613;-0.49920768260333204;-0.24710536429033883;-0.030729254193150108;-0.48521256726432327;-0.4361122207682917;-0.15220388682955227;-0.40599897147057507;-0.18749999999999997;0.0
Cc1nn(C)c(C(=O)N(C)C23CC4CC(CC(C4)C2)C3)c1[N+](=O)[O-];0.48283940254340746;-0.1853878386371617;-0.16957679805484424;-0.3851146642402806;3.0394522159630246;-1.5424960137979244;-0.6209838283181613;-0.49920768260333204;-0.24710536429033883;-0.030729254193150108;-0.48521256726432327;-0.4361122207682917;-0.15220388682955227;-0.40599897147057507;-0.18749999999999997;0.0
Cc1nn(C)c(C(=O)N/N=C/c2ccc(F)s2)c1Cl;1.7038282956128101;1.001687574317164;-0.16957679805484424;-0.3851146642402806;0.657005475036045;-1.5424960137979244;1.6103478937742153;0.364022567901614;-0.24710536429033883;-0.030729254193150108;-0.48521256726432327;-0.4361122207682917;6.5701344481423405;-0.40599897147057507;-0.18749999999999997;0.0
Cc1nn(C)c(C(=O)N2CCN(C)CC2)c1Br;1.9281631149774772;1.093317677590161;-0.16957679805484424;-0.3851146642402806;0.657005475036045;-1.5424960137979244;-0.6209838283181613;-0.49920768260333204;-0.24710536429033883;-0.030729254193150108;-0.48521256726432327;-0.4361122207682917;-0.15220388682955227;-0.40599897147057507;-0.18749999999999997;0.0
Cc1nn(C)c(C(=O)N2Cc3ccccc3C(=O)N2)c1[N+](=O)[O-];1.0992399334002456;-0.04455274772902108;-0.16957679805484424;-0.3851146642402806;5.446869885884953;-0.4038847501309328;-0.6209838283181613;-0.49920768260333204;-0.24710536429033883;-0.030729254193150108;-0.48521256726432327;-0.4361122207682917;-0.15220388682955227;-0.40599897147057507;-0.18749999999999997;0.0
Cc1nn(C)c(C(=O)N2N=CCC2(O)C(F)(F)F)c1Cl;3.54392919330693;0.3034602047481476;4.3242083503985285;1.6258289027286723;0.657005475036045;-1.5424960137979244;1.6103478937742153;2.090483068911506;-0.24710536429033883;-0.030729254193150108;-0.48521256726432327;-0.4361122207682917;-0.15220388682955227;-0.40599897147057507;5.333333333333333;0.0
Cc1nn(C)c(C(=O)NC(=S)Nc2cc([N+](=O)[O-])cc(Cl)c2O)c1Cl;2.946514136104262;-0.20253525799211308;-0.16957679805484424;-0.3851146642402806;4.2918317975834634;-1.5424960137979244;-0.6209838283181613;-0.49920768260333204;4.046856703705712;-0.030729254193150108;2.060952389667274;2.536742788970546;-0.15220388682955227;-0.40599897147057507;-0.18749999999999997;0.0
Cc1nn(C)c(C(=O)NC(=S)Nc2ccccc2[N+](=O)[O-])c1Cl;2.2962946887233926;-0.1836256811345953;-0.16957679805484424;-0.3851146642402806;4.2918317975834634;-1.5424960137979244;-0.6209838283181613;-0.49920768260333204;4.046856703705712;-0.030729254193150108;-0.48521256726432327;-0.4361122207682917;6.5701344481423405;-0.40599897147057507;-0.18749999999999997;0.0
Cc1nn(C)c(C(=O)NC(C)CN2CCOCC2)c1[N+](=O)[O-];1.9268518208933654;0.562038949986262;-0.16957679805484424;-0.3851146642402806;4.193635192896958;-1.5424960137979244;-0.6209838283181613;-0.49920768260333204;-0.24710536429033883;-0.030729254193150108;-0.48521256726432327;-0.4361122207682917;-0.15220388682955227;-0.40599897147057507;-0.18749999999999997;0.0
Cc1nn(C)c(C(=O)NC2=NCCS2)c1Br;1.3971709483520578;-2.8720408752519453;-0.16957679805484424;1.6258289027286723;3.085355405680109;-1.5424960137979244;-0.6209838283181613;-0.49920768260333204;-0.24710536429033883;32.54228019054596;-0.48521256726432327;-0.4361122207682917;-0.15220388682955227;-0.40599897147057507;-0.18749999999999997;0.0
Cc1nn(C)c(C(=O)NC2CC(C)(C)NC(C)(C)C2)c1Cl;3.3655031522453265;0.5933407964029312;-0.16957679805484424;-0.3851146642402806;0.657005475036045;-1.5424960137979244;-0.6209838283181613;-0.49920768260333204;-0.24710536429033883;-0.030729254193150108;-0.48521256726432327;-0.4361122207682917;-0.15220388682955227;-0.40599897147057507;-0.18749999999999997;0.0
Cc1nn(C)c(C(=O)NC2CCCc3ccccc32)c1[N+](=O)[O-];0.6371940442710681;-0.6712829958128803;-0.16957679805484424;-0.3851146642402806;3.0394522159630246;-0.4038847501309328;-0.6209838283181613;-0.49920768260333204;-0.24710536429033883;-0.030729254193150108;-0.48521256726432327;-0.4361122207682917;-0.15220388682955227;-0.40599897147057507;-0.18749999999999997;0.0
Cc1nn(C)c(C(=O)NC2CCN(C)CC2)c1Br;1.809764182535012;-1.742169616937729;-0.16957679805484424;-0.3851146642402806;0.657005475036045;-1.5424960137979244;-0.6209838283181613;-0.49920768260333204;-0.24710536429033883;-0.030729254193150108;-0.48521256726432327;-0.4361122207682917;-0.15220388682955227;-0.40599897147057507;-0.18749999999999997;0.0
Cc1nn(C)c(C(=O)NN)c1Cl;4.224922101834411;0.43836469686623486;-0.16957679805484424;-0.3851146642402806;1.9350608701203194;-1.5424960137979244;-0.6209838283181613;-0.49920768260333204;-0.24710536429033883;-0.030729254193150108;-0.48521256726432327;-0.4361122207682917;-0.15220388682955227;-0.40599897147057507;-0.18749999999999997;0.0
Cc1nn(C)c(C(=O)NN2CCOCC2)c1Br;1.3030422061556484;-2.1950905484406062;-0.16957679805484424;-0.3851146642402806;1.9350608701203194;-1.5424960137979244;-0.6209838283181613;-0.49920768260333204;-0.24710536429033883;-0.030729254193150108;2.060952389667274;1.050315284101127;-0.15220388682955227;-0.40599897147057507;-0.18749999999999997;0.0
Cc1nn(C)c(C(=O)Nc2ccc(C(=O)N3CCCCC3)cc2)c1Br;0.5699771072104345;-0.5573022352314057;-0.16957679805484424;-0.3851146642402806;1.7863677498736987;-0.9731903819644286;-0.6209838283181613;-0.49920768260333204;-0.24710536429033883;-0.030729254193150108;-0.48521256726432327;-0.4361122207682917;-0.15220388682955227;-0.40599897147057507;-0.18749999999999997;0.0
Cc1nn(C)c(C(=O)Nc2ccc3c(C(F)(F)F)cc(=O)oc3c2)c1[N+](=O)[O-];2.1272301877667363;-0.37782903448172894;-0.16957679805484424;-0.3851146642402806;3.0394522159630246;-0.4038847501309328;-0.6209838283181613;-0.49920768260333204;-0.24710536429033883;-0.030729254193150108;2.060952389667274;1.050315284101127;-0.15220388682955227;-0.40599897147057507;-0.18749999999999997;0.0
Cc1nn(C)c(C(=O)Nc2ccccc2C(=O)c2ccccc2)c1[N+](=O)[O-];0.9063128811947481;-0.9598640293505647;-0.16957679805484424;-0.3851146642402806;4.168814490800678;-0.4038847501309328;-0.6209838283181613;-0.49920768260333204;-0.24710536429033883;-0.030729254193150108;2.060952389667274;1.050315284101127;-0.15220388682955227;-0.40599897147057507;-0.18749999999999997;0.0
Cc1nn(C)c(C(=O)Nc2ccn(C)n2)c1Br;1.9281631149774772;-0.3113672933711056;-0.16957679805484424;-0.3851146642402806;1.7598129849543926;-1.5424960137979244;-0.6209838283181613;-0.49920768260333204;-0.24710536429033883;32.54228019054596;-0.48521256726432327;-0.4361122207682917;-0.15220388682955227;-0.40599897147057507;-0.18749999999999997;0.0
Cc1nn(C)c(C(=O)Nc2ccn(C34CC5CC(CC(C5)C3)C4)n2)c1Cl;-1.0375847884359857;0.49033167392111665;-0.16957679805484424;-0.3851146642402806;1.7598129849543926;-1.5424960137979244;-0.6209838283181613;-0.49920768260333204;4.046856703705712;-0.030729254193150108;-0.48521256726432327;-0.4361122207682917;-0.15220388682955227;-0.40599897147057507;-0.18749999999999997;0.0
Cc1nn(C)c(C(=O)Nc2ccn(Cc3c(F)c(F)cc(F)c3F)n2)c1[N+](=O)[O-];1.9291578897999124;-0.14362498347625324;-0.16957679805484424;-0.3851146642402806;4.142259725881372;-0.9731903819644286;1.6103478937742153;1.22725281840656;-0.24710536429033883;-0.030729254193150108;-0.48521256726432327;-0.4361122207682917;-0.15220388682955227;-0.40599897147057507;-0.18749999999999997;0.0
Cc1nn(C)c(C(=O)Nc2ccon2)c1Cl;1.3971709483520578;-0.3211001518055941;-0.16957679805484424;-0.3851146642402806;0.657005475036045;-1.5424960137979244;-0.6209838283181613;-0.49920768260333204;4.046856703705712;-0.030729254193150108;-0.48521256726432327;-0.4361122207682917;-0.15220388682955227;-0.40599897147057507;-0.18749999999999997;0.0
Cc1nn(C)c(C(=O)Nn2c(C)nc3sc4c(c3c2=O)CCC(C)C4)c1[N+](=O)[O-];0.9797696355780995;-0.2632814408861739;-0.16957679805484424;-0.3851146642402806;5.446869885884953;-0.4038847501309328;-0.6209838283181613;-0.49920768260333204;-0.24710536429033883;-0.030729254193150108;-0.48521256726432327;-0.4361122207682917;-0.15220388682955227;-0.40599897147057507;-0.18749999999999997;0.0
Cc1nn(C)c(C)c1-c1cc(C(=O)NCCc2nnc3ccccn23)n[nH]1;-0.5069950751905897;0.30185806632782286;-0.16957679805484424;-0.3851146642402806;2.8946015026006378;-0.9731903819644286;-0.6209838283181613;-0.49920768260333204;-0.24710536429033883;-0.030729254193150108;-0.48521256726432327;-0.4361122207682917;-0.15220388682955227;-0.40599897147057507;-0.18749999999999997;0.0
Cc1nn(C)c(C)c1/C=C/C(=O)c1cccc(O)c1;1.7038282956128101;-0.8252792220481254;-0.16957679805484424;-0.3851146642402806;0.657005475036045;-0.4038847501309328;-0.6209838283181613;-0.49920768260333204;-0.24710536429033883;-0.030729254193150108;-0.48521256726432327;-0.4361122207682917;-0.15220388682955227;-0.40599897147057507;-0.18749999999999997;0.0
Cc1nn(C)c(C)c1/C=N/N=C1\NC(=O)CS1;1.3030422061556484;-1.6824588679080874;-0.16957679805484424;1.6258289027286723;0.657005475036045;-0.9731903819644286;-0.6209838283181613;-0.49920768260333204;-0.24710536429033883;-0.030729254193150108;-0.48521256726432327;-0.4361122207682917;-0.15220388682955227;-0.40599897147057507;-0.18749999999999997;0.0
Cc1nn(C)c(C)c1C(=O)N1CC(c2nncn2CC(C)C)C2(CCCCC2)C1;0.36458818331402054;-1.7855027023584944;-0.16957679805484424;1.6258289027286723;0.657005475036045;-0.9731903819644286;-0.6209838283181613;-0.49920768260333204;-0.24710536429033883;-0.030729254193150108;-0.48521256726432327;-0.4361122207682917;-0.15220388682955227;-0.40599897147057507;-0.18749999999999997;0.0
Cc1nn(C)c(C)c1C(=O)N1CC(c2nncn2CC(C)C)C2(CCOCC2)C1;0.36458818331402054;-1.5673472621846811;-0.16957679805484424;1.6258289027286723;0.657005475036045;-0.9731903819644286;-0.6209838283181613;-0.49920768260333204;-0.24710536429033883;-0.030729254193150108;-0.48521256726432327;-0.4361122207682917;-0.15220388682955227;-0.40599897147057507;-0.18749999999999997;0.0
Cc1nn(C)c(C)c1C(=O)N1CCC2(CC1)CC(c1noc(C3CCC3)n1)N(C)C2;-0.57207399084375;-0.046056175829222494;-0.16957679805484424;1.6258289027286723;1.8111884519699784;-0.9731903819644286;-0.6209838283181613;-0.49920768260333204;-0.24710536429033883;-0.030729254193150108;-0.48521256726432327;-0.4361122207682917;-0.15220388682955227;-0.40599897147057507;-0.18749999999999997;0.0
Cc1nn(C)c(C)c1C(=O)N1CCCC(CC2CC2)(c2noc(-c3ccncc3)n2)C1;-0.9029771885248628;-0.6107571414452209;-0.16957679805484424;-0.3851146642402806;1.8309910140070214;-0.4038847501309328;-0.6209838283181613;-0.49920768260333204;-0.24710536429033883;-0.030729254193150108;-0.48521256726432327;-0.4361122207682917;-0.15220388682955227;-0.40599897147057507;-0.18749999999999997;0.0
Cc1nn(C)c(C)c1C(=O)N1CCCC2(C1)Cn1nnc(CNC(=O)CC(C)C)c1CO2;0.6434706174724192;-0.3254032256591254;-0.16957679805484424;-0.3851146642402806;1.7863677498736987;-0.9731903819644286;-0.6209838283181613;-0.49920768260333204;-0.24710536429033883;-0.030729254193150108;-0.48521256726432327;-0.4361122207682917;-0.15220388682955227;-0.40599897147057507;-0.18749999999999997;0.0
Cc1nn(C)c(C)c1C(=O)N1[C@@H]2CC[C@H]1Cc1nn(Cc3ccccc3)c(=O)n1C2;-0.685868950319903;1.6041343708451354;-0.16957679805484424;1.6258289027286723;1.732794409320516;-0.4038847501309328;-0.6209838283181613;-0.49920768260333204;-0.24710536429033883;-0.030729254193150108;-0.48521256726432327;-0.4361122207682917;-0.15220388682955227;-0.40599897147057507;-0.18749999999999997;0.0
Cc1nn(C)c(C)c1C(=O)NCCN1CCC(N2CCOCC2)C1=O;0.5699771072104345;1.1845253609619588;-0.16957679805484424;1.6258289027286723;2.9405507268076323;-0.9731903819644286;-0.6209838283181613;-0.49920768260333204;-0.24710536429033883;-0.030729254193150108;2.060952389667274;1.050315284101127;-0.15220388682955227;-0.40599897147057507;-0.18749999999999997;0.0
Cc1nn(C)c(C)c1C(=O)Nn1c(C)nc2sc3c(c2c1=O)CCCC3;0.29877928995319813;0.00023876508253556204;-0.16957679805484424;-0.3851146642402806;3.0644231449579733;0.16542088170256303;-0.6209838283181613;-0.49920768260333204;-0.24710536429033883;-0.030729254193150108;-0.48521256726432327;-0.4361122207682917;-0.15220388682955227;-0.40599897147057507;-0.18749999999999997;1.0
Cc1nn(C)c(C)c1C(=O)Nn1c(C)nc2sc3c(c2c1=O)CCCCCC3;0.26293665002890265;-0.03900005360609259;-0.16957679805484424;-0.3851146642402806;3.0644231449579733;0.16542088170256303;-0.6209838283181613;-0.49920768260333204;-0.24710536429033883;-0.030729254193150108;-0.48521256726432327;-0.4361122207682917;-0.15220388682955227;-0.40599897147057507;-0.18749999999999997;1.0
Cc1nn(C)c(C)c1C(=O)n1cccn1;1.5038501895079863;0.35454577768792456;-0.16957679805484424;-0.3851146642402806;0.657005475036045;-0.9731903819644286;-0.6209838283181613;-0.49920768260333204;-0.24710536429033883;-0.030729254193150108;-0.48521256726432327;-0.4361122207682917;-0.15220388682955227;-0.40599897147057507;-0.18749999999999997;0.0
Cc1nn(C)c(C)c1C(C)NC(=O)c1cc(C2CC2)nc2c1cnn2C;0.29877928995321257;0.7645643562385395;-0.16957679805484424;-0.3851146642402806;1.7598129849543926;0.16542088170256303;-0.6209838283181613;-0.49920768260333204;-0.24710536429033883;-0.030729254193150108;-0.48521256726432327;-0.4361122207682917;-0.15220388682955227;-0.40599897147057507;-0.18749999999999997;1.0
Cc1nn(C)c(C)c1C(C)NC(=O)c1ccc(CC2CCN(S(C)(=O)=O)CC2)cc1;1.617645148984125;-0.2580261232423913;-0.16957679805484424;-0.3851146642402806;0.657005475036045;0.16542088170256303;-0.6209838283181613;-0.49920768260333204;-0.24710536429033883;-0.030729254193150108;-0.48521256726432327;-0.4361122207682917;-0.15220388682955227;-0.40599897147057507;-0.18749999999999997;0.0
Cc1nn(C)c(C)c1CCC(=O)N1CC(C(=O)NCc2cccnc2)C2(CCC2)C1;-0.008567193428373135;-0.5802515654032073;-0.16957679805484424;1.6258289027286723;2.9603532888446753;-0.4038847501309328;-0.6209838283181613;-0.49920768260333204;-0.24710536429033883;-0.030729254193150108;2.060952389667274;1.050315284101127;-0.15220388682955227;-0.40599897147057507;-0.18749999999999997;0.0
Cc1nn(C)c(C)c1CCC(=O)N1CC(CCC(=O)NC2CC2)C2(CCCCC2)C1;-0.008567193428373135;-0.14974792724246364;-0.16957679805484424;1.6258289027286723;1.7863677498736987;-0.9731903819644286;-0.6209838283181613;-0.49920768260333204;-0.24710536429033883;-0.030729254193150108;-0.48521256726432327;-0.4361122207682917;-0.15220388682955227;-0.40599897147057507;-0.18749999999999997;0.0
Cc1nn(C)c(C)c1CCC(=O)N1CC(c2n[nH]c(C3CC3)n2)C2(CCC2)C1;-0.9779728513324941;-0.9385836426965826;-0.16957679805484424;1.6258289027286723;1.858009589640898;-0.9731903819644286;-0.6209838283181613;-0.49920768260333204;-0.24710536429033883;-0.030729254193150108;-0.48521256726432327;-0.4361122207682917;-0.15220388682955227;-0.40599897147057507;-0.18749999999999997;0.0
Cc1nn(C)c(C)c1CCC(=O)N1CCC(CCc2noc(-c3ccc(F)cc3)n2)C1;-0.12496394374588732;-1.0031676177128537;-0.16957679805484424;1.6258289027286723;0.657005475036045;-0.4038847501309328;1.6103478937742153;0.364022567901614;-0.24710536429033883;-0.030729254193150108;-0.48521256726432327;-0.4361122207682917;-0.15220388682955227;2.463060426921489;-0.18749999999999997;0.0
Cc1nn(C)c(C)c1CCC(=O)N1CCC(Cc2ccc(C(N)=O)cc2)CC1;0.8666939329739644;-0.8773748000098173;-0.16957679805484424;-0.3851146642402806;1.7863677498736987;0.16542088170256303;-0.6209838283181613;-0.49920768260333204;-0.24710536429033883;-0.030729254193150108;-0.48521256726432327;-0.4361122207682917;-0.15220388682955227;-0.40599897147057507;-0.18749999999999997;0.0
Cc1nn(C)c(C)c1CCC(=O)N1CCC(Cc2ccc(COc3ccncc3)cc2)CC1;-0.45172645588084676;-1.1374976345061802;-0.16957679805484424;-0.3851146642402806;1.8309910140070214;0.16542088170256303;-0.6209838283181613;-0.49920768260333204;-0.24710536429033883;-0.030729254193150108;-0.48521256726432327;-0.4361122207682917;-0.15220388682955227;-0.40599897147057507;-0.18749999999999997;0.0
Cc1nn(C)c(C)c1CCC(=O)N1CCC(Cn2c(C)cnc2-c2ccccc2)C1;-0.12236215290452619;-0.8419408776759908;-0.16957679805484424;1.6258289027286723;0.657005475036045;-0.4038847501309328;-0.6209838283181613;-0.49920768260333204;-0.24710536429033883;-0.030729254193150108;-0.48521256726432327;-0.4361122207682917;-0.15220388682955227;-0.40599897147057507;-0.18749999999999997;0.0
Cc1nn(C)c(C)c1CCC(=O)N1CCC2(C1)Cn1nnc(CNC(=O)C(C)C)c1CO2;0.6434706174724192;-1.1002920313416178;-0.16957679805484424;1.6258289027286723;1.7863677498736987;-0.9731903819644286;-0.6209838283181613;-0.49920768260333204;-0.24710536429033883;-0.030729254193150108;-0.48521256726432327;-0.4361122207682917;-0.15220388682955227;-0.40599897147057507;-0.18749999999999997;0.0
Cc1nn(C)c(C)c1CCC(=O)N1CCC2(CC1)CC(c1noc(C(C)C)n1)N(C)C2;0.670776691229174;-2.2989490761637246;-0.16957679805484424;1.6258289027286723;1.8111884519699784;-0.9731903819644286;-0.6209838283181613;-0.49920768260333204;-0.24710536429033883;-0.030729254193150108;-0.48521256726432327;-0.4361122207682917;-0.15220388682955227;-0.40599897147057507;-0.18749999999999997;0.0
Cc1nn(C)c(C)c1CCC(=O)N1CCC2(CCc3nnc(C(C)C)n3CC2)CC1;0.34566798823733397;-1.744577101170033;-0.16957679805484424;-0.3851146642402806;0.657005475036045;-0.9731903819644286;-0.6209838283181613;-0.49920768260333204;-0.24710536429033883;-0.030729254193150108;-0.48521256726432327;-0.4361122207682917;-0.15220388682955227;-0.40599897147057507;-0.18749999999999997;0.0
Cc1nn(C)c(C)c1CCC(=O)N1CCCC1c1nc(CCOCC2CC2)no1;-0.4860311161420673;-1.2010063714287698;-0.16957679805484424;1.6258289027286723;0.657005475036045;-0.9731903819644286;-0.6209838283181613;-0.49920768260333204;-0.24710536429033883;-0.030729254193150108;-0.48521256726432327;-0.4361122207682917;-0.15220388682955227;-0.40599897147057507;-0.18749999999999997;0.0
Cc1nn(C)c(C)c1CCC(=O)N1CCC[C@H]1Cn1cc(C(=O)NCc2ccccc2)nn1;-0.12969447254837724;-1.560839910031903;-0.16957679805484424;1.6258289027286723;1.7863677498736987;-0.4038847501309328;-0.6209838283181613;-0.49920768260333204;-0.24710536429033883;-0.030729254193150108;-0.48521256726432327;-0.4361122207682917;-0.15220388682955227;-0.40599897147057507;-0.18749999999999997;0.0
Cc1nn(C)c(C)c1CCC(=O)N1CCc2c(c(-c3ncc[nH]3)nn2C(C)C)C1;0.24686925971802332;-2.0521076461658025;-0.16957679805484424;-0.3851146642402806;1.7598129849543926;-0.4038847501309328;-0.6209838283181613;-0.49920768260333204;-0.24710536429033883;-0.030729254193150108;-0.48521256726432327;-0.4361122207682917;-0.15220388682955227;-0.40599897147057507;-0.18749999999999997;0.0
Cc1nn(C)c(C)c1CCC(=O)NCC1CN(Cc2ccccc2)C(=O)CO1;0.48715623833213995;-0.08549607565120038;-0.16957679805484424;-0.3851146642402806;1.7863677498736987;-0.4038847501309328;-0.6209838283181613;-0.49920768260333204;-0.24710536429033883;-0.030729254193150108;-0.48521256726432327;-0.4361122207682917;-0.15220388682955227;-0.40599897147057507;-0.18749999999999997;0.0
Cc1nn(C)c(C)c1CCC(=O)NCCc1ncc(C)n1Cc1ccc(F)cc1;0.829807326009791;-0.47389473947023086;-0.16957679805484424;-0.3851146642402806;0.657005475036045;-0.4038847501309328;1.6103478937742153;0.364022567901614;-0.24710536429033883;-0.030729254193150108;-0.48521256726432327;-0.4361122207682917;-0.15220388682955227;-0.40599897147057507;-0.18749999999999997;0.0
Cc1nn(C)c(C)c1CCC(=O)NCCn1c(C)cnc1C1CC1;0.602185222885316;-0.6888978044174853;-0.16957679805484424;-0.3851146642402806;0.657005475036045;-0.9731903819644286;-0.6209838283181613;-0.49920768260333204;-0.24710536429033883;-0.030729254193150108;-0.48521256726432327;-0.4361122207682917;-0.15220388682955227;-0.40599897147057507;-0.18749999999999997;0.0
Cc1nn(C)c(C)c1CCCN(C)c1ccc(NS(=O)(=O)c2ccc(F)cc2)cc1C(=O)O;1.7741623306828485;-0.9288359802990046;-0.16957679805484424;-0.3851146642402806;0.6399415500440653;-0.4038847501309328;1.6103478937742153;0.364022567901614;-0.24710536429033883;-0.030729254193150108;-0.48521256726432327;-0.4361122207682917;6.5701344481423405;2.463060426921489;-0.18749999999999997;0.0
Cc1nn(C)c(C)c1CCCN(C)c1ccc(NS(=O)(=O)c2cccs2)cc1C(=O)O;1.5589140903398928;-1.0120798595105787;-0.16957679805484424;-0.3851146642402806;0.6399415500440653;-0.4038847501309328;-0.6209838283181613;-0.49920768260333204;-0.24710536429033883;-0.030729254193150108;-0.48521256726432327;-0.4361122207682917;6.5701344481423405;-0.40599897147057507;-0.18749999999999997;0.0
Cc1nn(C)c(C)c1CCCN(C)c1ncc(NS(=O)(=O)c2ccccc2)cc1C(=O)O;1.503853722860928;-0.8310199326993238;-0.16957679805484424;-0.3851146642402806;0.6399415500440653;-0.4038847501309328;-0.6209838283181613;-0.49920768260333204;-0.24710536429033883;-0.030729254193150108;-0.48521256726432327;-0.4361122207682917;6.5701344481423405;-0.40599897147057507;-0.18749999999999997;0.0
Cc1nn(C)c(C)c1CCCN(C)c1ncc(NS(=O)(=O)c2cccs2)cc1C(=O)O;1.5589140903398928;-0.7644418724066984;-0.16957679805484424;-0.3851146642402806;0.6399415500440653;-0.4038847501309328;-0.6209838283181613;-0.49920768260333204;-0.24710536429033883;-0.030729254193150108;-0.48521256726432327;-0.4361122207682917;6.5701344481423405;-0.40599897147057507;-0.18749999999999997;0.0
Cc1nn(C)c(C)c1CCN(C)C(=O)C1(C)CCCCC(=O)N1;2.444722896735755;0.7352961851843305;-0.16957679805484424;-0.3851146642402806;1.7863677498736987;-0.9731903819644286;-0.6209838283181613;-0.49920768260333204;-0.24710536429033883;-0.030729254193150108;-0.48521256726432327;-0.4361122207682917;-0.15220388682955227;-0.40599897147057507;-0.18749999999999997;0.0
Cc1nn(C)c(C)c1CCN(C)C(=O)CCC1CCN(C(=O)c2ccccc2)CC1;0.7953798261765578;-0.48211058027778075;-0.16957679805484424;-0.3851146642402806;1.7863677498736987;-0.4038847501309328;-0.6209838283181613;-0.49920768260333204;-0.24710536429033883;-0.030729254193150108;-0.48521256726432327;-0.4361122207682917;-0.15220388682955227;-0.40599897147057507;-0.18749999999999997;0.0
Cc1nn(C)c(C)c1CCN(C)C(=O)Nc1ccc(Cl)cc1;1.926851820893351;1.6662989670774773;-0.16957679805484424;-0.3851146642402806;-0.472356799801609;-0.9731903819644286;-0.6209838283181613;-0.49920768260333204;-0.24710536429033883;-0.030729254193150108;-0.48521256726432327;-0.4361122207682917;-0.15220388682955227;-0.40599897147057507;-0.18749999999999997;1.0
Cc1nn(C)c(C)c1CCN(C)C(=O)c1ccc(CC2CCN(C(=O)C3CC3)CC2)cc1;0.20469236015192346;0.39625285576629515;-0.16957679805484424;-0.3851146642402806;1.7863677498736987;0.16542088170256303;-0.6209838283181613;-0.49920768260333204;-0.24710536429033883;-0.030729254193150108;-0.48521256726432327;-0.4361122207682917;-0.15220388682955227;-0.40599897147057507;-0.18749999999999997;0.0
Cc1nn(C)c(C)c1CCN(C)C(=O)c1nc(C(C)C)oc1C;2.7583405778525703;-0.5113005738723659;-0.16957679805484424;-0.3851146642402806;0.657005475036045;-0.9731903819644286;-0.6209838283181613;-0.49920768260333204;-0.24710536429033883;-0.030729254193150108;-0.48521256726432327;-0.4361122207682917;-0.15220388682955227;-0.40599897147057507;-0.18749999999999997;0.0
Cc1nn(C)c(C)c1CCN(C)C(=O)c1nc(C2CCC2)oc1C;1.0449791999674445;0.3728836954486291;-0.16957679805484424;-0.3851146642402806;0.657005475036045;-0.9731903819644286;-0.6209838283181613;-0.49920768260333204;-0.24710536429033883;-0.030729254193150108;-0.48521256726432327;-0.4361122207682917;-0.15220388682955227;-0.40599897147057507;-0.18749999999999997;0.0
Cc1nn(C)c(C)c1CCN(C)S(=O)(=O)c1ccc(C2CCCCC2)cc1;1.032751725057113;-0.0186826499741312;-0.16957679805484424;-0.3851146642402806;-0.472356799801609;-0.4038847501309328;-0.6209838283181613;-0.49920768260333204;-0.24710536429033883;-0.030729254193150108;-0.48521256726432327;-0.4361122207682917;-0.15220388682955227;-0.40599897147057507;-0.18749999999999997;1.0
Cc1nn(C)c(C)c1CCN(C)S(=O)(=O)c1ccc(Cl)cc1;2.5650747406322445;0.03476274956101091;8.817993498851902;-0.3851146642402806;-0.472356799801609;-0.9731903819644286;-0.6209838283181613;-0.49920768260333204;4.046856703705712;-0.030729254193150108;-0.48521256726432327;-0.4361122207682917;-0.15220388682955227;-0.40599897147057507;5.333333333333333;1.0
Cc1nn(C)c(C)c1CCN(C)S(=O)(=O)c1ccc2ccccc2c1;1.1316132765806406;0.10938017156012032;-0.16957679805484424;-0.3851146642402806;-0.472356799801609;0.16542088170256303;-0.6209838283181613;-0.49920768260333204;-0.24710536429033883;-0.030729254193150108;-0.48521256726432327;-0.4361122207682917;-0.15220388682955227;-0.40599897147057507;-0.18749999999999997;1.0
Cc1nn(C)c(C)c1CCN/C(=N/c1ccc(C(C)C)cc1)NC(=O)c1cccc(F)c1;1.0650754655404469;0.25520074469321835;-0.16957679805484424;-0.3851146642402806;1.9093850566564836;0.16542088170256303;-0.6209838283181613;-0.49920768260333204;-0.24710536429033883;-0.030729254193150108;-0.48521256726432327;-0.4361122207682917;-0.15220388682955227;-0.40599897147057507;-0.18749999999999997;0.0
Cc1nn(C)c(C)c1CCN/C(=N/c1ccc(C(C)C)cc1)NC(=O)c1ccccc1;0.7631734553648386;0.2667946838325844;-0.16957679805484424;-0.3851146642402806;1.9093850566564836;0.16542088170256303;-0.6209838283181613;-0.49920768260333204;-0.24710536429033883;-0.030729254193150108;-0.48521256726432327;-0.4361122207682917;-0.15220388682955227;-0.40599897147057507;-0.18749999999999997;0.0
Cc1nn(C)c(C)c1CCN/C(=N/c1ccc(F)c(Cl)c1)NC(=O)c1cccc(F)c1;1.1059816956864905;0.3701232013606599;-0.16957679805484424;-0.3851146642402806;1.9093850566564836;-0.4038847501309328;-0.6209838283181613;-0.49920768260333204;4.046856703705712;-0.030729254193150108;-0.48521256726432327;-0.4361122207682917;-0.15220388682955227;-0.40599897147057507;-0.18749999999999997;0.0
Cc1nn(C)c(C)c1CCN/C(=N/c1ccc2c(c1)OCCO2)NC(=O)c1cccc(F)c1;-0.12969447254837;0.48675330485067764;-0.16957679805484424;-0.3851146642402806;1.9093850566564836;-0.4038847501309328;-0.6209838283181613;-0.49920768260333204;-0.24710536429033883;-0.030729254193150108;-0.48521256726432327;-0.4361122207682917;-0.15220388682955227;-0.40599897147057507;-0.18749999999999997;1.0
Cc1nn(C)c(C)c1CCN/C(=N\c1cccc(Br)c1)NC(=O)c1cccc(F)c1;0.795379826176565;0.21388533606576587;-0.16957679805484424;-0.3851146642402806;1.9093850566564836;-0.4038847501309328;-0.6209838283181613;-0.49920768260333204;-0.24710536429033883;32.54228019054596;-0.48521256726432327;-0.4361122207682917;-0.15220388682955227;-0.40599897147057507;-0.18749999999999997;0.0
Cc1nn(C)c(C)c1CCN/C(=N\c1cccc(Cl)c1)NC(=O)c1cccc(Cl)c1;0.795379826176565;0.5133692066153419;-0.16957679805484424;-0.3851146642402806;1.9093850566564836;-0.4038847501309328;-0.6209838283181613;-0.49920768260333204;4.046856703705712;-0.030729254193150108;-0.48521256726432327;-0.4361122207682917;-0.15220388682955227;-0.40599897147057507;-0.18749999999999997;0.0
Cc1nn(C)c(C)c1CCN/C(=N\c1cccc(Cl)c1)NC(=O)c1cccc(F)c1;0.795379826176565;0.36467722248428125;-0.16957679805484424;-0.3851146642402806;1.9093850566564836;-0.4038847501309328;-0.6209838283181613;-0.49920768260333204;4.046856703705712;-0.030729254193150108;-0.48521256726432327;-0.4361122207682917;-0.15220388682955227;-0.40599897147057507;-0.18749999999999997;0.0
Cc1nn(C)c(C)c1CCN/C(=N\c1cccc(F)c1)NC(=O)c1ccc(Cl)cc1;0.795379826176565;0.478836428700205;4.3242083503985285;-0.3851146642402806;1.9093850566564836;-0.4038847501309328;1.6103478937742153;1.22725281840656;4.046856703705712;-0.030729254193150108;-0.48521256726432327;-0.4361122207682917;-0.15220388682955227;-0.40599897147057507;5.333333333333333;0.0
Cc1nn(C)c(C)c1CCN/C(=N\c1cccc(F)c1)NC(=O)c1ccc(F)c(F)c1;1.1059816956864905;0.5883015107384629;-0.16957679805484424;-0.3851146642402806;1.9093850566564836;-0.4038847501309328;1.6103478937742153;2.090483068911506;-0.24710536429033883;-0.030729254193150108;-0.48521256726432327;-0.4361122207682917;-0.15220388682955227;2.463060426921489;-0.18749999999999997;0.0
Cc1nn(C)c(C)c1CCN/C(=N\c1cccc(F)c1)NC(=O)c1cccc(Cl)c1;0.795379826176565;0.7840069359355206;-0.16957679805484424;-0.3851146642402806;1.9093850566564836;-0.4038847501309328;1.6103478937742153;1.22725281840656;-0.24710536429033883;-0.030729254193150108;-0.48521256726432327;-0.4361122207682917;-0.15220388682955227;-0.40599897147057507;-0.18749999999999997;0.0
Cc1nn(C)c(C)c1CCN/C(=N\c1cccc(F)c1)NC(=O)c1cccc(F)c1;0.795379826176565;0.5797669189801691;-0.16957679805484424;-0.3851146642402806;1.9093850566564836;-0.4038847501309328;1.6103478937742153;1.22725281840656;-0.24710536429033883;-0.030729254193150108;-0.48521256726432327;-0.4361122207682917;-0.15220388682955227;-0.40599897147057507;-0.18749999999999997;0.0
Cc1nn(C)c(C)c1CCN/C(=N\c1ccccc1)NC(=O)c1cccc(F)c1;0.46335713807975293;0.5679353696917858;-0.16957679805484424;-0.3851146642402806;1.9093850566564836;-0.4038847501309328;-0.6209838283181613;-0.49920768260333204;-0.24710536429033883;-0.030729254193150108;-0.48521256726432327;-0.4361122207682917;-0.15220388682955227;-0.40599897147057507;-0.18749999999999997;0.0
Cc1nn(C)c(C)c1CCNC(=O)C1CCCCc2nn(CC(C)C)c(=O)n21;1.2462316276157959;-0.4198088865513524;-0.16957679805484424;-0.3851146642402806;1.732794409320516;-0.9731903819644286;-0.6209838283181613;-0.49920768260333204;-0.24710536429033883;-0.030729254193150108;-0.48521256726432327;-0.4361122207682917;-0.15220388682955227;-0.40599897147057507;-0.18749999999999997;0.0
Cc1nn(C)c(C)c1CCNC(=O)NCCc1ccccc1;0.9607558708959857;0.07739847650909669;-0.16957679805484424;-0.3851146642402806;-0.472356799801609;-0.4038847501309328;-0.6209838283181613;-0.49920768260333204;-0.24710536429033883;-0.030729254193150108;-0.48521256726432327;-0.4361122207682917;-0.15220388682955227;-0.40599897147057507;-0.18749999999999997;1.0
Cc1nn(C)c(C)c1CCNC(=O)Nc1ccc(F)c(Cl)c1;1.926851820893351;0.49559381508169054;4.3242083503985285;-0.3851146642402806;-0.472356799801609;-0.9731903819644286;-0.6209838283181613;-0.49920768260333204;4.046856703705712;-0.030729254193150108;-0.48521256726432327;-0.4361122207682917;-0.15220388682955227;-0.40599897147057507;5.333333333333333;1.0
Cc1nn(C)c(C)c1CCNC(=O)Nc1ccc(F)cc1;1.5222239180318908;0.6140143711938544;-0.16957679805484424;-0.3851146642402806;-0.472356799801609;-0.9731903819644286;-0.6209838283181613;-0.49920768260333204;-0.24710536429033883;-0.030729254193150108;-0.48521256726432327;-0.4361122207682917;-0.15220388682955227;-0.40599897147057507;-0.18749999999999997;1.0
Cc1nn(C)c(C)c1CCNC(=O)Nc1cccc(Br)c1;1.5222239180318908;0.40464561034899527;-0.16957679805484424;-0.3851146642402806;-0.472356799801609;-0.9731903819644286;-0.6209838283181613;-0.49920768260333204;-0.24710536429033883;32.54228019054596;-0.48521256726432327;-0.4361122207682917;-0.15220388682955227;-0.40599897147057507;-0.18749999999999997;1.0
Cc1nn(C)c(C)c1CCNC(=O)Nc1cccc(F)c1;1.5222239180318908;0.6282465090279337;-0.16957679805484424;-0.3851146642402806;-0.472356799801609;-0.9731903819644286;1.6103478937742153;0.364022567901614;-0.24710536429033883;-0.030729254193150108;-0.48521256726432327;-0.4361122207682917;-0.15220388682955227;2.463060426921489;-0.18749999999999997;1.0
Cc1nn(C)c(C)c1CCNC(=O)Nc1ccccc1;1.0771332248842715;0.6216785431978257;-0.16957679805484424;-0.3851146642402806;-0.472356799801609;-0.9731903819644286;-0.6209838283181613;-0.49920768260333204;-0.24710536429033883;-0.030729254193150108;-0.48521256726432327;-0.4361122207682917;-0.15220388682955227;-0.40599897147057507;-0.18749999999999997;0.0
Cc1nn(C)c(C)c1CCNC(=O)[C@@H]1C[C@H](Oc2cccnc2)CN1S(C)(=O)=O;1.3139764375358551;0.6938703833173306;-0.16957679805484424;1.6258289027286723;1.8309910140070214;-0.9731903819644286;-0.6209838283181613;-0.49920768260333204;-0.24710536429033883;-0.030729254193150108;-0.48521256726432327;-0.4361122207682917;-0.15220388682955227;-0.40599897147057507;-0.18749999999999997;0.0
Cc1nn(C)c(C)c1CCNC(=O)[C@H]1CN(S(=O)(=O)C(C)C)C[C@@]12OCCNC2=O;2.0856752901259705;-0.13529811894456673;-0.16957679805484424;1.6258289027286723;1.7863677498736987;-0.9731903819644286;-0.6209838283181613;-0.49920768260333204;-0.24710536429033883;-0.030729254193150108;2.060952389667274;5.509597798709383;-0.15220388682955227;-0.40599897147057507;-0.18749999999999997;0.0
Cc1nn(C)c(C)c1CCNC(=O)c1ccc(CC2CCN(C(=O)C3CC3)CC2)cc1;-0.12496394374588732;0.34395488096177085;-0.16957679805484424;-0.3851146642402806;1.7863677498736987;0.16542088170256303;-0.6209838283181613;-0.49920768260333204;-0.24710536429033883;-0.030729254193150108;-0.48521256726432327;-0.4361122207682917;-0.15220388682955227;-0.40599897147057507;-0.18749999999999997;0.0
Cc1nn(C)c(C)c1CCNC(=O)c1ccc(CC2CCN(S(C)(=O)=O)CC2)cc1;1.263409967318418;0.5744710313609173;-0.16957679805484424;-0.3851146642402806;0.657005475036045;0.16542088170256303;-0.6209838283181613;-0.49920768260333204;-0.24710536429033883;-0.030729254193150108;-0.48521256726432327;-0.4361122207682917;-0.15220388682955227;-0.40599897147057507;-0.18749999999999997;0.0
Cc1nn(C)c(C)c1CCNC(=O)c1nc(-c2ccccc2)n2c1CCCCC2;-0.4860311161420673;0.08849209818301482;-0.16957679805484424;-0.3851146642402806;0.657005475036045;-0.4038847501309328;-0.6209838283181613;-0.49920768260333204;-0.24710536429033883;-0.030729254193150108;-0.48521256726432327;-0.4361122207682917;-0.15220388682955227;-0.40599897147057507;-0.18749999999999997;0.0
Cc1nn(C)c(C)c1CCNS(=O)(=O)c1ccc(Cl)cc1;2.190838405377389;-0.13372897107949802;8.817993498851902;-0.3851146642402806;-0.472356799801609;-0.9731903819644286;-0.6209838283181613;-0.49920768260333204;4.046856703705712;-0.030729254193150108;-0.48521256726432327;-0.4361122207682917;-0.15220388682955227;-0.40599897147057507;5.333333333333333;1.0
Cc1nn(C)c(C)c1CCNS(=O)(=O)c1ccc(F)cc1;2.190838405377389;0.09437564717531033;-0.16957679805484424;-0.3851146642402806;-0.472356799801609;-0.9731903819644286;1.6103478937742153;0.364022567901614;-0.24710536429033883;-0.030729254193150108;-0.48521256726432327;-0.4361122207682917;-0.15220388682955227;2.463060426921489;-0.18749999999999997;1.0
Cc1nn(C)c(C)c1CCNS(=O)(=O)c1ccccc1;1.7791784365970473;0.08103416527302727;-0.16957679805484424;-0.3851146642402806;-0.472356799801609;-0.9731903819644286;-0.6209838283181613;-0.49920768260333204;-0.24710536429033883;-0.030729254193150108;-0.48521256726432327;-0.4361122207682917;-0.15220388682955227;-0.40599897147057507;-0.18749999999999997;1.0
Cc1nn(C)c(C)c1CN(C)C(=O)C1CCCn2c(-c3cnccn3)nnc21;-0.11660104461292171;0.28889195830114645;-0.16957679805484424;-0.3851146642402806;1.8309910140070214;-0.9731903819644286;-0.6209838283181613;-0.49920768260333204;-0.24710536429033883;-0.030729254193150108;-0.48521256726432327;-0.4361122207682917;-0.15220388682955227;-0.40599897147057507;-0.18749999999999997;0.0
Cc1nn(C)c(C)c1CN(C)C(=O)C1CN(c2ncccn2)CC12CCC2;0.013038414967022988;0.2762031822363326;-0.16957679805484424;1.6258289027286723;0.657005475036045;-0.9731903819644286;-0.6209838283181613;-0.49920768260333204;-0.24710536429033883;-0.030729254193150108;-0.48521256726432327;-0.4361122207682917;-0.15220388682955227;-0.40599897147057507;-0.18749999999999997;0.0
Cc1nn(C)c(C)c1CN(C)C(=O)C1c2ccccc2Oc2ccccc21;-0.11340042889536367;1.366922823478966;-0.16957679805484424;-0.3851146642402806;0.657005475036045;0.16542088170256303;-0.6209838283181613;-0.49920768260333204;-0.24710536429033883;-0.030729254193150108;-0.48521256726432327;-0.4361122207682917;-0.15220388682955227;-0.40599897147057507;-0.18749999999999997;1.0
Cc1nn(C)c(C)c1CN(C)C(=O)CC1OCCn2c1nn(Cc1ccccc1)c2=O;0.21784429657575724;-0.11798794022499538;-0.16957679805484424;-0.3851146642402806;1.732794409320516;-0.4038847501309328;-0.6209838283181613;-0.49920768260333204;-0.24710536429033883;-0.030729254193150108;-0.48521256726432327;-0.4361122207682917;-0.15220388682955227;-0.40599897147057507;-0.18749999999999997;1.0
Cc1nn(C)c(C)c1CN(C)C(=O)Cn1nc(C(F)F)c(Cl)c1C;3.0777446279830634;1.072926902736665;4.3242083503985285;-0.3851146642402806;1.7598129849543926;-0.9731903819644286;-0.6209838283181613;-0.49920768260333204;4.046856703705712;-0.030729254193150108;-0.48521256726432327;-0.4361122207682917;-0.15220388682955227;-0.40599897147057507;5.333333333333333;0.0
Cc1nn(C)c(C)c1CN(C)C(=O)c1c(I)cnn1C;2.6711915423799355;1.0444447516359452;-0.16957679805484424;-0.3851146642402806;1.7598129849543926;-0.9731903819644286;-0.6209838283181613;-0.49920768260333204;-0.24710536429033883;-0.030729254193150108;-0.48521256726432327;-0.4361122207682917;-0.15220388682955227;-0.40599897147057507;-0.18749999999999997;0.0
Cc1nn(C)c(C)c1CN(C)C(=O)c1cnn2c1NC(c1ccccc1)CC2C(F)(F)F;0.9755661002840155;-1.14338924777637;-0.16957679805484424;-0.3851146642402806;0.657005475036045;0.16542088170256303;-0.6209838283181613;-0.49920768260333204;-0.24710536429033883;-0.030729254193150108;-0.48521256726432327;-0.4361122207682917;-0.15220388682955227;-0.40599897147057507;-0.18749999999999997;0.0
Cc1nn(C)c(C)c1CN(C)C(=O)c1nnn2c1C(=O)N[C@@H](C(C)C)C2;1.7664452446610401;0.2631870886087337;-0.16957679805484424;-0.3851146642402806;1.7863677498736987;-0.9731903819644286;-0.6209838283181613;-0.49920768260333204;-0.24710536429033883;-0.030729254193150108;-0.48521256726432327;-0.4361122207682917;-0.15220388682955227;-0.40599897147057507;-0.18749999999999997;0.0
Cc1nn(C)c(C)c1CN(C)CC(=O)Nc1ccccc1C(N)=O;2.192156673818799;0.7930097472216097;-0.16957679805484424;-0.3851146642402806;2.9405507268076323;-0.4038847501309328;-0.6209838283181613;-0.49920768260333204;-0.24710536429033883;-0.030729254193150108;2.060952389667274;1.050315284101127;-0.15220388682955227;-0.40599897147057507;-0.18749999999999997;0.0
Cc1nn(C)c(C)c1CN(C)CC(=O)Nc1sc2c(c1C(N)=O)CCC(C)C2;1.625769322257613;1.5902082471475376;-0.16957679805484424;-0.3851146642402806;2.9405507268076323;0.16542088170256303;-0.6209838283181613;-0.49920768260333204;-0.24710536429033883;-0.030729254193150108;2.060952389667274;1.050315284101127;-0.15220388682955227;-0.40599897147057507;-0.18749999999999997;1.0
Cc1nn(C)c(C)c1CN(C)S(=O)(=O)c1ccc(CC(C)C)cc1;2.777194350246103;-2.061169127516743;-0.16957679805484424;-0.3851146642402806;-0.472356799801609;-0.4038847501309328;-0.6209838283181613;-0.49920768260333204;-0.24710536429033883;-0.030729254193150108;-0.48521256726432327;-0.4361122207682917;-0.15220388682955227;-0.40599897147057507;-0.18749999999999997;1.0
Cc1nn(C)c(C)c1CN(C)S(=O)(=O)c1ccc(F)cc1;2.6968886648998214;0.1814332096163244;-0.16957679805484424;-0.3851146642402806;-0.472356799801609;-0.9731903819644286;1.6103478937742153;0.364022567901614;-0.24710536429033883;-0.030729254193150108;-0.48521256726432327;-0.4361122207682917;-0.15220388682955227;2.463060426921489;-0.18749999999999997;1.0
Cc1nn(C)c(C)c1CN(C)S(=O)(=O)c1cccc([N+](=O)[O-])c1;2.9067687858649323;0.6009251389670353;-0.16957679805484424;-0.3851146642402806;1.9100899411253707;-0.9731903819644286;-0.6209838283181613;-0.49920768260333204;-0.24710536429033883;-0.030729254193150108;2.060952389667274;5.509597798709383;-0.15220388682955227;-0.40599897147057507;-0.18749999999999997;0.0
Cc1nn(C)c(C)c1CN(C)S(=O)(=O)c1ccccc1;2.3105312090956045;0.1284740639829972;-0.16957679805484424;-0.3851146642402806;-0.472356799801609;-0.9731903819644286;-0.6209838283181613;-0.49920768260333204;-0.24710536429033883;-0.030729254193150108;-0.48521256726432327;-0.4361122207682917;-0.15220388682955227;-0.40599897147057507;-0.18749999999999997;1.0
Cc1nn(C)c(C)c1CN(C)S(=O)(=O)c1cnn(C(F)F)c1C;3.36881467499411;0.36124287354622386;-0.16957679805484424;-0.3851146642402806;-0.472356799801609;-0.9731903819644286;1.6103478937742153;1.22725281840656;-0.24710536429033883;-0.030729254193150108;-0.48521256726432327;-0.4361122207682917;-0.15220388682955227;2.463060426921489;-0.18749999999999997;1.0
Cc1nn(C)c(C)c1CN(C)S(=O)(=O)c1cnn(C)c1;2.841883981594154;0.3961796898723584;-0.16957679805484424;-0.3851146642402806;0.6304507101167385;-0.9731903819644286;-0.6209838283181613;-0.49920768260333204;-0.24710536429033883;-0.030729254193150108;-0.48521256726432327;-0.4361122207682917;-0.15220388682955227;-0.40599897147057507;-0.18749999999999997;0.0
Cc1nn(C)c(C)c1CN/C(=N\c1ccc(Br)cc1)NC(=O)c1ccccc1;0.48715623833212546;0.29200209352388395;-0.16957679805484424;-0.3851146642402806;1.9093850566564836;-0.4038847501309328;-0.6209838283181613;-0.49920768260333204;-0.24710536429033883;-0.030729254193150108;-0.48521256726432327;-0.4361122207682917;-0.15220388682955227;-0.40599897147057507;-0.18749999999999997;0.0
Cc1nn(C)c(C)c1CN/C(=N\c1ccc(C(C)C)cc1)NC(=O)c1ccccc1;0.795379826176565;0.19551263366782123;-0.16957679805484424;-0.3851146642402806;1.9093850566564836;0.16542088170256303;-0.6209838283181613;-0.49920768260333204;-0.24710536429033883;-0.030729254193150108;-0.48521256726432327;-0.4361122207682917;-0.15220388682955227;-0.40599897147057507;-0.18749999999999997;0.0
Cc1nn(C)c(C)c1CN/C(=N\c1ccc2c(c1)OCCO2)NC(=O)c1cccc(F)c1;-0.12740312265966564;0.40341753364809374;-0.16957679805484424;-0.3851146642402806;1.9093850566564836;-0.4038847501309328;-0.6209838283181613;-0.49920768260333204;-0.24710536429033883;-0.030729254193150108;-0.48521256726432327;-0.4361122207682917;-0.15220388682955227;-0.40599897147057507;-0.18749999999999997;0.0
Cc1nn(C)c(C)c1CN/C(=N\c1cccc(F)c1)NC(=O)c1ccccc1F;0.829807326009791;0.4860802119811216;-0.16957679805484424;-0.3851146642402806;1.9093850566564836;-0.4038847501309328;1.6103478937742153;2.953713319416452;-0.24710536429033883;-0.030729254193150108;-0.48521256726432327;-0.4361122207682917;-0.15220388682955227;-0.40599897147057507;-0.18749999999999997;0.0
Cc1nn(C)c(C)c1CN/C(=N\c1ccccc1)NC(=O)c1ccc2c(c1)OCO2;-0.4765973345702188;0.4850872913377379;-0.16957679805484424;1.6258289027286723;1.9093850566564836;-0.4038847501309328;-0.6209838283181613;-0.49920768260333204;-0.24710536429033883;-0.030729254193150108;2.060952389667274;1.050315284101127;-0.15220388682955227;-0.40599897147057507;-0.18749999999999997;0.0
Cc1nn(C)c(C)c1CN/C(=N\c1ccccc1)NC(=O)c1ccccc1Br;0.48715623833213995;0.6509372248982337;-0.16957679805484424;-0.3851146642402806;1.9093850566564836;-0.4038847501309328;-0.6209838283181613;-0.49920768260333204;-0.24710536429033883;32.54228019054596;-0.48521256726432327;-0.4361122207682917;-0.15220388682955227;-0.40599897147057507;-0.18749999999999997;0.0
Cc1nn(C)c(C)c1CN1CC(c2nc(C3CCN(S(C)(=O)=O)CC3)no2)C1;0.38485982089620174;0.7767361448705098;-0.16957679805484424;-0.3851146642402806;0.6818261771323245;-0.9731903819644286;-0.6209838283181613;-0.49920768260333204;-0.24710536429033883;-0.030729254193150108;-0.48521256726432327;-0.4361122207682917;-0.15220388682955227;-0.40599897147057507;-0.18749999999999997;0.0
Cc1nn(C)c(C)c1CN1CC(c2nncn2C)C2(CCN(C(C)C)CC2)C1;0.38485982089621623;0.12858436716729632;-0.16957679805484424;1.6258289027286723;0.6818261771323245;-0.9731903819644286;-0.6209838283181613;-0.49920768260333204;-0.24710536429033883;-0.030729254193150108;-0.48521256726432327;-0.4361122207682917;-0.15220388682955227;-0.40599897147057507;-0.18749999999999997;0.0
Cc1nn(C)c(C)c1CN1CCC2(CC1)CC(CNC(=O)c1ccccc1)CCO2;-0.36280237509408747;0.6175488388278934;-0.16957679805484424;-0.3851146642402806;1.8111884519699784;-0.4038847501309328;-0.6209838283181613;-0.49920768260333204;-0.24710536429033883;-0.030729254193150108;-0.48521256726432327;-0.4361122207682917;-0.15220388682955227;-0.40599897147057507;-0.18749999999999997;0.0
Cc1nn(C)c(C)c1CN1CCN(C(=O)Nc2ccc(Br)cc2Cl)CC1;0.9489794408171012;1.9904163855560069;-0.16957679805484424;-0.3851146642402806;0.6818261771323245;-0.9731903819644286;-0.6209838283181613;-0.49920768260333204;-0.24710536429033883;-0.030729254193150108;-0.48521256726432327;-0.4361122207682917;-0.15220388682955227;-0.40599897147057507;-0.18749999999999997;0.0
Cc1nn(C)c(C)c1CN1CCN(C(=O)c2nn(C)cc2[N+](=O)[O-])CC1;1.3577123427390743;1.8105818076922187;-0.16957679805484424;-0.3851146642402806;5.2964427028153045;-0.9731903819644286;-0.6209838283181613;-0.49920768260333204;-0.24710536429033883;-0.030729254193150108;-0.48521256726432327;-0.4361122207682917;-0.15220388682955227;-0.40599897147057507;-0.18749999999999997;0.0
Cc1nn(C)c(C)c1CN1C[C@H]2CCCC(=O)N[C@H]2C1;0.2318730287612026;0.14489522725443726;-0.16957679805484424;1.6258289027286723;1.8111884519699784;-0.9731903819644286;-0.6209838283181613;-0.49920768260333204;-0.24710536429033883;-0.030729254193150108;-0.48521256726432327;-0.4361122207682917;-0.15220388682955227;-0.40599897147057507;-0.18749999999999997;0.0
Cc1nn(C)c(C)c1CNC(=O)C1(C)COCc2nnc(C(C)C)n21;1.5566954945794977;-0.8044975500078404;-0.16957679805484424;-0.3851146642402806;1.732794409320516;-0.9731903819644286;-0.6209838283181613;-0.49920768260333204;-0.24710536429033883;-0.030729254193150108;-0.48521256726432327;-0.4361122207682917;-0.15220388682955227;-0.40599897147057507;-0.18749999999999997;0.0
Cc1nn(C)c(C)c1CNC(=O)C1=Cc2cc(Br)ccc2OC1;0.6371940442710681;-0.8506261675627361;-0.16957679805484424;-0.3851146642402806;0.657005475036045;-0.4038847501309328;-0.6209838283181613;-0.49920768260333204;-0.24710536429033883;-0.030729254193150108;-0.48521256726432327;-0.4361122207682917;-0.15220388682955227;-0.40599897147057507;-0.18749999999999997;0.0
Cc1nn(C)c(C)c1CNC(=O)C1CCCN(c2ccc(Cl)nn2)C1;0.56997710721042;-0.8842537061146735;-0.16957679805484424;-0.3851146642402806;0.657005475036045;-0.9731903819644286;-0.6209838283181613;-0.49920768260333204;-0.24710536429033883;-0.030729254193150108;-0.48521256726432327;-0.4361122207682917;-0.15220388682955227;-0.40599897147057507;-0.18749999999999997;0.0
Cc1nn(C)c(C)c1CNC(=O)C1CCCN(c2cn[nH]c(=O)c2)C1;0.56997710721042;-0.7014120236312263;-0.16957679805484424;-0.3851146642402806;1.7863677498736987;-0.9731903819644286;-0.6209838283181613;-0.49920768260333204;-0.24710536429033883;-0.030729254193150108;-0.48521256726432327;-0.4361122207682917;-0.15220388682955227;-0.40599897147057507;-0.18749999999999997;0.0
Cc1nn(C)c(C)c1CNC(=O)C1CCCN(c2cnn(Cc3ccccc3)c(=O)c2)C1;-0.12740312265967288;-0.3865567815846797;-0.16957679805484424;-0.3851146642402806;1.7863677498736987;-0.4038847501309328;-0.6209838283181613;-0.49920768260333204;-0.24710536429033883;-0.030729254193150108;-0.48521256726432327;-0.4361122207682917;-0.15220388682955227;-0.40599897147057507;-0.18749999999999997;0.0
Cc1nn(C)c(C)c1CNC(=O)C1CCCN(c2nnc3ccc(C(F)(F)F)cn23)C1;0.670776691229174;-0.6169822037008938;-0.16957679805484424;-0.3851146642402806;1.6935973879957849;-0.4038847501309328;1.6103478937742153;7.2698645719411825;-0.24710536429033883;-0.030729254193150108;-0.48521256726432327;-0.4361122207682917;-0.15220388682955227;-0.40599897147057507;-0.18749999999999997;0.0
Cc1nn(C)c(C)c1CNC(=O)C1CCCN(c2nnc3ccccn23)C1;-0.5069950751905897;-0.8329962870304906;-0.16957679805484424;-0.3851146642402806;1.6935973879957849;-0.9731903819644286;-0.6209838283181613;-0.49920768260333204;-0.24710536429033883;-0.030729254193150108;-0.48521256726432327;-0.4361122207682917;-0.15220388682955227;-0.40599897147057507;-0.18749999999999997;0.0
Cc1nn(C)c(C)c1CNC(=O)C1CCCn2c(-c3cnccn3)nnc21;-0.5069950751905897;-0.5404623068252237;-0.16957679805484424;-0.3851146642402806;1.8309910140070214;-0.9731903819644286;-0.6209838283181613;-0.49920768260333204;-0.24710536429033883;-0.030729254193150108;-0.48521256726432327;-0.4361122207682917;-0.15220388682955227;-0.40599897147057507;-0.18749999999999997;0.0
Cc1nn(C)c(C)c1CNC(=O)C1CCN(c2cnn(Cc3ccccc3)c(=O)c2)CC1;-0.12740312265967288;-1.128882459493993;-0.16957679805484424;-0.3851146642402806;1.7863677498736987;-0.4038847501309328;-0.6209838283181613;-0.49920768260333204;-0.24710536429033883;-0.030729254193150108;-0.48521256726432327;-0.4361122207682917;-0.15220388682955227;-0.40599897147057507;-0.18749999999999997;0.0
Cc1nn(C)c(C)c1CNC(=O)C1CCN(c2nnc3ccc(Cl)cn23)CC1;-0.11660104461291448;-1.827724947409157;-0.16957679805484424;-0.3851146642402806;1.6935973879957849;-0.9731903819644286;-0.6209838283181613;-0.49920768260333204;-0.24710536429033883;-0.030729254193150108;-0.48521256726432327;-0.4361122207682917;-0.15220388682955227;-0.40599897147057507;-0.18749999999999997;0.0
Cc1nn(C)c(C)c1CNC(=O)C1CCc2sc(C(=O)N3CCOCC3)cc2C1;-0.11958092821202922;-1.6152522943548662;-0.16957679805484424;-0.3851146642402806;1.7863677498736987;-0.4038847501309328;-0.6209838283181613;-0.49920768260333204;-0.24710536429033883;-0.030729254193150108;-0.48521256726432327;-0.4361122207682917;6.5701344481423405;-0.40599897147057507;-0.18749999999999997;0.0
Cc1nn(C)c(C)c1CNC(=O)CC1OCCn2c1nn(Cc1ccccc1)c2=O;-0.12236215290451896;-0.323369216478404;-0.16957679805484424;-0.3851146642402806;1.732794409320516;-0.4038847501309328;-0.6209838283181613;-0.49920768260333204;-0.24710536429033883;-0.030729254193150108;-0.48521256726432327;-0.4361122207682917;-0.15220388682955227;-0.40599897147057507;-0.18749999999999997;0.0
Cc1nn(C)c(C)c1CNC(=O)CCc1ccnc(N2CCOCC2)c1;0.13151363697316953;0.6781004620720287;-0.16957679805484424;-0.3851146642402806;0.657005475036045;-0.4038847501309328;-0.6209838283181613;-0.49920768260333204;-0.24710536429033883;-0.030729254193150108;-0.48521256726432327;-0.4361122207682917;-0.15220388682955227;-0.40599897147057507;-0.18749999999999997;1.0
Cc1nn(C)c(C)c1CNC(=O)CCc1cn(C(C)C)c2ccccc12;0.9489794408171012;0.9760997495016326;-0.16957679805484424;-0.3851146642402806;0.657005475036045;0.16542088170256303;-0.6209838283181613;-0.49920768260333204;-0.24710536429033883;-0.030729254193150108;-0.48521256726432327;-0.4361122207682917;-0.15220388682955227;-0.40599897147057507;-0.18749999999999997;0.0
Cc1nn(C)c(C)c1CNC(=O)CN1CCN(Cc2ccc(F)cc2)C1=O;0.9063128811947336;0.6739543310361432;-0.16957679805484424;1.6258289027286723;0.657005475036045;-0.4038847501309328;1.6103478937742153;0.364022567901614;-0.24710536429033883;-0.030729254193150108;-0.48521256726432327;-0.4361122207682917;-0.15220388682955227;-0.40599897147057507;-0.18749999999999997;0.0
Cc1nn(C)c(C)c1CNC(=O)COc1cc(O)c2c(c1)OC(C)(C)CC2=O;1.7476924931249123;1.0885471867992875;-0.16957679805484424;-0.3851146642402806;1.7863677498736987;-0.4038847501309328;-0.6209838283181613;-0.49920768260333204;-0.24710536429033883;-0.030729254193150108;2.060952389667274;1.050315284101127;-0.15220388682955227;-0.40599897147057507;-0.18749999999999997;0.0
Cc1nn(C)c(C)c1CNC(=O)Cc1cn(C)c2ccccc12;0.6371940442710681;0.6453016830796954;-0.16957679805484424;-0.3851146642402806;0.657005475036045;0.16542088170256303;-0.6209838283181613;-0.49920768260333204;-0.24710536429033883;-0.030729254193150108;-0.48521256726432327;-0.4361122207682917;-0.15220388682955227;-0.40599897147057507;-0.18749999999999997;0.0
Cc1nn(C)c(C)c1CNC(=O)Cc1n[nH]c(=O)c2ccccc12;0.602185222885316;0.6939162699036598;-0.16957679805484424;-0.3851146642402806;1.7863677498736987;0.16542088170256303;-0.6209838283181613;-0.49920768260333204;-0.24710536429033883;-0.030729254193150108;-0.48521256726432327;-0.4361122207682917;-0.15220388682955227;-0.40599897147057507;-0.18749999999999997;0.0
Cc1nn(C)c(C)c1CNC(=O)Cn1nc(C(F)(F)F)cc1C1CC1;1.5566954945794833;1.0336000512898917;-0.16957679805484424;-0.3851146642402806;1.7598129849543926;-0.9731903819644286;-0.6209838283181613;-0.49920768260333204;-0.24710536429033883;-0.030729254193150108;-0.48521256726432327;-0.4361122207682917;-0.15220388682955227;-0.40599897147057507;-0.18749999999999997;0.0
Cc1nn(C)c(C)c1CNC(=O)NCc1ccco1;1.1445095877195968;-0.012294016242153481;-0.16957679805484424;-0.3851146642402806;-0.472356799801609;-0.9731903819644286;-0.6209838283181613;-0.49920768260333204;-0.24710536429033883;-0.030729254193150108;-0.48521256726432327;-0.4361122207682917;-0.15220388682955227;-0.40599897147057507;-0.18749999999999997;1.0
Cc1nn(C)c(C)c1CNC(=O)Nc1cccc(Br)c1;1.6084859973828285;0.2548243536655931;-0.16957679805484424;-0.3851146642402806;-0.472356799801609;-0.9731903819644286;-0.6209838283181613;-0.49920768260333204;-0.24710536429033883;32.54228019054596;-0.48521256726432327;-0.4361122207682917;-0.15220388682955227;-0.40599897147057507;-0.18749999999999997;1.0
Cc1nn(C)c(C)c1CNC(=O)Nc1ccccc1;1.1445095877195968;0.6101628990002266;-0.16957679805484424;-0.3851146642402806;-0.472356799801609;-0.9731903819644286;-0.6209838283181613;-0.49920768260333204;-0.24710536429033883;-0.030729254193150108;-0.48521256726432327;-0.4361122207682917;-0.15220388682955227;-0.40599897147057507;-0.18749999999999997;0.0
Cc1nn(C)c(C)c1CNC(=O)c1cc(-c2ccco2)nc2c1c(C)nn2C;0.26293665002891714;-0.4589452440682381;-0.16957679805484424;-0.3851146642402806;1.7598129849543926;0.16542088170256303;-0.6209838283181613;-0.49920768260333204;-0.24710536429033883;-0.030729254193150108;2.060952389667274;1.050315284101127;-0.15220388682955227;-0.40599897147057507;-0.18749999999999997;0.0
Cc1nn(C)c(C)c1CNC(=O)c1cc(C2CC2)nc2c1c(C)nn2Cc1ccccc1;-0.6556907452365928;-0.8549238833386965;-0.16957679805484424;-0.3851146642402806;0.657005475036045;0.7347265135360589;-0.6209838283181613;-0.49920768260333204;-0.24710536429033883;-0.030729254193150108;-0.48521256726432327;-0.4361122207682917;-0.15220388682955227;-0.40599897147057507;-0.18749999999999997;1.0
Cc1nn(C)c(C)c1CNC(=O)c1cc(C2CC2)nc2c1cnn2-c1ccccc1F;-0.6702931025349614;-1.2561919224086073;-0.16957679805484424;-0.3851146642402806;0.657005475036045;0.16542088170256303;-0.6209838283181613;-0.49920768260333204;-0.24710536429033883;-0.030729254193150108;-0.48521256726432327;-0.4361122207682917;-0.15220388682955227;-0.40599897147057507;-0.18749999999999997;0.0
Cc1nn(C)c(C)c1CNC(=O)c1cc(C2CC2)nc2onc(C)c12;-0.10623104968802931;-0.6568327314447651;-0.16957679805484424;-0.3851146642402806;0.657005475036045;0.16542088170256303;-0.6209838283181613;-0.49920768260333204;-0.24710536429033883;-0.030729254193150108;-0.48521256726432327;-0.4361122207682917;-0.15220388682955227;-0.40599897147057507;-0.18749999999999997;1.0
Cc1nn(C)c(C)c1CNC(=O)c1cc2cc(S(=O)(=O)N(C)C)ccc2n1C;2.1272301877667363;0.5912620368305709;-0.16957679805484424;-0.3851146642402806;0.657005475036045;-0.4038847501309328;-0.6209838283181613;-0.49920768260333204;-0.24710536429033883;-0.030729254193150108;-0.48521256726432327;-0.4361122207682917;-0.15220388682955227;-0.40599897147057507;-0.18749999999999997;0.0
Cc1nn(C)c(C)c1CNC(=O)c1cc2n(n1)C(C(F)(F)F)CC(c1ccc3c(c1)OCO3)N2;0.09646530878476084;-0.20690304595694264;-0.16957679805484424;1.6258289027286723;0.657005475036045;-0.4038847501309328;-0.6209838283181613;-0.49920768260333204;-0.24710536429033883;-0.030729254193150108;-0.48521256726432327;-0.4361122207682917;-0.15220388682955227;-0.40599897147057507;-0.18749999999999997;0.0
Cc1nn(C)c(C)c1CNC(=O)c1cc2n(n1)C(C(F)(F)F)CC(c1cccs1)N2;0.6999031699030338;-0.007299434204946441;-0.16957679805484424;-0.3851146642402806;0.657005475036045;-0.9731903819644286;-0.6209838283181613;-0.49920768260333204;-0.24710536429033883;-0.030729254193150108;-0.48521256726432327;-0.4361122207682917;-0.15220388682955227;-0.40599897147057507;-0.18749999999999997;0.0
Cc1nn(C)c(C)c1CNC(=O)c1ccc2c(c1)N(C)C(=O)C1CCCCN21;0.26293665002890265;-0.4870090182978097;-0.16957679805484424;-0.3851146642402806;1.7863677498736987;-0.4038847501309328;-0.6209838283181613;-0.49920768260333204;-0.24710536429033883;-0.030729254193150108;-0.48521256726432327;-0.4361122207682917;-0.15220388682955227;-0.40599897147057507;-0.18749999999999997;0.0
Cc1nn(C)c(C)c1CNC(=O)c1ccccc1COc1ccc(F)cc1F;0.8666939329739716;-1.4037323418412686;-0.16957679805484424;-0.3851146642402806;0.657005475036045;0.16542088170256303;-0.6209838283181613;-0.49920768260333204;-0.24710536429033883;-0.030729254193150108;-0.48521256726432327;-0.4361122207682917;-0.15220388682955227;-0.40599897147057507;-0.18749999999999997;0.0
Cc1nn(C)c(C)c1CNC(=O)c1cccnc1N1CCNC(c2ccccc2)C1;-0.47659733457022607;-0.1285133562128477;-0.16957679805484424;-0.3851146642402806;0.657005475036045;0.16542088170256303;-0.6209838283181613;-0.49920768260333204;-0.24710536429033883;-0.030729254193150108;-0.48521256726432327;-0.4361122207682917;-0.15220388682955227;-0.40599897147057507;-0.18749999999999997;1.0
Cc1nn(C)c(C)c1CNC(=O)c1cn(CC2(O)CCN(Cc3ccccc3)CC2)nn1;-0.020720348150795206;-0.7771577949979273;-0.16957679805484424;-0.3851146642402806;1.8111884519699784;-0.4038847501309328;-0.6209838283181613;-0.49920768260333204;-0.24710536429033883;-0.030729254193150108;-0.48521256726432327;-0.4361122207682917;-0.15220388682955227;-0.40599897147057507;-0.18749999999999997;0.0
Cc1nn(C)c(C)c1CNC(=O)c1n[nH]c2c1COc1ccccc1-2;-0.5313132676868793;-0.5937215405819454;-0.16957679805484424;-0.3851146642402806;1.858009589640898;0.16542088170256303;-0.6209838283181613;-0.49920768260333204;-0.24710536429033883;-0.030729254193150108;-0.48521256726432327;-0.4361122207682917;-0.15220388682955227;-0.40599897147057507;-0.18749999999999997;0.0
Cc1nn(C)c(C)c1CNC(=O)c1n[nH]c2ccccc12;0.21116394791605234;0.053214548384952105;-0.16957679805484424;-0.3851146642402806;1.858009589640898;-0.4038847501309328;-0.6209838283181613;-0.49920768260333204;-0.24710536429033883;-0.030729254193150108;-0.48521256726432327;-0.4361122207682917;-0.15220388682955227;-0.40599897147057507;-0.18749999999999997;1.0
Cc1nn(C)c(C)c1CNC(=O)c1nc(-c2ccc(F)cc2)no1;0.602185222885316;0.3846564807346092;-0.16957679805484424;-0.3851146642402806;0.657005475036045;-0.4038847501309328;1.6103478937742153;1.22725281840656;-0.24710536429033883;-0.030729254193150108;-0.48521256726432327;-0.4361122207682917;-0.15220388682955227;-0.40599897147057507;-0.18749999999999997;0.0
Cc1nn(C)c(C)c1CNC(=O)c1nc(Br)sc1C(C)C;2.534324437076756;1.5858592772500135;-0.16957679805484424;-0.3851146642402806;0.657005475036045;-0.9731903819644286;-0.6209838283181613;-0.49920768260333204;-0.24710536429033883;-0.030729254193150108;-0.48521256726432327;-0.4361122207682917;-0.15220388682955227;-0.40599897147057507;-0.18749999999999997;0.0
Cc1nn(C)c(C)c1CNC(=O)c1nn2c(c1Cl)NC(c1cccs1)CC2C(F)(F)F;1.0135849315508185;0.009351109233041634;-0.16957679805484424;-0.3851146642402806;0.657005475036045;-0.9731903819644286;-0.6209838283181613;-0.49920768260333204;-0.24710536429033883;-0.030729254193150108;-0.48521256726432327;-0.4361122207682917;-0.15220388682955227;-0.40599897147057507;-0.18749999999999997;0.0
Cc1nn(C)c(C)c1CNCCC(=O)Sc1nc2ccccc2s1;0.15939124580318756;0.6414460648341256;-0.16957679805484424;-0.3851146642402806;0.657005475036045;-0.9731903819644286;-0.6209838283181613;-0.49920768260333204;-0.24710536429033883;-0.030729254193150108;-0.48521256726432327;-0.4361122207682917;-0.15220388682955227;-0.40599897147057507;-0.18749999999999997;1.0
Cc1nn(C)c(C)c1CNS(=O)(=O)Cc1ccccc1;1.7791784365970473;0.8002906586568088;-0.16957679805484424;-0.3851146642402806;-0.472356799801609;-0.4038847501309328;-0.6209838283181613;-0.49920768260333204;-0.24710536429033883;-0.030729254193150108;-0.48521256726432327;-0.4361122207682917;-0.15220388682955227;-0.40599897147057507;-0.18749999999999997;1.0
Cc1nn(C)c(C)c1CNS(=O)(=O)c1c(C)noc1C;2.841883981594154;-1.249869787523041;-0.16957679805484424;-0.3851146642402806;-0.472356799801609;-0.9731903819644286;-0.6209838283181613;-0.49920768260333204;-0.24710536429033883;-0.030729254193150108;-0.48521256726432327;-0.4361122207682917;-0.15220388682955227;-0.40599897147057507;-0.18749999999999997;1.0
Cc1nn(C)c(C)c1CNS(=O)(=O)c1cccc(Cl)c1;2.3105312090956045;-0.21820334509382674;-0.16957679805484424;-0.3851146642402806;-0.472356799801609;-0.9731903819644286;-0.6209838283181613;-0.49920768260333204;-0.24710536429033883;-0.030729254193150108;-0.48521256726432327;-0.4361122207682917;-0.15220388682955227;-0.40599897147057507;-0.18749999999999997;1.0
Cc1nn(C)c(C)c1CNS(=O)(=O)c1ccccc1;1.8835045474172531;-0.6595619627392214;-0.16957679805484424;-0.3851146642402806;-0.472356799801609;-0.9731903819644286;-0.6209838283181613;-0.49920768260333204;-0.24710536429033883;-0.030729254193150108;-0.48521256726432327;-0.4361122207682917;-0.15220388682955227;-0.40599897147057507;-0.18749999999999997;1.0
Cc1nn(C)c(C)c1CNc1nc(-c2ccccc2)cc(C(F)(F)F)n1;1.0802813171357377;-0.3814023253044317;-0.16957679805484424;-0.3851146642402806;-0.472356799801609;-0.4038847501309328;-0.6209838283181613;-0.49920768260333204;-0.24710536429033883;-0.030729254193150108;-0.48521256726432327;-0.4361122207682917;-0.15220388682955227;-0.40599897147057507;-0.18749999999999997;1.0
Cc1nn(C)c(C)c1CNc1nc(-c2cnn(C)c2)cc(C(F)(F)F)n1;1.4890142190577036;-0.7541509575618284;-0.16957679805484424;-0.3851146642402806;0.6304507101167385;-0.4038847501309328;-0.6209838283181613;-0.49920768260333204;-0.24710536429033883;-0.030729254193150108;-0.48521256726432327;-0.4361122207682917;-0.15220388682955227;-0.40599897147057507;-0.18749999999999997;0.0
Cc1nn(C)c(C)c1Cc1ccc(NC(=O)CCc2ccc3c(c2)CCO3)cc1;-0.4860311161420673;0.5349609488708442;-0.16957679805484424;1.6258289027286723;0.657005475036045;0.7347265135360589;-0.6209838283181613;-0.49920768260333204;-0.24710536429033883;-0.030729254193150108;-0.48521256726432327;-0.4361122207682917;-0.15220388682955227;-0.40599897147057507;-0.18749999999999997;0.0
Cc1nn(C)c(C)c1NC(=O)/C=C/c1cnn(C)c1C;2.1398387698813783;0.47634687977705875;-0.16957679805484424;-0.3851146642402806;1.7598129849543926;-0.9731903819644286;-0.6209838283181613;-0.49920768260333204;-0.24710536429033883;-0.030729254193150108;-0.48521256726432327;-0.4361122207682917;-0.15220388682955227;-0.40599897147057507;-0.18749999999999997;0.0
Cc1nn(C)c(C)c1NC(=O)C(C)n1nc(C(F)F)c(Br)c1C;3.2203864669817475;1.4600218731445496;-0.16957679805484424;-0.3851146642402806;1.7598129849543926;-1.5424960137979244;-0.6209838283181613;-0.49920768260333204;-0.24710536429033883;32.54228019054596;-0.48521256726432327;-0.4361122207682917;-0.15220388682955227;-0.40599897147057507;-0.18749999999999997;0.0
Cc1nn(C)c(C)c1NC(=O)C1CCCN(S(=O)(=O)c2cnn(C)c2C)C1;1.8199410176475797;0.916752283369343;-0.16957679805484424;-0.3851146642402806;1.7598129849543926;-1.5424960137979244;-0.6209838283181613;-0.49920768260333204;-0.24710536429033883;-0.030729254193150108;2.060952389667274;2.536742788970546;-0.15220388682955227;-0.40599897147057507;-0.18749999999999997;0.0
Cc1nn(C)c(C)c1NC(=O)CCCC(=O)c1ccccc1;1.4438038458946647;0.4527251066457101;-0.16957679805484424;-0.3851146642402806;1.7863677498736987;-0.9731903819644286;-0.6209838283181613;-0.49920768260333204;-0.24710536429033883;-0.030729254193150108;2.060952389667274;1.050315284101127;-0.15220388682955227;-0.40599897147057507;-0.18749999999999997;0.0
Cc1nn(C)c(C)c1NC(=O)CCSc1nc(-c2ccc3c(c2)OCO3)cc(C(F)(F)F)n1;0.6178194572766832;-0.14138416759519168;-0.16957679805484424;1.6258289027286723;0.657005475036045;-0.9731903819644286;-0.6209838283181613;-0.49920768260333204;-0.24710536429033883;-0.030729254193150108;-0.48521256726432327;-0.4361122207682917;-0.15220388682955227;-0.40599897147057507;-0.18749999999999997;0.0
Cc1nn(C)c(C)c1NC(=O)CCn1nc(C(F)(F)F)c(Br)c1C1CC1;1.8977471209796692;2.029595946215535;-0.16957679805484424;-0.3851146642402806;1.7598129849543926;-1.5424960137979244;-0.6209838283181613;-0.49920768260333204;-0.24710536429033883;-0.030729254193150108;-0.48521256726432327;-0.4361122207682917;-0.15220388682955227;-0.40599897147057507;-0.18749999999999997;0.0
Cc1nn(C)c(C)c1NC(=O)Cn1nc(C(F)(F)F)cc1C1CC1;1.630016876394748;0.874319169327069;-0.16957679805484424;-0.3851146642402806;1.7598129849543926;-1.5424960137979244;-0.6209838283181613;-0.49920768260333204;-0.24710536429033883;-0.030729254193150108;-0.48521256726432327;-0.4361122207682917;-0.15220388682955227;-0.40599897147057507;-0.18749999999999997;0.0
Cc1nn(C)c(C)c1NC(=O)Cn1nnc(-c2ccccc2)n1;0.17514815514189058;0.8216278723055812;-0.16957679805484424;-0.3851146642402806;0.657005475036045;-0.9731903819644286;-0.6209838283181613;-0.49920768260333204;-0.24710536429033883;-0.030729254193150108;-0.48521256726432327;-0.4361122207682917;-0.15220388682955227;-0.40599897147057507;-0.18749999999999997;1.0
Cc1nn(C)c(C)c1NC(=O)c1cc2c(C(F)(F)F)nn(C)c2s1;2.0728108534768763;-0.9360624850809387;-0.16957679805484424;-0.3851146642402806;1.7598129849543926;-0.9731903819644286;-0.6209838283181613;-0.49920768260333204;-0.24710536429033883;-0.030729254193150108;-0.48521256726432327;-0.4361122207682917;-0.15220388682955227;-0.40599897147057507;-0.18749999999999997;0.0
Cc1nn(C)c(C)c1NS(=O)(=O)c1ccc2c(c1)NC(=O)CO2;1.2476681414126078;-0.34731211425653;-0.16957679805484424;-0.3851146642402806;1.7693038248817197;-1.5424960137979244;-0.6209838283181613;-0.49920768260333204;-0.24710536429033883;-0.030729254193150108;2.060952389667274;2.536742788970546;6.5701344481423405;-0.40599897147057507;-0.18749999999999997;0.0
Cc1nn(C)c(C)c1S(=O)(=O)N(C)Cc1cnn(C)c1C;3.202938924422254;0.27627746668129805;-0.16957679805484424;-0.3851146642402806;0.6304507101167385;-0.9731903819644286;-0.6209838283181613;-0.49920768260333204;-0.24710536429033883;-0.030729254193150108;-0.48521256726432327;-0.4361122207682917;-0.15220388682955227;-0.40599897147057507;-0.18749999999999997;0.0
Cc1nn(C)c(C)c1S(=O)(=O)N(CC(=O)NC1CCCCC1)c1ccc(C(C)C)cc1;1.5589140903398928;-2.582042348106492;-0.16957679805484424;-0.3851146642402806;1.6711072201952135;-0.9731903819644286;-0.6209838283181613;-0.49920768260333204;-0.24710536429033883;-0.030729254193150108;-0.48521256726432327;-0.4361122207682917;-0.15220388682955227;-0.40599897147057507;-0.18749999999999997;0.0
Cc1nn(C)c(C)c1S(=O)(=O)N(CC(=O)NC1CCCCC1C)c1ccc(C(C)C)cc1;1.8359492056725317;-3.112338394035234;-0.16957679805484424;-0.3851146642402806;1.6711072201952135;-0.9731903819644286;-0.6209838283181613;-0.49920768260333204;-0.24710536429033883;-0.030729254193150108;-0.48521256726432327;-0.4361122207682917;-0.15220388682955227;-0.40599897147057507;-0.18749999999999997;0.0
Cc1nn(C)c(C)c1S(=O)(=O)N(CC(=O)NCC1CCCO1)c1ccc(C(C)C)cc1;1.5589140903398928;-1.6254438009136465;-0.16957679805484424;1.6258289027286723;1.6711072201952135;-0.9731903819644286;-0.6209838283181613;-0.49920768260333204;-0.24710536429033883;-0.030729254193150108;-0.48521256726432327;-0.4361122207682917;-0.15220388682955227;-0.40599897147057507;-0.18749999999999997;0.0
Cc1nn(C)c(C)c1S(=O)(=O)N(CC(=O)NCCCOC(C)C)c1ccc(C(C)C)cc1;2.696332311061048;-3.2902743151481255;-0.16957679805484424;-0.3851146642402806;1.6711072201952135;-0.9731903819644286;-0.6209838283181613;-0.49920768260333204;-0.24710536429033883;-0.030729254193150108;2.060952389667274;1.050315284101127;-0.15220388682955227;-0.40599897147057507;-0.18749999999999997;0.0
Cc1nn(C)c(C)c1S(=O)(=O)N(CC(=O)NCc1cccnc1)c1ccc(C(C)C)cc1;1.503853722860928;-2.302733642556392;-0.16957679805484424;-0.3851146642402806;2.8450927591661896;-0.4038847501309328;-0.6209838283181613;-0.49920768260333204;-0.24710536429033883;-0.030729254193150108;-0.48521256726432327;-0.4361122207682917;-0.15220388682955227;-0.40599897147057507;-0.18749999999999997;0.0
Cc1nn(C)c(C)c1S(=O)(=O)N(CC(=O)Nc1ccc(C(C)C)cc1)c1ccc(C(C)C)cc1;2.0285704321623013;-2.075221602433604;-0.16957679805484424;-0.3851146642402806;1.6711072201952135;-0.4038847501309328;-0.6209838283181613;-0.49920768260333204;-0.24710536429033883;-0.030729254193150108;-0.48521256726432327;-0.4361122207682917;-0.15220388682955227;-0.40599897147057507;-0.18749999999999997;0.0
Cc1nn(C)c(C)c1S(=O)(=O)N(CC(=O)Nc1ccc(Cl)cc1)c1ccc(C(C)C)cc1;1.8359492056725244;-2.403551801708661;-0.16957679805484424;-0.3851146642402806;1.6711072201952135;-0.9731903819644286;-0.6209838283181613;-0.49920768260333204;-0.24710536429033883;-0.030729254193150108;-0.48521256726432327;-0.4361122207682917;-0.15220388682955227;-0.40599897147057507;-0.18749999999999997;0.0
Cc1nn(C)c(C)c1S(=O)(=O)N(CC(=O)Nc1ccc2c(c1)OCCO2)c1ccc(C(C)C)cc1;0.8745446343465;-1.9561738604150547;-0.16957679805484424;-0.3851146642402806;1.6711072201952135;-0.9731903819644286;-0.6209838283181613;-0.49920768260333204;-0.24710536429033883;-0.030729254193150108;2.060952389667274;1.050315284101127;-0.15220388682955227;-0.40599897147057507;-0.18749999999999997;0.0
Cc1nn(C)c(C)c1S(=O)(=O)N(CC(=O)Nc1cccc(F)c1)c1ccc(C(C)C)cc1;1.8359492056725244;-1.9120439882920925;-0.16957679805484424;-0.3851146642402806;1.6711072201952135;-0.9731903819644286;-0.6209838283181613;-0.49920768260333204;-0.24710536429033883;-0.030729254193150108;-0.48521256726432327;-0.4361122207682917;-0.15220388682955227;2.463060426921489;-0.18749999999999997;0.0
Cc1nn(C)c(C)c1S(=O)(=O)N(CC(=O)Nc1cccnc1)c1ccc(C(C)C)cc1;1.5589140903398928;-1.6732358111781744;-0.16957679805484424;-0.3851146642402806;2.8450927591661896;-0.9731903819644286;-0.6209838283181613;-0.49920768260333204;-0.24710536429033883;-0.030729254193150108;-0.48521256726432327;-0.4361122207682917;-0.15220388682955227;-0.40599897147057507;-0.18749999999999997;0.0
Cc1nn(C)c(C)c1S(=O)(=O)N1CC(Oc2ccc(-c3noc(C4CC4)n3)cc2)C1;-0.5720739908437572;1.0161235761811356;-0.16957679805484424;-0.3851146642402806;-0.472356799801609;-0.9731903819644286;-0.6209838283181613;-0.49920768260333204;-0.24710536429033883;-0.030729254193150108;-0.48521256726432327;-0.4361122207682917;-0.15220388682955227;-0.40599897147057507;-0.18749999999999997;1.0
Cc1nn(C)c(C)c1S(=O)(=O)N1CCC(Cc2nncn2C)CC1;1.1872228993126195;2.412358811993223;-0.16957679805484424;-0.3851146642402806;-0.472356799801609;-1.5424960137979244;-0.6209838283181613;-0.49920768260333204;-0.24710536429033883;-0.030729254193150108;-0.48521256726432327;-0.4361122207682917;-0.15220388682955227;-0.40599897147057507;-0.18749999999999997;1.0
Cc1nn(C)c(C)c1S(=O)(=O)N1CCC(Cc2nncn2Cc2ccccc2)CC1;-0.008567193428380367;1.9865646895318243;-0.16957679805484424;-0.3851146642402806;-0.472356799801609;-0.9731903819644286;-0.6209838283181613;-0.49920768260333204;-0.24710536429033883;-0.030729254193150108;-0.48521256726432327;-0.4361122207682917;-0.15220388682955227;-0.40599897147057507;-0.18749999999999997;1.0
Cc1nn(C)c(C)c1S(=O)(=O)N1CCC2(CC1)c1[nH]c3ccccc3c1CCN2C;-0.1040438497018971;2.0545560242640155;-0.16957679805484424;-0.3851146642402806;0.6818261771323245;-0.4038847501309328;-0.6209838283181613;-0.49920768260333204;-0.24710536429033883;-0.030729254193150108;-0.48521256726432327;-0.4361122207682917;-0.15220388682955227;-0.40599897147057507;-0.18749999999999997;1.0
Cc1nn(C)c(C)c1S(=O)(=O)N1CCCC(Cc2ncc(C)n2C(C)C)C1;1.8199410176475797;1.0881230520232679;-0.16957679805484424;-0.3851146642402806;-0.472356799801609;-1.5424960137979244;-0.6209838283181613;-0.49920768260333204;-0.24710536429033883;-0.030729254193150108;-0.48521256726432327;-0.4361122207682917;-0.15220388682955227;-0.40599897147057507;-0.18749999999999997;0.0
Cc1nn(C)c(C)c1S(=O)(=O)N1CCN(C(=O)C(NS(=O)(=O)c2ccccc2)C(C)C)CC1;2.199644277175439;3.9133132020027337;-0.16957679805484424;-0.3851146642402806;0.657005475036045;-1.5424960137979244;-0.6209838283181613;-0.49920768260333204;-0.24710536429033883;-0.030729254193150108;-0.48521256726432327;-0.4361122207682917;6.5701344481423405;-0.40599897147057507;-0.18749999999999997;0.0
Cc1nn(C)c(C)c1S(=O)(=O)N1CCN(C(=O)C2(c3ccccc3)CC2)CC1;0.5067829917635008;1.2264671213183427;-0.16957679805484424;-0.3851146642402806;0.657005475036045;-0.9731903819644286;-0.6209838283181613;-0.49920768260333204;-0.24710536429033883;-0.030729254193150108;-0.48521256726432327;-0.4361122207682917;6.5701344481423405;-0.40599897147057507;-0.18749999999999997;0.0
Cc1nn(C)c(C)c1S(=O)(=O)N1CCN(C(=O)Cc2c[nH]c3ccccc23)CC1;0.36458818331402776;2.0627321708193755;-0.16957679805484424;-0.3851146642402806;0.657005475036045;-0.4038847501309328;-0.6209838283181613;-0.49920768260333204;-0.24710536429033883;-0.030729254193150108;-0.48521256726432327;-0.4361122207682917;6.5701344481423405;-0.40599897147057507;-0.18749999999999997;1.0
Cc1nn(C)c(C)c1S(=O)(=O)N1CCN(C(=O)c2cc3cc(Cl)ccc3[nH]2)CC1;0.7310383712440658;1.7675797452467168;-0.16957679805484424;-0.3851146642402806;0.657005475036045;-0.9731903819644286;-0.6209838283181613;-0.49920768260333204;-0.24710536429033883;-0.030729254193150108;-0.48521256726432327;-0.4361122207682917;6.5701344481423405;-0.40599897147057507;-0.18749999999999997;0.0
Cc1nn(C)c(C)c1S(=O)(=O)N1CCN(C(=O)c2cc3ccccc3[nH]2)CC1;0.384859820896209;1.064520725658009;-0.16957679805484424;-0.3851146642402806;0.657005475036045;-0.9731903819644286;-0.6209838283181613;-0.49920768260333204;-0.24710536429033883;-0.030729254193150108;-0.48521256726432327;-0.4361122207682917;6.5701344481423405;-0.40599897147057507;-0.18749999999999997;0.0
Cc1nn(C)c(C)c1S(=O)(=O)N1CCN(C(=O)c2ccc(Cl)cc2Cl)CC1;1.8199410176475725;3.2226191727811804;4.3242083503985285;-0.3851146642402806;0.657005475036045;-0.9731903819644286;-0.6209838283181613;-0.49920768260333204;4.046856703705712;-0.030729254193150108;-0.48521256726432327;-0.4361122207682917;6.5701344481423405;-0.40599897147057507;5.333333333333333;0.0
Cc1nn(C)c(C)c1S(=O)(=O)N1CCN(C(=O)c2ccc(NC(=O)c3ccco3)cc2)CC1;0.6178194572766688;2.177955295875852;-0.16957679805484424;-0.3851146642402806;1.7863677498736987;-0.9731903819644286;-0.6209838283181613;-0.49920768260333204;-0.24710536429033883;-0.030729254193150108;-0.48521256726432327;-0.4361122207682917;6.5701344481423405;-0.40599897147057507;-0.18749999999999997;0.0
Cc1nn(C)c(C)c1S(=O)(=O)N1CCN(C(=O)c2cccc(NC(=O)c3ccco3)c2)CC1;0.617819457276676;2.1820789717572575;-0.16957679805484424;-0.3851146642402806;1.7863677498736987;-0.9731903819644286;-0.6209838283181613;-0.49920768260333204;-0.24710536429033883;-0.030729254193150108;-0.48521256726432327;-0.4361122207682917;6.5701344481423405;-0.40599897147057507;-0.18749999999999997;0.0
Cc1nn(C)c(C)c1S(=O)(=O)N1CCN(C(=O)c2ccccc2C(F)(F)F)CC1;2.164595736991943;3.597480854884057;-0.16957679805484424;-0.3851146642402806;0.657005475036045;-0.4038847501309328;-0.6209838283181613;-0.49920768260333204;-0.24710536429033883;-0.030729254193150108;-0.48521256726432327;-0.4361122207682917;6.5701344481423405;-0.40599897147057507;-0.18749999999999997;0.0
Cc1nn(C)c(C)c1S(=O)(=O)N1CCN(C(=O)c2ccccc2Cl)CC1;1.4890142190577036;3.3838410693344216;-0.16957679805484424;-0.3851146642402806;0.657005475036045;-0.9731903819644286;-0.6209838283181613;-0.49920768260333204;-0.24710536429033883;-0.030729254193150108;-0.48521256726432327;-0.4361122207682917;6.5701344481423405;-0.40599897147057507;-0.18749999999999997;0.0
Cc1nn(C)c(C)c1S(=O)(=O)N1CCN(C(=O)c2ccco2)CC1;1.1872228993126195;2.634642196933556;-0.16957679805484424;-0.3851146642402806;0.657005475036045;-1.5424960137979244;-0.6209838283181613;-0.49920768260333204;-0.24710536429033883;-0.030729254193150108;-0.48521256726432327;-0.4361122207682917;6.5701344481423405;-0.40599897147057507;-0.18749999999999997;0.0
Cc1nn(C)c(C)c1S(=O)(=O)N1CCN(C(=O)c2cccs2)CC1;1.1872228993126195;2.97631373581158;-0.16957679805484424;-0.3851146642402806;0.657005475036045;-1.5424960137979244;-0.6209838283181613;-0.49920768260333204;-0.24710536429033883;-0.030729254193150108;-0.48521256726432327;-0.4361122207682917;6.5701344481423405;-0.40599897147057507;-0.18749999999999997;0.0
Cc1nn(C)c(C)c1S(=O)(=O)N1CCN(C(=O)c2ccsc2)CC1;1.1872228993126195;3.1417987410808035;-0.16957679805484424;-0.3851146642402806;0.657005475036045;-0.9731903819644286;-0.6209838283181613;-0.49920768260333204;-0.24710536429033883;-0.030729254193150108;-0.48521256726432327;-0.4361122207682917;6.5701344481423405;-0.40599897147057507;-0.18749999999999997;0.0
Cc1nn(C)c(C)c1S(=O)(=O)N1CCN(CCc2cn(C)c3ncccc23)CC1;0.36458818331402776;1.3810095122162114;-0.16957679805484424;-0.3851146642402806;-0.472356799801609;-0.4038847501309328;-0.6209838283181613;-0.49920768260333204;-0.24710536429033883;-0.030729254193150108;-0.48521256726432327;-0.4361122207682917;-0.15220388682955227;-0.40599897147057507;-0.18749999999999997;1.0
Cc1nn(C)c(C)c1S(=O)(=O)N1C[C@@H](F)C[C@H]1Cn1cc(C(=O)NC(C)C)nn1;2.046876813395924;0.6673459158746485;-0.16957679805484424;1.6258289027286723;1.7598129849543926;-1.5424960137979244;1.6103478937742153;0.364022567901614;-0.24710536429033883;-0.030729254193150108;-0.48521256726432327;-0.4361122207682917;-0.15220388682955227;-0.40599897147057507;-0.18749999999999997;0.0
Cc1nn(C)c(C)c1S(=O)(=O)NCCCn1cc(Cl)c([N+](=O)[O-])n1;2.777194350246103;0.9467538614324132;-0.16957679805484424;-0.3851146642402806;-0.472356799801609;-1.5424960137979244;-0.6209838283181613;-0.49920768260333204;-0.24710536429033883;-0.030729254193150108;-0.48521256726432327;-0.4361122207682917;-0.15220388682955227;-0.40599897147057507;-0.18749999999999997;1.0
Cc1nn(C)c(C)c1S(=O)(=O)NCc1ccco1;1.9994224483285956;-0.034130522132013286;-0.16957679805484424;-0.3851146642402806;-0.472356799801609;-1.5424960137979244;-0.6209838283181613;-0.49920768260333204;-0.24710536429033883;-0.030729254193150108;-0.48521256726432327;-0.4361122207682917;-0.15220388682955227;-0.40599897147057507;-0.18749999999999997;1.0
Cc1nn(C)c(F)c1/C=N/NC(=O)C1CCCN(Cc2ccc(F)cc2)C1;0.5127182348995003;-0.7793886950538936;-0.16957679805484424;-0.3851146642402806;0.708380942051631;-0.4038847501309328;1.6103478937742153;0.364022567901614;-0.24710536429033883;-0.030729254193150108;-0.48521256726432327;-0.4361122207682917;-0.15220388682955227;-0.40599897147057507;-0.18749999999999997;0.0
Cc1nn(C)c(F)c1/C=N/NC(=O)COc1ccc(-c2ccccc2)cc1;0.11912358860427424;0.2479175873498429;-0.16957679805484424;-0.3851146642402806;-0.4458020348823024;0.16542088170256303;-0.6209838283181613;-0.49920768260333204;-0.24710536429033883;-0.030729254193150108;-0.48521256726432327;-0.4361122207682917;-0.15220388682955227;-0.40599897147057507;-0.18749999999999997;1.0
Cc1nn(C)c(F)c1/C=N/NC(=O)COc1ccc([N+](=O)[O-])cc1;1.7493626967366709;0.33914048889591963;-0.16957679805484424;-0.3851146642402806;1.9366447060446763;-0.9731903819644286;-0.6209838283181613;-0.49920768260333204;-0.24710536429033883;-0.030729254193150108;2.060952389667274;2.536742788970546;-0.15220388682955227;-0.40599897147057507;-0.18749999999999997;0.0
Cc1nn(C)c(F)c1/C=N/NC(=O)Cn1cc(Cl)cn1;1.6084859973828285;0.2941272306637928;4.3242083503985285;-0.3851146642402806;0.657005475036045;-0.9731903819644286;-0.6209838283181613;-0.49920768260333204;4.046856703705712;-0.030729254193150108;-0.48521256726432327;-0.4361122207682917;-0.15220388682955227;-0.40599897147057507;5.333333333333333;0.0
Cc1nn(C)c(F)c1/C=N/NC(=O)Cn1cc([N+](=O)[O-])cn1;1.926851820893351;0.17260893154309503;-0.16957679805484424;-0.3851146642402806;3.0394522159630246;-0.9731903819644286;-0.6209838283181613;-0.49920768260333204;-0.24710536429033883;-0.030729254193150108;-0.48521256726432327;-0.4361122207682917;-0.15220388682955227;-0.40599897147057507;-0.18749999999999997;0.0
Cc1nn(C)c(F)c1/C=N/NC(=O)Cn1nc(C(F)(F)F)c(Cl)c1C;3.083068087475633;0.4977952871179623;4.3242083503985285;-0.3851146642402806;0.657005475036045;-0.9731903819644286;-0.6209838283181613;-0.49920768260333204;4.046856703705712;-0.030729254193150108;-0.48521256726432327;-0.4361122207682917;-0.15220388682955227;-0.40599897147057507;5.333333333333333;0.0
Cc1nn(C)c(F)c1/C=N/NC(=O)Cn1nc(C(F)F)cc1C1CC1;0.9950593252092628;0.7803492966825963;-0.16957679805484424;-0.3851146642402806;0.657005475036045;-0.9731903819644286;-0.6209838283181613;-0.49920768260333204;-0.24710536429033883;-0.030729254193150108;-0.48521256726432327;-0.4361122207682917;-0.15220388682955227;-0.40599897147057507;-0.18749999999999997;0.0
Cc1nn(C)c(F)c1/C=N/NC(=O)c1c(Cl)c(C(F)(F)F)nn1C;3.2199883273282457;0.37654323034042686;-0.16957679805484424;-0.3851146642402806;0.657005475036045;-0.9731903819644286;1.6103478937742153;2.090483068911506;-0.24710536429033883;-0.030729254193150108;-0.48521256726432327;-0.4361122207682917;-0.15220388682955227;2.463060426921489;-0.18749999999999997;0.0
Cc1nn(C)c(F)c1/C=N/NC(=O)c1cc[nH]n1;1.2193722130921765;-0.0342490451230815;-0.16957679805484424;-0.3851146642402806;0.7552020797225507;-0.9731903819644286;-0.6209838283181613;-0.49920768260333204;-0.24710536429033883;-0.030729254193150108;-0.48521256726432327;-0.4361122207682917;-0.15220388682955227;-0.40599897147057507;-0.18749999999999997;0.0
Cc1nn(C)c(F)c1/C=N/NC(=O)c1ccc(COc2ccc(F)cc2)o1;0.5127182348995003;-0.33961086209358043;-0.16957679805484424;-0.3851146642402806;-0.4458020348823024;-0.9731903819644286;-0.6209838283181613;-0.49920768260333204;-0.24710536429033883;-0.030729254193150108;2.060952389667274;1.050315284101127;-0.15220388682955227;-0.40599897147057507;-0.18749999999999997;1.0
Cc1nn(C)c(F)c1/C=N/NC(=O)c1ccc(OC2CCCC2)cc1;0.1448948892115773;-0.09556442393370779;-0.16957679805484424;-0.3851146642402806;-0.4458020348823024;-0.4038847501309328;-0.6209838283181613;-0.49920768260333204;-0.24710536429033883;-0.030729254193150108;2.060952389667274;1.050315284101127;-0.15220388682955227;-0.40599897147057507;-0.18749999999999997;1.0
Cc1nn(C)c(F)c1/C=N/NC(=O)c1ccccc1-n1cccc1;0.15939124580318756;0.35520894651453644;-0.16957679805484424;-0.3851146642402806;-0.4458020348823024;-0.4038847501309328;-0.6209838283181613;-0.49920768260333204;-0.24710536429033883;-0.030729254193150108;-0.48521256726432327;-0.4361122207682917;-0.15220388682955227;-0.40599897147057507;-0.18749999999999997;0.0
Cc1nn(C)c(F)c1/C=N/NC(=O)c1ccccc1Br;1.6084859973828285;0.5491154317204947;-0.16957679805484424;-0.3851146642402806;-0.4458020348823024;-0.4038847501309328;-0.6209838283181613;-0.49920768260333204;-0.24710536429033883;-0.030729254193150108;-0.48521256726432327;-0.4361122207682917;-0.15220388682955227;-0.40599897147057507;-0.18749999999999997;0.0
Cc1nn(C)c(F)c1/C=N/NC(=O)c1ccccc1Cl;1.6084859973828285;0.32792828267962504;-0.16957679805484424;-0.3851146642402806;-0.4458020348823024;-0.4038847501309328;-0.6209838283181613;-0.49920768260333204;-0.24710536429033883;-0.030729254193150108;-0.48521256726432327;-0.4361122207682917;-0.15220388682955227;-0.40599897147057507;-0.18749999999999997;0.0
Cc1nn(C)c(F)c1/C=N/NC(=O)c1n[nH]cc1I;1.7038282956128101;1.304607983675767;-0.16957679805484424;-0.3851146642402806;0.7552020797225507;-0.9731903819644286;-0.6209838283181613;-0.49920768260333204;-0.24710536429033883;-0.030729254193150108;-0.48521256726432327;-0.4361122207682917;-0.15220388682955227;-0.40599897147057507;-0.18749999999999997;0.0
Cc1nn(C)c(F)c1/C=N/Nc1nc(-c2ccco2)cc(C(F)F)n1;0.5699771072104345;1.2143614214484155;-0.16957679805484424;-0.3851146642402806;-1.5751643097199564;-0.9731903819644286;1.6103478937742153;1.22725281840656;-0.24710536429033883;-0.030729254193150108;-0.48521256726432327;-0.4361122207682917;-0.15220388682955227;2.463060426921489;-0.18749999999999997;0.0
Cc1nn(C)c(F)c1/C=N/Nc1nc(C(F)F)cc(C2CC2)n1;0.6371940442710681;0.27456708694908916;-0.16957679805484424;-0.3851146642402806;-1.5751643097199564;-0.9731903819644286;1.6103478937742153;1.22725281840656;-0.24710536429033883;-0.030729254193150108;-0.48521256726432327;-0.4361122207682917;-0.15220388682955227;-0.40599897147057507;-0.18749999999999997;0.0
Cc1nn(C)c2c(=O)n(CC(=O)NCC3CCCO3)ccc12;0.19233751078410677;0.7786773949777808;-0.16957679805484424;1.6258289027286723;1.7863677498736987;-0.9731903819644286;-0.6209838283181613;-0.49920768260333204;-0.24710536429033883;-0.030729254193150108;-0.48521256726432327;-0.4361122207682917;-0.15220388682955227;-0.40599897147057507;-0.18749999999999997;0.0
Cc1nn(C)c2c(N3CCCC(C(=O)NCc4ccc(C(F)(F)F)cc4)C3)nccc12;0.32796845090750776;-0.09048191941391451;-0.16957679805484424;-0.3851146642402806;0.657005475036045;0.16542088170256303;-0.6209838283181613;-0.49920768260333204;-0.24710536429033883;-0.030729254193150108;-0.48521256726432327;-0.4361122207682917;-0.15220388682955227;-0.40599897147057507;-0.18749999999999997;0.0
Cc1nn(C)c2c1C(c1ccc(C(F)(F)F)cc1)C(C#N)=C(N)O2;1.6300168763947624;-0.4408482620632117;-0.16957679805484424;-0.3851146642402806;-1.5751643097199564;0.16542088170256303;-0.6209838283181613;-0.49920768260333204;-0.24710536429033883;-0.030729254193150108;-0.48521256726432327;-0.4361122207682917;-0.15220388682955227;-0.40599897147057507;-0.18749999999999997;1.0
Cc1nn(C)c2nc(-c3ccc(OC(F)F)cc3)cc(C(=O)O)c12;1.0449791999674445;-0.5378338873904259;-0.16957679805484424;-0.3851146642402806;-0.472356799801609;0.16542088170256303;-0.6209838283181613;-0.49920768260333204;-0.24710536429033883;-0.030729254193150108;-0.48521256726432327;-0.4361122207682917;-0.15220388682955227;-0.40599897147057507;-0.18749999999999997;1.0
Cc1nn(C)c2nc(-c3cccc([N+](=O)[O-])c3)cc(C(=O)NN)c12;1.0449791999674445;-0.6218788288333672;-0.16957679805484424;-0.3851146642402806;4.317507611047299;0.16542088170256303;-0.6209838283181613;-0.49920768260333204;-0.24710536429033883;-0.030729254193150108;-0.48521256726432327;-0.4361122207682917;-0.15220388682955227;-0.40599897147057507;-0.18749999999999997;0.0
Cc1nn(C)c2nc(-c3ccccc3)cc(C(=O)NCC(C)C)c12;0.602185222885316;-1.5370041722749146;-0.16957679805484424;-0.3851146642402806;0.657005475036045;0.16542088170256303;-0.6209838283181613;-0.49920768260333204;-0.24710536429033883;-0.030729254193150108;-0.48521256726432327;-0.4361122207682917;-0.15220388682955227;-0.40599897147057507;-0.18749999999999997;0.0
Cc1nn(C)c2nc(-c3ccccc3)cc(C(=O)O)c12;0.2318730287612026;-0.33430329862297625;-0.16957679805484424;-0.3851146642402806;-0.472356799801609;0.16542088170256303;-0.6209838283181613;-0.49920768260333204;-0.24710536429033883;-0.030729254193150108;-0.48521256726432327;-0.4361122207682917;-0.15220388682955227;-0.40599897147057507;-0.18749999999999997;1.0
Cc1nn(C)c2nc(-c3ccco3)cc(C(=O)N3CCC(C(N)=O)CC3)c12;-0.11340042889535644;-1.067027720470885;-0.16957679805484424;-0.3851146642402806;1.7863677498736987;-0.4038847501309328;-0.6209838283181613;-0.49920768260333204;-0.24710536429033883;-0.030729254193150108;2.060952389667274;1.050315284101127;-0.15220388682955227;-0.40599897147057507;-0.18749999999999997;0.0
Cc1nn(C)c2nc(-c3ccco3)cc(C(=O)N3CCOCC3)c12;-0.9877862280481674;-1.182038403694451;-0.16957679805484424;-0.3851146642402806;0.657005475036045;-0.4038847501309328;-0.6209838283181613;-0.49920768260333204;-0.24710536429033883;-0.030729254193150108;2.060952389667274;1.050315284101127;-0.15220388682955227;-0.40599897147057507;-0.18749999999999997;1.0
Cc1nn(C)c2nc(-c3ccco3)cc(C(=O)Nc3ccc(F)c(Cl)c3)c12;-0.11340042889534921;-0.460052174758905;4.3242083503985285;-0.3851146642402806;0.657005475036045;-0.4038847501309328;-0.6209838283181613;-0.49920768260333204;-0.24710536429033883;-0.030729254193150108;2.060952389667274;1.050315284101127;-0.15220388682955227;-0.40599897147057507;5.333333333333333;1.0
Cc1nn(C)c2nc(-c3ccco3)cc(C(=O)Nc3nc4ccccc4n3C)c12;-1.0689691824338206;-0.10068247216571245;-0.16957679805484424;-0.3851146642402806;1.9093850566564836;-0.4038847501309328;-0.6209838283181613;-0.49920768260333204;-0.24710536429033883;-0.030729254193150108;2.060952389667274;1.050315284101127;-0.15220388682955227;-0.40599897147057507;-0.18749999999999997;1.0
Cc1nn(C)c2nc(-c3cccs3)cc(C(=O)N3CCCC3)c12;-1.0219066001812638;-2.446011244794081;-0.16957679805484424;1.6258289027286723;0.657005475036045;-0.4038847501309328;-0.6209838283181613;-0.49920768260333204;-0.24710536429033883;-0.030729254193150108;-0.48521256726432327;-0.4361122207682917;6.5701344481423405;-0.40599897147057507;-0.18749999999999997;1.0
Cc1nn(C)c2nc(-c3cccs3)cc(C(=O)NC(C)Cn3cccn3)c12;-0.5069950751905897;-1.4766494942325767;-0.16957679805484424;-0.3851146642402806;1.7598129849543926;-0.4038847501309328;-0.6209838283181613;-0.49920768260333204;-0.24710536429033883;-0.030729254193150108;-0.48521256726432327;-0.4361122207682917;6.5701344481423405;-0.40599897147057507;-0.18749999999999997;0.0
Cc1nn(C)c2nc(-c3cccs3)cc(C(=O)NC(C)c3ccn(C)n3)c12;-0.11340042889535644;-1.4460875646729572;-0.16957679805484424;-0.3851146642402806;1.7598129849543926;-0.4038847501309328;-0.6209838283181613;-0.49920768260333204;-0.24710536429033883;-0.030729254193150108;-0.48521256726432327;-0.4361122207682917;6.5701344481423405;-0.40599897147057507;-0.18749999999999997;0.0
Cc1nn(C)c2nc(-c3cccs3)cc(C(=O)NCCn3nc(C(F)(F)F)cc3C)c12;0.6707766912291813;-1.1990204828757363;-0.16957679805484424;-0.3851146642402806;1.7598129849543926;-0.4038847501309328;-0.6209838283181613;-0.49920768260333204;-0.24710536429033883;-0.030729254193150108;-0.48521256726432327;-0.4361122207682917;6.5701344481423405;-0.40599897147057507;-0.18749999999999997;0.0
Cc1nn(C)c2nc(-c3cccs3)cc(C(=O)NCc3ccccc3-n3cccn3)c12;-1.355909583178265;-1.0423695659509546;-0.16957679805484424;-0.3851146642402806;0.657005475036045;0.16542088170256303;-0.6209838283181613;-0.49920768260333204;-0.24710536429033883;-0.030729254193150108;-0.48521256726432327;-0.4361122207682917;6.5701344481423405;-0.40599897147057507;-0.18749999999999997;1.0
